      400.000     0.000000
      401.000     0.000000
      402.000     0.000000
      403.000     0.000000
      404.000     0.000000
      405.000     0.000000
      406.000     0.000000
      407.000     0.000000
      408.000     0.000000
      409.000     0.000000
      410.000     0.000000
      411.000     0.000000
      412.000     0.000000
      413.000     0.000000
      414.000     0.000000
      415.000     0.000000
      416.000     0.000000
      417.000     0.000000
      418.000     0.000000
      419.000     0.000000
      420.000     0.000000
      421.000     0.000000
      422.000     0.000000
      423.000     0.000000
      424.000     0.000000
      425.000     0.000000
      426.000     0.000000
      427.000     0.000000
      428.000     0.000000
      429.000     0.000000
      430.000     0.000000
      431.000     0.000000
      432.000     0.000000
      433.000     0.000000
      434.000     0.000000
      435.000     0.000000
      436.000     0.000000
      437.000     0.000000
      438.000     0.000000
      439.000     0.000000
      440.000  0.000154000
      441.000     0.000000
      442.000     0.000000
      443.000     0.000000
      444.000     0.000000
      445.000   0.00160400
      446.000   0.00144600
      447.000   0.00312500
      448.000   0.00336100
      449.000   0.00332700
      450.000   0.00466600
      451.000   0.00587500
      452.000   0.00576600
      453.000   0.00583900
      454.000   0.00573000
      455.000   0.00569400
      456.000   0.00898800
      457.000    0.0103880
      458.000    0.0118940
      459.000    0.0112900
      460.000    0.0107450
      461.000    0.0110140
      462.000   0.00921600
      463.000    0.0111010
      464.000    0.0122910
      465.000    0.0125530
      466.000    0.0137830
      467.000    0.0124170
      468.000    0.0107960
      469.000    0.0136900
      470.000    0.0123710
      471.000    0.0136900
      472.000    0.0137360
      473.000    0.0138290
      474.000    0.0149630
      475.000    0.0150100
      476.000    0.0164860
      477.000    0.0163880
      478.000    0.0163390
      479.000    0.0194540
      480.000    0.0209370
      481.000    0.0209370
      482.000    0.0206680
      483.000    0.0232570
      484.000    0.0233120
      485.000    0.0229270
      486.000    0.0241340
      487.000    0.0269300
      488.000    0.0268720
      489.000    0.0255090
      490.000    0.0280730
      491.000    0.0264300
      492.000    0.0279550
      493.000    0.0296330
      494.000    0.0304580
      495.000    0.0316030
      496.000    0.0311670
      497.000    0.0324070
      498.000    0.0338200
      499.000    0.0334230
      500.000    0.0334230
      501.000    0.0334860
      502.000    0.0346870
      503.000    0.0341830
      504.000    0.0342460
      505.000    0.0353140
      506.000    0.0374150
      507.000    0.0369560
      508.000    0.0396029
      509.000    0.0408610
      510.000    0.0440560
      511.000    0.0428640
      512.000    0.0438430
      513.000    0.0434900
      514.000    0.0435610
      515.000    0.0454620
      516.000    0.0465800
      517.000    0.0467980
      518.000    0.0473670
      519.000    0.0486280
      520.000    0.0505160
      521.000    0.0501420
      522.000    0.0508520
      523.000    0.0507780
      524.000    0.0544060
      525.000    0.0555800
      526.000    0.0570670
      527.000    0.0555800
      528.000    0.0555030
      529.000    0.0567530
      530.000    0.0569100
      531.000    0.0583200
      532.000    0.0584800
      533.000    0.0603810
      534.000    0.0626550
      535.000    0.0621620
      536.000    0.0620810
      537.000    0.0636650
      538.000    0.0634990
      539.000    0.0650050
      540.000    0.0690360
      541.000    0.0686050
      542.000    0.0699480
      543.000    0.0701220
      544.000    0.0697740
      545.000    0.0705060
      546.000    0.0704200
      547.000    0.0719320
      548.000    0.0731840
      549.000    0.0752380
      550.000    0.0755880
      551.000    0.0749650
      552.000    0.0768970
      553.000    0.0768070
      554.000    0.0805880
      555.000    0.0818190
      556.000    0.0821890
      557.000    0.0835170
      558.000    0.0825620
      559.000    0.0845260
      560.000    0.0852140
      561.000    0.0858970
      562.000    0.0899460
      563.000    0.0864770
      564.000    0.0907980
      565.000    0.0933130
      566.000    0.0915090
      567.000    0.0960380
      568.000    0.0970850
      569.000    0.0959220
      570.000    0.0957170
      571.000    0.0963510
      572.000    0.0968660
      573.000    0.0972690
      574.000    0.0986370
      575.000     0.102546
      576.000     0.102991
      577.000     0.102050
      578.000     0.105329
      579.000     0.104837
      580.000     0.107847
      581.000     0.103364
      582.000     0.104211
      583.000     0.104877
      584.000     0.104433
      585.000     0.109623
      586.000     0.112446
      587.000     0.111619
      588.000     0.110736
      589.000     0.110389
      590.000     0.110159
      591.000     0.110620
      592.000     0.111800
      593.000     0.112396
      594.000     0.114507
      595.000     0.115212
      596.000     0.115567
      597.000     0.118062
      598.000     0.115323
      599.000     0.115665
      600.000     0.117843
      601.000     0.119416
      602.000     0.117812
      603.000     0.118600
      604.000     0.118018
      605.000     0.120665
      606.000     0.123038
      607.000     0.123038
      608.000     0.120048
      609.000     0.121532
      610.000     0.121532
      611.000     0.127768
      612.000     0.124992
      613.000     0.124992
      614.000     0.126247
      615.000     0.125234
      616.000     0.128611
      617.000     0.131796
      618.000     0.130147
      619.000     0.131907
      620.000     0.131907
      621.000     0.134031
      622.000     0.132396
      623.000     0.132396
      624.000     0.133524
      625.000     0.136537
      626.000     0.133651
      627.000     0.137580
      628.000     0.137843
      629.000     0.134030
      630.000     0.135287
      631.000     0.139305
      632.000     0.136287
      633.000     0.143470
      634.000     0.143605
      635.000     0.144998
      636.000     0.145542
      637.000     0.144156
      638.000     0.143755
      639.000     0.144805
      640.000     0.143745
      641.000     0.144595
      642.000     0.145258
      643.000     0.146909
      644.000     0.146774
      645.000     0.146106
      646.000     0.147621
      647.000     0.147621
      648.000     0.151151
      649.000     0.148295
      650.000     0.152681
      651.000     0.152188
      652.000     0.153440
      653.000     0.153440
      654.000     0.154972
      655.000     0.155248
      656.000     0.154831
      657.000     0.157324
      658.000     0.156464
      659.000     0.158592
      660.000     0.160274
      661.000     0.160847
      662.000     0.161386
      663.000     0.159105
      664.000     0.160498
      665.000     0.162310
      666.000     0.163650
      667.000     0.164081
      668.000     0.164747
      669.000     0.164977
      670.000     0.165179
      671.000     0.167296
      672.000     0.169280
      673.000     0.167955
      674.000     0.170294
      675.000     0.169411
      676.000     0.169852
      677.000     0.169482
      678.000     0.173979
      679.000     0.173678
      680.000     0.173722
      681.000     0.174019
      682.000     0.178667
      683.000     0.179436
      684.000     0.180687
      685.000     0.178974
      686.000     0.178514
      687.000     0.178534
      688.000     0.179621
      689.000     0.179316
      690.000     0.179468
      691.000     0.181632
      692.000     0.182564
      693.000     0.186150
      694.000     0.186922
      695.000     0.185960
      696.000     0.183510
      697.000     0.186313
      698.000     0.186957
      699.000     0.185953
      700.000     0.188967
      701.000     0.190029
      702.000     0.188699
      703.000     0.190825
      704.000     0.190512
      705.000     0.191572
      706.000     0.192200
      707.000     0.194163
      708.000     0.196605
      709.000     0.197179
      710.000     0.196335
      711.000     0.196808
      712.000     0.198777
      713.000     0.199188
      714.000     0.199027
      715.000     0.199276
      716.000     0.200326
      717.000     0.202586
      718.000     0.203238
      719.000     0.203141
      720.000     0.204780
      721.000     0.203797
      722.000     0.204843
      723.000     0.206053
      724.000     0.207429
      725.000     0.210184
      726.000     0.211901
      727.000     0.213285
      728.000     0.212687
      729.000     0.212183
      730.000     0.211097
      731.000     0.211432
      732.000     0.210683
      733.000     0.214634
      734.000     0.216089
      735.000     0.216179
      736.000     0.216179
      737.000     0.216518
      738.000     0.217387
      739.000     0.218594
      740.000     0.221182
      741.000     0.222911
      742.000     0.223599
      743.000     0.225332
      744.000     0.224633
      745.000     0.223243
      746.000     0.222725
      747.000     0.225647
      748.000     0.225996
      749.000     0.226849
      750.000     0.226674
      751.000     0.228932
      752.000     0.230138
      753.000     0.231165
      754.000     0.232972
      755.000     0.235263
      756.000     0.237189
      757.000     0.236465
      758.000     0.232752
      759.000     0.233949
      760.000     0.233949
      761.000     0.236883
      762.000     0.238740
      763.000     0.238379
      764.000     0.238740
      765.000     0.238559
      766.000     0.239395
      767.000     0.237553
      768.000     0.240590
      769.000     0.243993
      770.000     0.245372
      771.000     0.246198
      772.000     0.245278
      773.000     0.246285
      774.000     0.247392
      775.000     0.246938
      776.000     0.250529
      777.000     0.248135
      778.000     0.249594
      779.000     0.249781
      780.000     0.250975
      781.000     0.252357
      782.000     0.251606
      783.000     0.256945
      784.000     0.259334
      785.000     0.256614
      786.000     0.258758
      787.000     0.256919
      788.000     0.255164
      789.000     0.255602
      790.000     0.258353
      791.000     0.256542
      792.000     0.259111
      793.000     0.263331
      794.000     0.260112
      795.000     0.260915
      796.000     0.258752
      797.000     0.259351
      798.000     0.257486
      799.000     0.257545
      800.000     0.268268
      801.000     0.267900
      802.000     0.267532
      803.000     0.267163
      804.000     0.266795
      805.000     0.268986
      806.000     0.271176
      807.000     0.273367
      808.000     0.275557
      809.000     0.275856
      810.000     0.276156
      811.000     0.276456
      812.000     0.276755
      813.000     0.276959
      814.000     0.277164
      815.000     0.277368
      816.000     0.277572
      817.000     0.278731
      818.000     0.279889
      819.000     0.281048
      820.000     0.282207
      821.000     0.282934
      822.000     0.283660
      823.000     0.284387
      824.000     0.285114
      825.000     0.285917
      826.000     0.286720
      827.000     0.287523
      828.000     0.288326
      829.000     0.287677
      830.000     0.287027
      831.000     0.286377
      832.000     0.285728
      833.000     0.286826
      834.000     0.287924
      835.000     0.289023
      836.000     0.290121
      837.000     0.290374
      838.000     0.290627
      839.000     0.290881
      840.000     0.291134
      841.000     0.292534
      842.000     0.293934
      843.000     0.295333
      844.000     0.296733
      845.000     0.297029
      846.000     0.297326
      847.000     0.297623
      848.000     0.297919
      849.000     0.297851
      850.000     0.297783
      851.000     0.297716
      852.000     0.297648
      853.000     0.297945
      854.000     0.298242
      855.000     0.298539
      856.000     0.298836
      857.000     0.299877
      858.000     0.300919
      859.000     0.301960
      860.000     0.303002
      861.000     0.303142
      862.000     0.303281
      863.000     0.303421
      864.000     0.303561
      865.000     0.304098
      866.000     0.304635
      867.000     0.305173
      868.000     0.305710
      869.000     0.306150
      870.000     0.306590
      871.000     0.307031
      872.000     0.307471
      873.000     0.308798
      874.000     0.310125
      875.000     0.311451
      876.000     0.312778
      877.000     0.313109
      878.000     0.313441
      879.000     0.313772
      880.000     0.314104
      881.000     0.314987
      882.000     0.315870
      883.000     0.316753
      884.000     0.317636
      885.000     0.317567
      886.000     0.317497
      887.000     0.317428
      888.000     0.317359
      889.000     0.318428
      890.000     0.319497
      891.000     0.320565
      892.000     0.321634
      893.000     0.321877
      894.000     0.322120
      895.000     0.322362
      896.000     0.322605
      897.000     0.323828
      898.000     0.325050
      899.000     0.326273
      900.000     0.327495
      901.000     0.327974
      902.000     0.328454
      903.000     0.328934
      904.000     0.329413
      905.000     0.330345
      906.000     0.331277
      907.000     0.332209
      908.000     0.333141
      909.000     0.333115
      910.000     0.333089
      911.000     0.333064
      912.000     0.333038
      913.000     0.333801
      914.000     0.334564
      915.000     0.335327
      916.000     0.336090
      917.000     0.336801
      918.000     0.337512
      919.000     0.338224
      920.000     0.338935
      921.000     0.339342
      922.000     0.339748
      923.000     0.340154
      924.000     0.340561
      925.000     0.341727
      926.000     0.342893
      927.000     0.344060
      928.000     0.345226
      929.000     0.345802
      930.000     0.346378
      931.000     0.346954
      932.000     0.347530
      933.000     0.347482
      934.000     0.347434
      935.000     0.347385
      936.000     0.347337
      937.000     0.348087
      938.000     0.348837
      939.000     0.349588
      940.000     0.350338
      941.000     0.351317
      942.000     0.352296
      943.000     0.353275
      944.000     0.354254
      945.000     0.354434
      946.000     0.354613
      947.000     0.354793
      948.000     0.354972
      949.000     0.355907
      950.000     0.356843
      951.000     0.357778
      952.000     0.358714
      953.000     0.358778
      954.000     0.358841
      955.000     0.358905
      956.000     0.358969
      957.000     0.359726
      958.000     0.360483
      959.000     0.361240
      960.000     0.361997
      961.000     0.362652
      962.000     0.363307
      963.000     0.363961
      964.000     0.364616
      965.000     0.365308
      966.000     0.366001
      967.000     0.366693
      968.000     0.367385
      969.000     0.367746
      970.000     0.368106
      971.000     0.368466
      972.000     0.368827
      973.000     0.369118
      974.000     0.369408
      975.000     0.369699
      976.000     0.369990
      977.000     0.370568
      978.000     0.371147
      979.000     0.371725
      980.000     0.372304
      981.000     0.372502
      982.000     0.372700
      983.000     0.372898
      984.000     0.373096
      985.000     0.373874
      986.000     0.374653
      987.000     0.375431
      988.000     0.376209
      989.000     0.377549
      990.000     0.378888
      991.000     0.380228
      992.000     0.381568
      993.000     0.382147
      994.000     0.382726
      995.000     0.383305
      996.000     0.383884
      997.000     0.383664
      998.000     0.383444
      999.000     0.383223
      1000.00     0.383003
      1001.00     0.384320
      1002.00     0.385636
      1003.00     0.386953
      1004.00     0.388269
      1005.00     0.388041
      1006.00     0.387814
      1007.00     0.387586
      1008.00     0.387358
      1009.00     0.388683
      1010.00     0.390009
      1011.00     0.391334
      1012.00     0.392659
      1013.00     0.392643
      1014.00     0.392627
      1015.00     0.392611
      1016.00     0.392595
      1017.00     0.393276
      1018.00     0.393957
      1019.00     0.394638
      1020.00     0.395319
      1021.00     0.395895
      1022.00     0.396470
      1023.00     0.397046
      1024.00     0.397622
      1025.00     0.398610
      1026.00     0.399598
      1027.00     0.400586
      1028.00     0.401574
      1029.00     0.400585
      1030.00     0.399597
      1031.00     0.398608
      1032.00     0.397619
      1033.00     0.398912
      1034.00     0.400204
      1035.00     0.401497
      1036.00     0.402790
      1037.00     0.404089
      1038.00     0.405389
      1039.00     0.406689
      1040.00     0.407988
      1041.00     0.410068
      1042.00     0.412148
      1043.00     0.414228
      1044.00     0.416308
      1045.00     0.415248
      1046.00     0.414188
      1047.00     0.413128
      1048.00     0.412068
      1049.00     0.410697
      1050.00     0.409326
      1051.00     0.407956
      1052.00     0.406585
      1053.00     0.407357
      1054.00     0.408130
      1055.00     0.408902
      1056.00     0.409674
      1057.00     0.410758
      1058.00     0.411842
      1059.00     0.412925
      1060.00     0.414009
      1061.00     0.415254
      1062.00     0.416499
      1063.00     0.417744
      1064.00     0.418989
      1065.00     0.419564
      1066.00     0.420139
      1067.00     0.420715
      1068.00     0.421290
      1069.00     0.422387
      1070.00     0.423485
      1071.00     0.424582
      1072.00     0.425679
      1073.00     0.423942
      1074.00     0.422205
      1075.00     0.420468
      1076.00     0.418731
      1077.00     0.418949
      1078.00     0.419167
      1079.00     0.419385
      1080.00     0.419603
      1081.00     0.421949
      1082.00     0.424295
      1083.00     0.426642
      1084.00     0.428988
      1085.00     0.428764
      1086.00     0.428540
      1087.00     0.428315
      1088.00     0.428091
      1089.00     0.428404
      1090.00     0.428717
      1091.00     0.429030
      1092.00     0.429343
      1093.00     0.429674
      1094.00     0.430004
      1095.00     0.430335
      1096.00     0.430666
      1097.00     0.431616
      1098.00     0.432567
      1099.00     0.433518
      1100.00     0.434468
      1101.00     0.435220
      1102.00     0.435971
      1103.00     0.436723
      1104.00     0.437475
      1105.00     0.437622
      1106.00     0.437770
      1107.00     0.437917
      1108.00     0.438064
      1109.00     0.437578
      1110.00     0.437093
      1111.00     0.436608
      1112.00     0.436122
      1113.00     0.436845
      1114.00     0.437568
      1115.00     0.438290
      1116.00     0.439013
      1117.00     0.439343
      1118.00     0.439672
      1119.00     0.440002
      1120.00     0.440332
      1121.00     0.441630
      1122.00     0.442929
      1123.00     0.444228
      1124.00     0.445526
      1125.00     0.445391
      1126.00     0.445256
      1127.00     0.445120
      1128.00     0.444985
      1129.00     0.443979
      1130.00     0.442973
      1131.00     0.441966
      1132.00     0.440960
      1133.00     0.441958
      1134.00     0.442955
      1135.00     0.443953
      1136.00     0.444951
      1137.00     0.445977
      1138.00     0.447003
      1139.00     0.448029
      1140.00     0.449055
      1141.00     0.449135
      1142.00     0.449215
      1143.00     0.449296
      1144.00     0.449376
      1145.00     0.449663
      1146.00     0.449950
      1147.00     0.450236
      1148.00     0.450523
      1149.00     0.450174
      1150.00     0.449825
      1151.00     0.449477
      1152.00     0.449128
      1153.00     0.449751
      1154.00     0.450374
      1155.00     0.450997
      1156.00     0.451620
      1157.00     0.452193
      1158.00     0.452767
      1159.00     0.453340
      1160.00     0.453914
      1161.00     0.454206
      1162.00     0.454499
      1163.00     0.454791
      1164.00     0.455084
      1165.00     0.455777
      1166.00     0.456469
      1167.00     0.457162
      1168.00     0.457855
      1169.00     0.458130
      1170.00     0.458406
      1171.00     0.458681
      1172.00     0.458957
      1173.00     0.459431
      1174.00     0.459905
      1175.00     0.460379
      1176.00     0.460853
      1177.00     0.461126
      1178.00     0.461398
      1179.00     0.461671
      1180.00     0.461943
      1181.00     0.462011
      1182.00     0.462080
      1183.00     0.462148
      1184.00     0.462216
      1185.00     0.462630
      1186.00     0.463044
      1187.00     0.463459
      1188.00     0.463873
      1189.00     0.464426
      1190.00     0.464979
      1191.00     0.465532
      1192.00     0.466085
      1193.00     0.466223
      1194.00     0.466362
      1195.00     0.466500
      1196.00     0.466638
      1197.00     0.467334
      1198.00     0.468030
      1199.00     0.468726
      1200.00     0.469422
      1201.00     0.470222
      1202.00     0.471022
      1203.00     0.471823
      1204.00     0.472623
      1205.00     0.473043
      1206.00     0.473464
      1207.00     0.473884
      1208.00     0.474304
      1209.00     0.475710
      1210.00     0.477116
      1211.00     0.478522
      1212.00     0.479928
      1213.00     0.480851
      1214.00     0.481774
      1215.00     0.482697
      1216.00     0.483620
      1217.00     0.483072
      1218.00     0.482524
      1219.00     0.481975
      1220.00     0.481427
      1221.00     0.479586
      1222.00     0.477745
      1223.00     0.475904
      1224.00     0.474063
      1225.00     0.474236
      1226.00     0.474409
      1227.00     0.474581
      1228.00     0.474754
      1229.00     0.475593
      1230.00     0.476431
      1231.00     0.477270
      1232.00     0.478109
      1233.00     0.478490
      1234.00     0.478870
      1235.00     0.479250
      1236.00     0.479631
      1237.00     0.479697
      1238.00     0.479762
      1239.00     0.479828
      1240.00     0.479894
      1241.00     0.480031
      1242.00     0.480168
      1243.00     0.480304
      1244.00     0.480441
      1245.00     0.480370
      1246.00     0.480298
      1247.00     0.480227
      1248.00     0.480156
      1249.00     0.482490
      1250.00     0.484823
      1251.00     0.487157
      1252.00     0.489491
      1253.00     0.490584
      1254.00     0.491677
      1255.00     0.492769
      1256.00     0.493862
      1257.00     0.493996
      1258.00     0.494130
      1259.00     0.494264
      1260.00     0.494398
      1261.00     0.494383
      1262.00     0.494368
      1263.00     0.494354
      1264.00     0.494339
      1265.00     0.493910
      1266.00     0.493481
      1267.00     0.493051
      1268.00     0.492622
      1269.00     0.492903
      1270.00     0.493185
      1271.00     0.493466
      1272.00     0.493747
      1273.00     0.494666
      1274.00     0.495586
      1275.00     0.496505
      1276.00     0.497425
      1277.00     0.497391
      1278.00     0.497357
      1279.00     0.497323
      1280.00     0.497289
      1281.00     0.497004
      1282.00     0.496718
      1283.00     0.496433
      1284.00     0.496148
      1285.00     0.496669
      1286.00     0.497190
      1287.00     0.497712
      1288.00     0.498233
      1289.00     0.497811
      1290.00     0.497389
      1291.00     0.496968
      1292.00     0.496546
      1293.00     0.497814
      1294.00     0.499082
      1295.00     0.500351
      1296.00     0.501619
      1297.00     0.502021
      1298.00     0.502424
      1299.00     0.502826
      1300.00     0.503229
      1301.00     0.503356
      1302.00     0.503483
      1303.00     0.503611
      1304.00     0.503738
      1305.00     0.504787
      1306.00     0.505836
      1307.00     0.506884
      1308.00     0.507933
      1309.00     0.507659
      1310.00     0.507385
      1311.00     0.507111
      1312.00     0.506837
      1313.00     0.506837
      1314.00     0.506837
      1315.00     0.506837
      1316.00     0.506837
      1317.00     0.506689
      1318.00     0.506541
      1319.00     0.506394
      1320.00     0.506246
      1321.00     0.506594
      1322.00     0.506941
      1323.00     0.507289
      1324.00     0.507637
      1325.00     0.507537
      1326.00     0.507437
      1327.00     0.507337
      1328.00     0.507237
      1329.00     0.506503
      1330.00     0.505769
      1331.00     0.505034
      1332.00     0.504300
      1333.00     0.503794
      1334.00     0.503288
      1335.00     0.502782
      1336.00     0.502276
      1337.00     0.502090
      1338.00     0.501904
      1339.00     0.501719
      1340.00     0.501533
      1341.00     0.501554
      1342.00     0.501576
      1343.00     0.501598
      1344.00     0.501619
      1345.00     0.502074
      1346.00     0.502529
      1347.00     0.502984
      1348.00     0.503439
      1349.00     0.503605
      1350.00     0.503772
      1351.00     0.503938
      1352.00     0.504104
      1353.00     0.504291
      1354.00     0.504477
      1355.00     0.504664
      1356.00     0.504850
      1357.00     0.505268
      1358.00     0.505685
      1359.00     0.506103
      1360.00     0.506520
      1361.00     0.506710
      1362.00     0.506900
      1363.00     0.507089
      1364.00     0.507279
      1365.00     0.506855
      1366.00     0.506431
      1367.00     0.506007
      1368.00     0.505583
      1369.00     0.504367
      1370.00     0.503152
      1371.00     0.501937
      1372.00     0.500721
      1373.00     0.500620
      1374.00     0.500518
      1375.00     0.500417
      1376.00     0.500315
      1377.00     0.499889
      1378.00     0.499463
      1379.00     0.499037
      1380.00     0.498611
      1381.00     0.498447
      1382.00     0.498283
      1383.00     0.498119
      1384.00     0.497955
      1385.00     0.496979
      1386.00     0.496002
      1387.00     0.495026
      1388.00     0.494050
      1389.00     0.492839
      1390.00     0.491628
      1391.00     0.490416
      1392.00     0.489205
      1393.00     0.488133
      1394.00     0.487060
      1395.00     0.485988
      1396.00     0.484916
      1397.00     0.484364
      1398.00     0.483811
      1399.00     0.483259
      1400.00     0.482707
      1401.00     0.482226
      1402.00     0.481745
      1403.00     0.481264
      1404.00     0.480783
      1405.00     0.480411
      1406.00     0.480039
      1407.00     0.479667
      1408.00     0.479295
      1409.00     0.480361
      1410.00     0.481427
      1411.00     0.482494
      1412.00     0.483560
      1413.00     0.484412
      1414.00     0.485265
      1415.00     0.486117
      1416.00     0.486970
      1417.00     0.488040
      1418.00     0.489110
      1419.00     0.490181
      1420.00     0.491251
      1421.00     0.491951
      1422.00     0.492652
      1423.00     0.493352
      1424.00     0.494052
      1425.00     0.494484
      1426.00     0.494916
      1427.00     0.495349
      1428.00     0.495781
      1429.00     0.495556
      1430.00     0.495332
      1431.00     0.495108
      1432.00     0.494883
      1433.00     0.495670
      1434.00     0.496457
      1435.00     0.497244
      1436.00     0.498031
      1437.00     0.498577
      1438.00     0.499123
      1439.00     0.499668
      1440.00     0.500214
      1441.00     0.500248
      1442.00     0.500283
      1443.00     0.500317
      1444.00     0.500352
      1445.00     0.500295
      1446.00     0.500237
      1447.00     0.500180
      1448.00     0.500123
      1449.00     0.500085
      1450.00     0.500047
      1451.00     0.500010
      1452.00     0.499972
      1453.00     0.500405
      1454.00     0.500839
      1455.00     0.501272
      1456.00     0.501705
      1457.00     0.502162
      1458.00     0.502618
      1459.00     0.503074
      1460.00     0.503531
      1461.00     0.503772
      1462.00     0.504012
      1463.00     0.504253
      1464.00     0.504494
      1465.00     0.504619
      1466.00     0.504745
      1467.00     0.504870
      1468.00     0.504995
      1469.00     0.505687
      1470.00     0.506378
      1471.00     0.507069
      1472.00     0.507761
      1473.00     0.508578
      1474.00     0.509395
      1475.00     0.510212
      1476.00     0.511029
      1477.00     0.511523
      1478.00     0.512017
      1479.00     0.512511
      1480.00     0.513005
      1481.00     0.512782
      1482.00     0.512558
      1483.00     0.512335
      1484.00     0.512111
      1485.00     0.512756
      1486.00     0.513402
      1487.00     0.514047
      1488.00     0.514692
      1489.00     0.515660
      1490.00     0.516629
      1491.00     0.517597
      1492.00     0.518565
      1493.00     0.518170
      1494.00     0.517775
      1495.00     0.517380
      1496.00     0.516985
      1497.00     0.515741
      1498.00     0.514498
      1499.00     0.513255
      1500.00     0.512011
      1501.00     0.511838
      1502.00     0.511665
      1503.00     0.511493
      1504.00     0.511320
      1505.00     0.512097
      1506.00     0.512874
      1507.00     0.513652
      1508.00     0.514429
      1509.00     0.515379
      1510.00     0.516328
      1511.00     0.517277
      1512.00     0.518227
      1513.00     0.519297
      1514.00     0.520368
      1515.00     0.521438
      1516.00     0.522509
      1517.00     0.521134
      1518.00     0.519760
      1519.00     0.518385
      1520.00     0.517011
      1521.00     0.517101
      1522.00     0.517191
      1523.00     0.517281
      1524.00     0.517371
      1525.00     0.517739
      1526.00     0.518108
      1527.00     0.518476
      1528.00     0.518844
      1529.00     0.519822
      1530.00     0.520801
      1531.00     0.521780
      1532.00     0.522758
      1533.00     0.524003
      1534.00     0.525248
      1535.00     0.526492
      1536.00     0.527737
      1537.00     0.526771
      1538.00     0.525805
      1539.00     0.524839
      1540.00     0.523873
      1541.00     0.523830
      1542.00     0.523787
      1543.00     0.523744
      1544.00     0.523701
      1545.00     0.523925
      1546.00     0.524149
      1547.00     0.524373
      1548.00     0.524597
      1549.00     0.524504
      1550.00     0.524411
      1551.00     0.524319
      1552.00     0.524226
      1553.00     0.524301
      1554.00     0.524375
      1555.00     0.524449
      1556.00     0.524524
      1557.00     0.525001
      1558.00     0.525478
      1559.00     0.525956
      1560.00     0.526433
      1561.00     0.526475
      1562.00     0.526517
      1563.00     0.526559
      1564.00     0.526601
      1565.00     0.526984
      1566.00     0.527367
      1567.00     0.527750
      1568.00     0.528133
      1569.00     0.527526
      1570.00     0.526919
      1571.00     0.526311
      1572.00     0.525704
      1573.00     0.525438
      1574.00     0.525172
      1575.00     0.524906
      1576.00     0.524640
      1577.00     0.525205
      1578.00     0.525771
      1579.00     0.526336
      1580.00     0.526901
      1581.00     0.527741
      1582.00     0.528582
      1583.00     0.529422
      1584.00     0.530262
      1585.00     0.529880
      1586.00     0.529498
      1587.00     0.529115
      1588.00     0.528733
      1589.00     0.528808
      1590.00     0.528884
      1591.00     0.528959
      1592.00     0.529034
      1593.00     0.528659
      1594.00     0.528284
      1595.00     0.527909
      1596.00     0.527534
      1597.00     0.526291
      1598.00     0.525048
      1599.00     0.523805
      1600.00     0.522562
      1601.00     0.522636
      1602.00     0.522710
      1603.00     0.522784
      1604.00     0.522858
      1605.00     0.523961
      1606.00     0.525063
      1607.00     0.526165
      1608.00     0.527268
      1609.00     0.528153
      1610.00     0.529039
      1611.00     0.529925
      1612.00     0.530810
      1613.00     0.530115
      1614.00     0.529419
      1615.00     0.528724
      1616.00     0.528029
      1617.00     0.528684
      1618.00     0.529340
      1619.00     0.529996
      1620.00     0.530651
      1621.00     0.531280
      1622.00     0.531909
      1623.00     0.532538
      1624.00     0.533167
      1625.00     0.532278
      1626.00     0.531389
      1627.00     0.530499
      1628.00     0.529610
      1629.00     0.529795
      1630.00     0.529980
      1631.00     0.530165
      1632.00     0.530350
      1633.00     0.531297
      1634.00     0.532244
      1635.00     0.533191
      1636.00     0.534138
      1637.00     0.534517
      1638.00     0.534897
      1639.00     0.535277
      1640.00     0.535656
      1641.00     0.535489
      1642.00     0.535321
      1643.00     0.535154
      1644.00     0.534986
      1645.00     0.534535
      1646.00     0.534083
      1647.00     0.533632
      1648.00     0.533180
      1649.00     0.532951
      1650.00     0.532722
      1651.00     0.532494
      1652.00     0.532265
      1653.00     0.532490
      1654.00     0.532716
      1655.00     0.532942
      1656.00     0.533167
      1657.00     0.533411
      1658.00     0.533656
      1659.00     0.533900
      1660.00     0.534144
      1661.00     0.533903
      1662.00     0.533662
      1663.00     0.533421
      1664.00     0.533180
      1665.00     0.532955
      1666.00     0.532730
      1667.00     0.532505
      1668.00     0.532280
      1669.00     0.532484
      1670.00     0.532687
      1671.00     0.532890
      1672.00     0.533094
      1673.00     0.532776
      1674.00     0.532458
      1675.00     0.532141
      1676.00     0.531823
      1677.00     0.531862
      1678.00     0.531902
      1679.00     0.531941
      1680.00     0.531981
      1681.00     0.532735
      1682.00     0.533489
      1683.00     0.534244
      1684.00     0.534998
      1685.00     0.535824
      1686.00     0.536651
      1687.00     0.537477
      1688.00     0.538304
      1689.00     0.538491
      1690.00     0.538679
      1691.00     0.538866
      1692.00     0.539053
      1693.00     0.538378
      1694.00     0.537703
      1695.00     0.537027
      1696.00     0.536352
      1697.00     0.536315
      1698.00     0.536278
      1699.00     0.536240
      1700.00     0.536203
      1701.00     0.536166
      1702.00     0.536129
      1703.00     0.536091
      1704.00     0.536054
      1705.00     0.535867
      1706.00     0.535680
      1707.00     0.535493
      1708.00     0.535306
      1709.00     0.534932
      1710.00     0.534558
      1711.00     0.534184
      1712.00     0.533810
      1713.00     0.534860
      1714.00     0.535909
      1715.00     0.536958
      1716.00     0.538008
      1717.00     0.537934
      1718.00     0.537861
      1719.00     0.537787
      1720.00     0.537713
      1721.00     0.537768
      1722.00     0.537823
      1723.00     0.537879
      1724.00     0.537934
      1725.00     0.538144
      1726.00     0.538354
      1727.00     0.538564
      1728.00     0.538774
      1729.00     0.538545
      1730.00     0.538316
      1731.00     0.538088
      1732.00     0.537859
      1733.00     0.538625
      1734.00     0.539392
      1735.00     0.540158
      1736.00     0.540924
      1737.00     0.539794
      1738.00     0.538664
      1739.00     0.537534
      1740.00     0.536404
      1741.00     0.537080
      1742.00     0.537755
      1743.00     0.538431
      1744.00     0.539106
      1745.00     0.539409
      1746.00     0.539711
      1747.00     0.540014
      1748.00     0.540317
      1749.00     0.540538
      1750.00     0.540760
      1751.00     0.540982
      1752.00     0.541203
      1753.00     0.540980
      1754.00     0.540758
      1755.00     0.540535
      1756.00     0.540312
      1757.00     0.539601
      1758.00     0.538890
      1759.00     0.538178
      1760.00     0.537467
      1761.00     0.537692
      1762.00     0.537917
      1763.00     0.538142
      1764.00     0.538367
      1765.00     0.538177
      1766.00     0.537987
      1767.00     0.537798
      1768.00     0.537608
      1769.00     0.537832
      1770.00     0.538055
      1771.00     0.538279
      1772.00     0.538503
      1773.00     0.538227
      1774.00     0.537952
      1775.00     0.537677
      1776.00     0.537401
      1777.00     0.538050
      1778.00     0.538699
      1779.00     0.539348
      1780.00     0.539997
      1781.00     0.539422
      1782.00     0.538847
      1783.00     0.538272
      1784.00     0.537697
      1785.00     0.537809
      1786.00     0.537920
      1787.00     0.538032
      1788.00     0.538144
      1789.00     0.537957
      1790.00     0.537771
      1791.00     0.537584
      1792.00     0.537398
      1793.00     0.537596
      1794.00     0.537795
      1795.00     0.537993
      1796.00     0.538192
      1797.00     0.538155
      1798.00     0.538119
      1799.00     0.538082
      1800.00     0.538046
      1801.00     0.537548
      1802.00     0.537050
      1803.00     0.536552
      1804.00     0.536054
      1805.00     0.536353
      1806.00     0.536652
      1807.00     0.536951
      1808.00     0.537250
      1809.00     0.537750
      1810.00     0.538250
      1811.00     0.538750
      1812.00     0.539250
      1813.00     0.538975
      1814.00     0.538700
      1815.00     0.538425
      1816.00     0.538150
      1817.00     0.538272
      1818.00     0.538393
      1819.00     0.538514
      1820.00     0.538636
      1821.00     0.538937
      1822.00     0.539237
      1823.00     0.539538
      1824.00     0.539839
      1825.00     0.540110
      1826.00     0.540381
      1827.00     0.540653
      1828.00     0.540924
      1829.00     0.541051
      1830.00     0.541178
      1831.00     0.541304
      1832.00     0.541431
      1833.00     0.540786
      1834.00     0.540141
      1835.00     0.539496
      1836.00     0.538851
      1837.00     0.538356
      1838.00     0.537861
      1839.00     0.537366
      1840.00     0.536871
      1841.00     0.537323
      1842.00     0.537776
      1843.00     0.538229
      1844.00     0.538681
      1845.00     0.538488
      1846.00     0.538295
      1847.00     0.538102
      1848.00     0.537909
      1849.00     0.537445
      1850.00     0.536982
      1851.00     0.536518
      1852.00     0.536054
      1853.00     0.535991
      1854.00     0.535928
      1855.00     0.535865
      1856.00     0.535802
      1857.00     0.535915
      1858.00     0.536029
      1859.00     0.536142
      1860.00     0.536255
      1861.00     0.535645
      1862.00     0.535036
      1863.00     0.534427
      1864.00     0.533817
      1865.00     0.532173
      1866.00     0.530529
      1867.00     0.528886
      1868.00     0.527242
      1869.00     0.525916
      1870.00     0.524590
      1871.00     0.523263
      1872.00     0.521937
      1873.00     0.521108
      1874.00     0.520279
      1875.00     0.519449
      1876.00     0.518620
      1877.00     0.515982
      1878.00     0.513344
      1879.00     0.510705
      1880.00     0.508067
      1881.00     0.505871
      1882.00     0.503674
      1883.00     0.501478
      1884.00     0.499281
      1885.00     0.497933
      1886.00     0.496585
      1887.00     0.495237
      1888.00     0.493889
      1889.00     0.490649
      1890.00     0.487409
      1891.00     0.484169
      1892.00     0.480929
      1893.00     0.478068
      1894.00     0.475207
      1895.00     0.472346
      1896.00     0.469485
      1897.00     0.467127
      1898.00     0.464768
      1899.00     0.462409
      1900.00     0.460051
      1901.00     0.458048
      1902.00     0.456044
      1903.00     0.454040
      1904.00     0.452037
      1905.00     0.452402
      1906.00     0.452767
      1907.00     0.453131
      1908.00     0.453496
      1909.00     0.452723
      1910.00     0.451950
      1911.00     0.451177
      1912.00     0.450404
      1913.00     0.449868
      1914.00     0.449333
      1915.00     0.448797
      1916.00     0.448261
      1917.00     0.449060
      1918.00     0.449859
      1919.00     0.450658
      1920.00     0.451457
      1921.00     0.452199
      1922.00     0.452941
      1923.00     0.453683
      1924.00     0.454425
      1925.00     0.455032
      1926.00     0.455640
      1927.00     0.456248
      1928.00     0.456855
      1929.00     0.457522
      1930.00     0.458189
      1931.00     0.458855
      1932.00     0.459522
      1933.00     0.460575
      1934.00     0.461627
      1935.00     0.462680
      1936.00     0.463732
      1937.00     0.465056
      1938.00     0.466381
      1939.00     0.467705
      1940.00     0.469029
      1941.00     0.468605
      1942.00     0.468181
      1943.00     0.467756
      1944.00     0.467332
      1945.00     0.468046
      1946.00     0.468759
      1947.00     0.469472
      1948.00     0.470186
      1949.00     0.470313
      1950.00     0.470441
      1951.00     0.470568
      1952.00     0.470695
      1953.00     0.471147
      1954.00     0.471600
      1955.00     0.472053
      1956.00     0.472505
      1957.00     0.473017
      1958.00     0.473529
      1959.00     0.474040
      1960.00     0.474552
      1961.00     0.474412
      1962.00     0.474272
      1963.00     0.474132
      1964.00     0.473992
      1965.00     0.474559
      1966.00     0.475125
      1967.00     0.475692
      1968.00     0.476259
      1969.00     0.477940
      1970.00     0.479620
      1971.00     0.481301
      1972.00     0.482982
      1973.00     0.483561
      1974.00     0.484141
      1975.00     0.484720
      1976.00     0.485300
      1977.00     0.485727
      1978.00     0.486154
      1979.00     0.486581
      1980.00     0.487008
      1981.00     0.487387
      1982.00     0.487765
      1983.00     0.488144
      1984.00     0.488523
      1985.00     0.489482
      1986.00     0.490441
      1987.00     0.491400
      1988.00     0.492359
      1989.00     0.493573
      1990.00     0.494788
      1991.00     0.496002
      1992.00     0.497216
      1993.00     0.497805
      1994.00     0.498393
      1995.00     0.498982
      1996.00     0.499571
      1997.00     0.499571
      1998.00     0.499571
      1999.00     0.499571
      2000.00     0.499571
      2001.00     0.500064
      2002.00     0.500557
      2003.00     0.501049
      2004.00     0.501542
      2005.00     0.501798
      2006.00     0.502055
      2007.00     0.502311
      2008.00     0.502567
      2009.00     0.502871
      2010.00     0.503175
      2011.00     0.503479
      2012.00     0.503783
      2013.00     0.503740
      2014.00     0.503698
      2015.00     0.503655
      2016.00     0.503612
      2017.00     0.503824
      2018.00     0.504035
      2019.00     0.504246
      2020.00     0.504458
      2021.00     0.504712
      2022.00     0.504965
      2023.00     0.505219
      2024.00     0.505473
      2025.00     0.505680
      2026.00     0.505887
      2027.00     0.506094
      2028.00     0.506301
      2029.00     0.505651
      2030.00     0.505002
      2031.00     0.504352
      2032.00     0.503702
      2033.00     0.504238
      2034.00     0.504774
      2035.00     0.505310
      2036.00     0.505846
      2037.00     0.506536
      2038.00     0.507226
      2039.00     0.507916
      2040.00     0.508606
      2041.00     0.509643
      2042.00     0.510681
      2043.00     0.511718
      2044.00     0.512755
      2045.00     0.514272
      2046.00     0.515789
      2047.00     0.517306
      2048.00     0.518823
      2049.00     0.518289
      2050.00     0.517755
      2051.00     0.517221
      2052.00     0.516687
      2053.00     0.516268
      2054.00     0.515850
      2055.00     0.515432
      2056.00     0.515013
      2057.00     0.515657
      2058.00     0.516301
      2059.00     0.516945
      2060.00     0.517589
      2061.00     0.517128
      2062.00     0.516666
      2063.00     0.516204
      2064.00     0.515743
      2065.00     0.516543
      2066.00     0.517343
      2067.00     0.518143
      2068.00     0.518943
      2069.00     0.518759
      2070.00     0.518576
      2071.00     0.518392
      2072.00     0.518208
      2073.00     0.518600
      2074.00     0.518992
      2075.00     0.519384
      2076.00     0.519776
      2077.00     0.519584
      2078.00     0.519391
      2079.00     0.519199
      2080.00     0.519582
      2081.00     0.519600
      2082.00     0.519943
      2083.00     0.520621
      2084.00     0.520558
      2085.00     0.520161
      2086.00     0.519554
      2087.00     0.519103
      2088.00     0.518919
      2089.00     0.518727
      2090.00     0.518356
      2091.00     0.517793
      2092.00     0.517327
      2093.00     0.517240
      2094.00     0.517699
      2095.00     0.518531
      2096.00     0.519333
      2097.00     0.519859
      2098.00     0.519962
      2099.00     0.519744
      2100.00     0.519399
      2101.00     0.519015
      2102.00     0.518597
      2103.00     0.518066
      2104.00     0.517655
      2105.00     0.517627
      2106.00     0.518060
      2107.00     0.518868
      2108.00     0.519746
      2109.00     0.520229
      2110.00     0.520148
      2111.00     0.519479
      2112.00     0.518631
      2113.00     0.517789
      2114.00     0.517189
      2115.00     0.516804
      2116.00     0.516686
      2117.00     0.516838
      2118.00     0.517193
      2119.00     0.517727
      2120.00     0.518335
      2121.00     0.518930
      2122.00     0.519540
      2123.00     0.519958
      2124.00     0.520196
      2125.00     0.520150
      2126.00     0.519689
      2127.00     0.518884
      2128.00     0.517806
      2129.00     0.516875
      2130.00     0.516334
      2131.00     0.516308
      2132.00     0.516729
      2133.00     0.517256
      2134.00     0.517673
      2135.00     0.517845
      2136.00     0.517775
      2137.00     0.517651
      2138.00     0.517622
      2139.00     0.517595
      2140.00     0.517396
      2141.00     0.516926
      2142.00     0.516255
      2143.00     0.515556
      2144.00     0.515089
      2145.00     0.514967
      2146.00     0.514947
      2147.00     0.514786
      2148.00     0.514423
      2149.00     0.513894
      2150.00     0.513367
      2151.00     0.513004
      2152.00     0.512787
      2153.00     0.512514
      2154.00     0.512074
      2155.00     0.511493
      2156.00     0.510872
      2157.00     0.510336
      2158.00     0.509941
      2159.00     0.509598
      2160.00     0.509163
      2161.00     0.508577
      2162.00     0.507849
      2163.00     0.507100
      2164.00     0.506430
      2165.00     0.505883
      2166.00     0.505449
      2167.00     0.505074
      2168.00     0.504720
      2169.00     0.504370
      2170.00     0.504015
      2171.00     0.503660
      2172.00     0.503314
      2173.00     0.502964
      2174.00     0.502586
      2175.00     0.502153
      2176.00     0.501662
      2177.00     0.501161
      2178.00     0.500671
      2179.00     0.500217
      2180.00     0.499730
      2181.00     0.499166
      2182.00     0.498387
      2183.00     0.497590
      2184.00     0.496894
      2185.00     0.496348
      2186.00     0.495898
      2187.00     0.495368
      2188.00     0.494599
      2189.00     0.493607
      2190.00     0.492372
      2191.00     0.491034
      2192.00     0.489767
      2193.00     0.488780
      2194.00     0.487922
      2195.00     0.487232
      2196.00     0.486617
      2197.00     0.485971
      2198.00     0.485101
      2199.00     0.484037
      2200.00     0.482724
      2201.00     0.481154
      2202.00     0.479631
      2203.00     0.478062
      2204.00     0.476562
      2205.00     0.475430
      2206.00     0.474562
      2207.00     0.474191
      2208.00     0.474336
      2209.00     0.475077
      2210.00     0.476301
      2211.00     0.478064
      2212.00     0.480047
      2213.00     0.482181
      2214.00     0.484075
      2215.00     0.485568
      2216.00     0.486591
      2217.00     0.487315
      2218.00     0.487909
      2219.00     0.488669
      2220.00     0.489608
      2221.00     0.490730
      2222.00     0.491705
      2223.00     0.492475
      2224.00     0.493076
      2225.00     0.493466
      2226.00     0.493847
      2227.00     0.494225
      2228.00     0.494663
      2229.00     0.495091
      2230.00     0.495608
      2231.00     0.496164
      2232.00     0.496777
      2233.00     0.497357
      2234.00     0.497756
      2235.00     0.497912
      2236.00     0.497868
      2237.00     0.497784
      2238.00     0.497806
      2239.00     0.497948
      2240.00     0.498138
      2241.00     0.498243
      2242.00     0.498201
      2243.00     0.498052
      2244.00     0.497892
      2245.00     0.497847
      2246.00     0.497901
      2247.00     0.497997
      2248.00     0.498055
      2249.00     0.498102
      2250.00     0.498193
      2251.00     0.498419
      2252.00     0.498793
      2253.00     0.499288
      2254.00     0.499818
      2255.00     0.500278
      2256.00     0.500634
      2257.00     0.500795
      2258.00     0.500772
      2259.00     0.500585
      2260.00     0.500322
      2261.00     0.500102
      2262.00     0.500056
      2263.00     0.500224
      2264.00     0.500541
      2265.00     0.500870
      2266.00     0.501042
      2267.00     0.500946
      2268.00     0.500610
      2269.00     0.500152
      2270.00     0.499741
      2271.00     0.499491
      2272.00     0.499428
      2273.00     0.499502
      2274.00     0.499608
      2275.00     0.499635
      2276.00     0.499555
      2277.00     0.499382
      2278.00     0.499153
      2279.00     0.498901
      2280.00     0.498652
      2281.00     0.498392
      2282.00     0.498156
      2283.00     0.497970
      2284.00     0.497862
      2285.00     0.497820
      2286.00     0.497813
      2287.00     0.497782
      2288.00     0.497659
      2289.00     0.497393
      2290.00     0.496976
      2291.00     0.496458
      2292.00     0.495912
      2293.00     0.495414
      2294.00     0.494929
      2295.00     0.494540
      2296.00     0.494233
      2297.00     0.493971
      2298.00     0.493733
      2299.00     0.493522
      2300.00     0.493274
      2301.00     0.492953
      2302.00     0.492538
      2303.00     0.492052
      2304.00     0.491586
      2305.00     0.491074
      2306.00     0.490594
      2307.00     0.490188
      2308.00     0.489858
      2309.00     0.489477
      2310.00     0.489035
      2311.00     0.488612
      2312.00     0.488211
      2313.00     0.487876
      2314.00     0.487663
      2315.00     0.487537
      2316.00     0.487436
      2317.00     0.487266
      2318.00     0.486962
      2319.00     0.486513
      2320.00     0.486007
      2321.00     0.485482
      2322.00     0.484947
      2323.00     0.484472
      2324.00     0.484038
      2325.00     0.483591
      2326.00     0.483155
      2327.00     0.482685
      2328.00     0.482251
      2329.00     0.481810
      2330.00     0.481442
      2331.00     0.481068
      2332.00     0.480697
      2333.00     0.480216
      2334.00     0.479676
      2335.00     0.478985
      2336.00     0.478223
      2337.00     0.477378
      2338.00     0.476621
      2339.00     0.475990
      2340.00     0.475541
      2341.00     0.475233
      2342.00     0.475022
      2343.00     0.474824
      2344.00     0.474551
      2345.00     0.474215
      2346.00     0.473826
      2347.00     0.473420
      2348.00     0.473076
      2349.00     0.472772
      2350.00     0.472496
      2351.00     0.472283
      2352.00     0.472098
      2353.00     0.471978
      2354.00     0.472005
      2355.00     0.472162
      2356.00     0.472431
      2357.00     0.472740
      2358.00     0.473016
      2359.00     0.473214
      2360.00     0.473294
      2361.00     0.473247
      2362.00     0.473134
      2363.00     0.473003
      2364.00     0.472872
      2365.00     0.472723
      2366.00     0.472586
      2367.00     0.472430
      2368.00     0.472255
      2369.00     0.472069
      2370.00     0.471875
      2371.00     0.471708
      2372.00     0.471573
      2373.00     0.471438
      2374.00     0.471272
      2375.00     0.471048
      2376.00     0.470747
      2377.00     0.470365
      2378.00     0.469890
      2379.00     0.469293
      2380.00     0.468712
      2381.00     0.468164
      2382.00     0.467693
      2383.00     0.467352
      2384.00     0.467180
      2385.00     0.467176
      2386.00     0.467294
      2387.00     0.467445
      2388.00     0.467541
      2389.00     0.467521
      2390.00     0.467345
      2391.00     0.467082
      2392.00     0.466812
      2393.00     0.466617
      2394.00     0.466549
      2395.00     0.466618
      2396.00     0.466789
      2397.00     0.466991
      2398.00     0.467149
      2399.00     0.467223
      2400.00     0.467149
      2401.00     0.466934
      2402.00     0.466608
      2403.00     0.466228
      2404.00     0.465852
      2405.00     0.465519
      2406.00     0.465251
      2407.00     0.465045
      2408.00     0.464883
      2409.00     0.464750
      2410.00     0.464545
      2411.00     0.464216
      2412.00     0.463786
      2413.00     0.463224
      2414.00     0.462535
      2415.00     0.461789
      2416.00     0.461088
      2417.00     0.460517
      2418.00     0.460043
      2419.00     0.459686
      2420.00     0.459396
      2421.00     0.459151
      2422.00     0.458858
      2423.00     0.458458
      2424.00     0.457956
      2425.00     0.457371
      2426.00     0.456653
      2427.00     0.455836
      2428.00     0.455012
      2429.00     0.454116
      2430.00     0.453282
      2431.00     0.452482
      2432.00     0.451727
      2433.00     0.451091
      2434.00     0.450587
      2435.00     0.450148
      2436.00     0.449800
      2437.00     0.449444
      2438.00     0.449097
      2439.00     0.448709
      2440.00     0.448267
      2441.00     0.447796
      2442.00     0.447261
      2443.00     0.446763
      2444.00     0.446283
      2445.00     0.445923
      2446.00     0.445654
      2447.00     0.445481
      2448.00     0.445371
      2449.00     0.445282
      2450.00     0.445182
      2451.00     0.444971
      2452.00     0.444683
      2453.00     0.444344
      2454.00     0.443969
      2455.00     0.443602
      2456.00     0.443283
      2457.00     0.443001
      2458.00     0.442805
      2459.00     0.442644
      2460.00     0.442456
      2461.00     0.442230
      2462.00     0.441960
      2463.00     0.441642
      2464.00     0.441288
      2465.00     0.440891
      2466.00     0.440558
      2467.00     0.440279
      2468.00     0.440038
      2469.00     0.439822
      2470.00     0.439606
      2471.00     0.439354
      2472.00     0.439049
      2473.00     0.438729
      2474.00     0.438406
      2475.00     0.438129
      2476.00     0.437921
      2477.00     0.437767
      2478.00     0.437632
      2479.00     0.437468
      2480.00     0.437248
      2481.00     0.436952
      2482.00     0.436592
      2483.00     0.436217
      2484.00     0.435834
      2485.00     0.435488
      2486.00     0.435184
      2487.00     0.434922
      2488.00     0.434698
      2489.00     0.434510
      2490.00     0.434349
      2491.00     0.434201
      2492.00     0.434038
      2493.00     0.433855
      2494.00     0.433656
      2495.00     0.433447
      2496.00     0.433231
      2497.00     0.433008
      2498.00     0.432776
      2499.00     0.432538
      2500.00     0.432300
