      400.000     0.000000
      401.000     0.000000
      402.000     0.000000
      403.000     0.000000
      404.000     0.000000
      405.000     0.000000
      406.000     0.000000
      407.000     0.000000
      408.000     0.000000
      409.000     0.000000
      410.000     0.000000
      411.000     0.000000
      412.000     0.000000
      413.000     0.000000
      414.000     0.000000
      415.000     0.000000
      416.000     0.000000
      417.000     0.000000
      418.000     0.000000
      419.000     0.000000
      420.000     0.000000
      421.000     0.000000
      422.000     0.000000
      423.000     0.000000
      424.000     0.000000
      425.000     0.000000
      426.000     0.000000
      427.000     0.000000
      428.000     0.000000
      429.000     0.000000
      430.000     0.000000
      431.000     0.000000
      432.000     0.000000
      433.000     0.000000
      434.000     0.000000
      435.000     0.000000
      436.000     0.000000
      437.000     0.000000
      438.000     0.000000
      439.000     0.000000
      440.000     0.000000
      441.000     0.000000
      442.000     0.000000
      443.000     0.000000
      444.000     0.000000
      445.000     0.000000
      446.000     0.000000
      447.000     0.000000
      448.000     0.000000
      449.000     0.000000
      450.000     0.000000
      451.000     0.000000
      452.000   0.00289000
      453.000   0.00280600
      454.000   0.00294100
      455.000   0.00289000
      456.000   0.00453300
      457.000   0.00449500
      458.000   0.00428800
      459.000   0.00547400
      460.000   0.00402100
      461.000   0.00391800
      462.000   0.00393900
      463.000   0.00402100
      464.000   0.00567600
      465.000   0.00551700
      466.000   0.00542700
      467.000   0.00558500
      468.000   0.00428800
      469.000   0.00551700
      470.000   0.00815900
      471.000   0.00875600
      472.000   0.00875600
      473.000   0.00875600
      474.000   0.00878300
      475.000    0.0114150
      476.000    0.0128000
      477.000    0.0102900
      478.000    0.0102330
      479.000    0.0101180
      480.000    0.0127400
      481.000    0.0128600
      482.000    0.0127100
      483.000    0.0125890
      484.000    0.0125290
      485.000    0.0124100
      486.000    0.0101180
      487.000    0.0142830
      488.000    0.0155820
      489.000    0.0153850
      490.000    0.0137000
      491.000    0.0151570
      492.000    0.0136380
      493.000    0.0153850
      494.000    0.0155160
      495.000    0.0152540
      496.000    0.0165470
      497.000    0.0179930
      498.000    0.0180640
      499.000    0.0184190
      500.000    0.0181700
      501.000    0.0164140
      502.000    0.0193580
      503.000    0.0192140
      504.000    0.0205440
      505.000    0.0192140
      506.000    0.0205070
      507.000    0.0203970
      508.000    0.0204700
      509.000    0.0232510
      510.000    0.0232900
      511.000    0.0230590
      512.000    0.0231740
      513.000    0.0241990
      514.000    0.0229820
      515.000    0.0274790
      516.000    0.0240430
      517.000    0.0239270
      518.000    0.0269230
      519.000    0.0252950
      520.000    0.0300840
      521.000    0.0269130
      522.000    0.0268320
      523.000    0.0323250
      524.000    0.0265880
      525.000    0.0290520
      526.000    0.0288840
      527.000    0.0320500
      528.000    0.0331610
      529.000    0.0344080
      530.000    0.0330680
      531.000    0.0341730
      532.000    0.0323240
      533.000    0.0345970
      534.000    0.0363800
      535.000    0.0362820
      536.000    0.0359920
      537.000    0.0375890
      538.000    0.0397000
      539.000    0.0372450
      540.000    0.0394480
      541.000    0.0392980
      542.000    0.0375330
      543.000    0.0373450
      544.000    0.0417380
      545.000    0.0396890
      546.000    0.0401250
      547.000    0.0402720
      548.000    0.0404190
      549.000    0.0456350
      550.000    0.0453130
      551.000    0.0462300
      552.000    0.0471410
      553.000    0.0439450
      554.000    0.0481550
      555.000    0.0451770
      556.000    0.0494410
      557.000    0.0520190
      558.000    0.0525380
      559.000    0.0535920
      560.000    0.0532380
      561.000    0.0543680
      562.000    0.0567390
      563.000    0.0564930
      564.000    0.0561970
      565.000    0.0564380
      566.000    0.0589840
      567.000    0.0590460
      568.000    0.0591080
      569.000    0.0604790
      570.000    0.0646560
      571.000    0.0641250
      572.000    0.0635990
      573.000    0.0615970
      574.000    0.0651250
      575.000    0.0655310
      576.000    0.0643450
      577.000    0.0667640
      578.000    0.0687420
      579.000    0.0686710
      580.000    0.0672410
      581.000    0.0693120
      582.000    0.0691020
      583.000    0.0690320
      584.000    0.0697340
      585.000    0.0745330
      586.000    0.0727300
      587.000    0.0739420
      588.000    0.0736490
      589.000    0.0765870
      590.000    0.0752160
      591.000    0.0760630
      592.000    0.0773430
      593.000    0.0772670
      594.000    0.0782430
      595.000    0.0793120
      596.000    0.0786220
      597.000    0.0784700
      598.000    0.0799480
      599.000    0.0810680
      600.000    0.0803320
      601.000    0.0824830
      602.000    0.0819400
      603.000    0.0828130
      604.000    0.0826580
      605.000    0.0850920
      606.000    0.0861840
      607.000    0.0857840
      608.000    0.0839970
      609.000    0.0866440
      610.000    0.0867230
      611.000    0.0880500
      612.000    0.0880500
      613.000    0.0877300
      614.000    0.0878100
      615.000    0.0890550
      616.000    0.0888130
      617.000    0.0900560
      618.000    0.0923430
      619.000    0.0898790
      620.000    0.0903660
      621.000    0.0903230
      622.000    0.0909720
      623.000    0.0953290
      624.000    0.0949890
      625.000    0.0903230
      626.000    0.0928730
      627.000    0.0946080
      628.000    0.0977280
      629.000    0.0964410
      630.000    0.0974280
      631.000    0.0975130
      632.000    0.0999120
      633.000    0.0970860
      634.000    0.0970860
      635.000    0.0994770
      636.000     0.100658
      637.000    0.0994770
      638.000    0.0998250
      639.000     0.101427
      640.000     0.101602
      641.000     0.101690
      642.000     0.101778
      643.000     0.103015
      644.000     0.101427
      645.000     0.102749
      646.000     0.102661
      647.000     0.103274
      648.000     0.102746
      649.000     0.105731
      650.000     0.106181
      651.000     0.106634
      652.000     0.107870
      653.000     0.109663
      654.000     0.108885
      655.000     0.107122
      656.000     0.106674
      657.000     0.110716
      658.000     0.108554
      659.000     0.110063
      660.000     0.107466
      661.000     0.110903
      662.000     0.114529
      663.000     0.112531
      664.000     0.113004
      665.000     0.114337
      666.000     0.116814
      667.000     0.114216
      668.000     0.117204
      669.000     0.118052
      670.000     0.117856
      671.000     0.117661
      672.000     0.114328
      673.000     0.114328
      674.000     0.117270
      675.000     0.118990
      676.000     0.118797
      677.000     0.119281
      678.000     0.120231
      679.000     0.119938
      680.000     0.118683
      681.000     0.118971
      682.000     0.120299
      683.000     0.122762
      684.000     0.122959
      685.000     0.123894
      686.000     0.124192
      687.000     0.124292
      688.000     0.125827
      689.000     0.126130
      690.000     0.126759
      691.000     0.126759
      692.000     0.126759
      693.000     0.128197
      694.000     0.128709
      695.000     0.128504
      696.000     0.128915
      697.000     0.132342
      698.000     0.133297
      699.000     0.135352
      700.000     0.134826
      701.000     0.130843
      702.000     0.133367
      703.000     0.133574
      704.000     0.135309
      705.000     0.135730
      706.000     0.135835
      707.000     0.135941
      708.000     0.136737
      709.000     0.137848
      710.000     0.137848
      711.000     0.139172
      712.000     0.140848
      713.000     0.140740
      714.000     0.142169
      715.000     0.141843
      716.000     0.141302
      717.000     0.141410
      718.000     0.142836
      719.000     0.142169
      720.000     0.146324
      721.000     0.143935
      722.000     0.144045
      723.000     0.143607
      724.000     0.144155
      725.000     0.145881
      726.000     0.146757
      727.000     0.147410
      728.000     0.148185
      729.000     0.146658
      730.000     0.147099
      731.000     0.149415
      732.000     0.150205
      733.000     0.151301
      734.000     0.153374
      735.000     0.152687
      736.000     0.152687
      737.000     0.151578
      738.000     0.152783
      739.000     0.153988
      740.000     0.155423
      741.000     0.156514
      742.000     0.156063
      743.000     0.155247
      744.000     0.155361
      745.000     0.157031
      746.000     0.154391
      747.000     0.157875
      748.000     0.157991
      749.000     0.158213
      750.000     0.160156
      751.000     0.158492
      752.000     0.157866
      753.000     0.160391
      754.000     0.159685
      755.000     0.160502
      756.000     0.160502
      757.000     0.161828
      758.000     0.160034
      759.000     0.162906
      760.000     0.163159
      761.000     0.162570
      762.000     0.162218
      763.000     0.164956
      764.000     0.164236
      765.000     0.165552
      766.000     0.165671
      767.000     0.165552
      768.000     0.164718
      769.000     0.164959
      770.000     0.164837
      771.000     0.168413
      772.000     0.168413
      773.000     0.168424
      774.000     0.169739
      775.000     0.168665
      776.000     0.170432
      777.000     0.170676
      778.000     0.171043
      779.000     0.170432
      780.000     0.168665
      781.000     0.169136
      782.000     0.170310
      783.000     0.172607
      784.000     0.174499
      785.000     0.175192
      786.000     0.176320
      787.000     0.174999
      788.000     0.175192
      789.000     0.174624
      790.000     0.173631
      791.000     0.175068
      792.000     0.175223
      793.000     0.175462
      794.000     0.171303
      795.000     0.175586
      796.000     0.175835
      797.000     0.176193
      798.000     0.175660
      799.000     0.175675
      800.000     0.181560
      801.000     0.181949
      802.000     0.182339
      803.000     0.182728
      804.000     0.183118
      805.000     0.183175
      806.000     0.183231
      807.000     0.183288
      808.000     0.183344
      809.000     0.184386
      810.000     0.185428
      811.000     0.186469
      812.000     0.187511
      813.000     0.187216
      814.000     0.186921
      815.000     0.186626
      816.000     0.186331
      817.000     0.186303
      818.000     0.186275
      819.000     0.186248
      820.000     0.186220
      821.000     0.186160
      822.000     0.186099
      823.000     0.186039
      824.000     0.185979
      825.000     0.186396
      826.000     0.186813
      827.000     0.187230
      828.000     0.187647
      829.000     0.188368
      830.000     0.189090
      831.000     0.189811
      832.000     0.190532
      833.000     0.190614
      834.000     0.190695
      835.000     0.190777
      836.000     0.190859
      837.000     0.191224
      838.000     0.191588
      839.000     0.191953
      840.000     0.192318
      841.000     0.192523
      842.000     0.192729
      843.000     0.192934
      844.000     0.193139
      845.000     0.193604
      846.000     0.194069
      847.000     0.194534
      848.000     0.194999
      849.000     0.194670
      850.000     0.194342
      851.000     0.194013
      852.000     0.193684
      853.000     0.194152
      854.000     0.194621
      855.000     0.195089
      856.000     0.195557
      857.000     0.195642
      858.000     0.195726
      859.000     0.195810
      860.000     0.195895
      861.000     0.196572
      862.000     0.197250
      863.000     0.197927
      864.000     0.198604
      865.000     0.198561
      866.000     0.198518
      867.000     0.198474
      868.000     0.198431
      869.000     0.199314
      870.000     0.200197
      871.000     0.201080
      872.000     0.201963
      873.000     0.201708
      874.000     0.201453
      875.000     0.201198
      876.000     0.200943
      877.000     0.201014
      878.000     0.201084
      879.000     0.201155
      880.000     0.201226
      881.000     0.201550
      882.000     0.201874
      883.000     0.202197
      884.000     0.202521
      885.000     0.202037
      886.000     0.201552
      887.000     0.201068
      888.000     0.200584
      889.000     0.200947
      890.000     0.201311
      891.000     0.201675
      892.000     0.202038
      893.000     0.202053
      894.000     0.202069
      895.000     0.202084
      896.000     0.202099
      897.000     0.202327
      898.000     0.202556
      899.000     0.202784
      900.000     0.203012
      901.000     0.202794
      902.000     0.202577
      903.000     0.202359
      904.000     0.202141
      905.000     0.202657
      906.000     0.203173
      907.000     0.203689
      908.000     0.204205
      909.000     0.204751
      910.000     0.205298
      911.000     0.205844
      912.000     0.206391
      913.000     0.206391
      914.000     0.206391
      915.000     0.206391
      916.000     0.206391
      917.000     0.206778
      918.000     0.207165
      919.000     0.207552
      920.000     0.207939
      921.000     0.208131
      922.000     0.208324
      923.000     0.208516
      924.000     0.208709
      925.000     0.209412
      926.000     0.210116
      927.000     0.210819
      928.000     0.211523
      929.000     0.211876
      930.000     0.212229
      931.000     0.212581
      932.000     0.212934
      933.000     0.212902
      934.000     0.212869
      935.000     0.212837
      936.000     0.212805
      937.000     0.213243
      938.000     0.213682
      939.000     0.214121
      940.000     0.214559
      941.000     0.214462
      942.000     0.214364
      943.000     0.214267
      944.000     0.214170
      945.000     0.214825
      946.000     0.215480
      947.000     0.216135
      948.000     0.216790
      949.000     0.216456
      950.000     0.216123
      951.000     0.215789
      952.000     0.215455
      953.000     0.216058
      954.000     0.216661
      955.000     0.217264
      956.000     0.217867
      957.000     0.218121
      958.000     0.218376
      959.000     0.218630
      960.000     0.218885
      961.000     0.219604
      962.000     0.220322
      963.000     0.221040
      964.000     0.221759
      965.000     0.221836
      966.000     0.221913
      967.000     0.221990
      968.000     0.222067
      969.000     0.222684
      970.000     0.223301
      971.000     0.223918
      972.000     0.224535
      973.000     0.224392
      974.000     0.224248
      975.000     0.224104
      976.000     0.223961
      977.000     0.224500
      978.000     0.225040
      979.000     0.225580
      980.000     0.226119
      981.000     0.226535
      982.000     0.226952
      983.000     0.227368
      984.000     0.227784
      985.000     0.227093
      986.000     0.226403
      987.000     0.225712
      988.000     0.225021
      989.000     0.225950
      990.000     0.226878
      991.000     0.227807
      992.000     0.228736
      993.000     0.228953
      994.000     0.229170
      995.000     0.229387
      996.000     0.229604
      997.000     0.229196
      998.000     0.228788
      999.000     0.228380
      1000.00     0.227972
      1001.00     0.228054
      1002.00     0.228137
      1003.00     0.228220
      1004.00     0.228302
      1005.00     0.228621
      1006.00     0.228941
      1007.00     0.229260
      1008.00     0.229579
      1009.00     0.230126
      1010.00     0.230674
      1011.00     0.231221
      1012.00     0.231768
      1013.00     0.232018
      1014.00     0.232267
      1015.00     0.232517
      1016.00     0.232767
      1017.00     0.233258
      1018.00     0.233749
      1019.00     0.234241
      1020.00     0.234732
      1021.00     0.234982
      1022.00     0.235232
      1023.00     0.235482
      1024.00     0.235732
      1025.00     0.235378
      1026.00     0.235024
      1027.00     0.234670
      1028.00     0.234316
      1029.00     0.235169
      1030.00     0.236022
      1031.00     0.236875
      1032.00     0.237728
      1033.00     0.238763
      1034.00     0.239798
      1035.00     0.240834
      1036.00     0.241869
      1037.00     0.241651
      1038.00     0.241434
      1039.00     0.241216
      1040.00     0.240999
      1041.00     0.241389
      1042.00     0.241779
      1043.00     0.242169
      1044.00     0.242559
      1045.00     0.242947
      1046.00     0.243335
      1047.00     0.243722
      1048.00     0.244110
      1049.00     0.244219
      1050.00     0.244327
      1051.00     0.244436
      1052.00     0.244545
      1053.00     0.244436
      1054.00     0.244327
      1055.00     0.244219
      1056.00     0.244110
      1057.00     0.244428
      1058.00     0.244747
      1059.00     0.245066
      1060.00     0.245384
      1061.00     0.244959
      1062.00     0.244533
      1063.00     0.244107
      1064.00     0.243682
      1065.00     0.243822
      1066.00     0.243961
      1067.00     0.244100
      1068.00     0.244240
      1069.00     0.244737
      1070.00     0.245234
      1071.00     0.245732
      1072.00     0.246229
      1073.00     0.246730
      1074.00     0.247230
      1075.00     0.247731
      1076.00     0.248232
      1077.00     0.248086
      1078.00     0.247941
      1079.00     0.247795
      1080.00     0.247649
      1081.00     0.248177
      1082.00     0.248706
      1083.00     0.249234
      1084.00     0.249763
      1085.00     0.250082
      1086.00     0.250402
      1087.00     0.250721
      1088.00     0.251041
      1089.00     0.250784
      1090.00     0.250528
      1091.00     0.250271
      1092.00     0.250014
      1093.00     0.250504
      1094.00     0.250993
      1095.00     0.251483
      1096.00     0.251972
      1097.00     0.251410
      1098.00     0.250847
      1099.00     0.250284
      1100.00     0.249722
      1101.00     0.250677
      1102.00     0.251631
      1103.00     0.252586
      1104.00     0.253541
      1105.00     0.253770
      1106.00     0.253999
      1107.00     0.254227
      1108.00     0.254456
      1109.00     0.254382
      1110.00     0.254309
      1111.00     0.254235
      1112.00     0.254161
      1113.00     0.254346
      1114.00     0.254532
      1115.00     0.254717
      1116.00     0.254902
      1117.00     0.255802
      1118.00     0.256702
      1119.00     0.257602
      1120.00     0.258502
      1121.00     0.258671
      1122.00     0.258839
      1123.00     0.259008
      1124.00     0.259176
      1125.00     0.260211
      1126.00     0.261247
      1127.00     0.262282
      1128.00     0.263317
      1129.00     0.262974
      1130.00     0.262631
      1131.00     0.262289
      1132.00     0.261946
      1133.00     0.261797
      1134.00     0.261649
      1135.00     0.261501
      1136.00     0.261352
      1137.00     0.260790
      1138.00     0.260229
      1139.00     0.259668
      1140.00     0.259106
      1141.00     0.259308
      1142.00     0.259510
      1143.00     0.259711
      1144.00     0.259913
      1145.00     0.260673
      1146.00     0.261432
      1147.00     0.262192
      1148.00     0.262952
      1149.00     0.262856
      1150.00     0.262760
      1151.00     0.262664
      1152.00     0.262568
      1153.00     0.263683
      1154.00     0.264798
      1155.00     0.265913
      1156.00     0.267028
      1157.00     0.267283
      1158.00     0.267538
      1159.00     0.267793
      1160.00     0.268048
      1161.00     0.267856
      1162.00     0.267665
      1163.00     0.267474
      1164.00     0.267282
      1165.00     0.267405
      1166.00     0.267528
      1167.00     0.267650
      1168.00     0.267773
      1169.00     0.267735
      1170.00     0.267696
      1171.00     0.267658
      1172.00     0.267620
      1173.00     0.268391
      1174.00     0.269161
      1175.00     0.269931
      1176.00     0.270702
      1177.00     0.271123
      1178.00     0.271545
      1179.00     0.271966
      1180.00     0.272387
      1181.00     0.271884
      1182.00     0.271380
      1183.00     0.270877
      1184.00     0.270374
      1185.00     0.271034
      1186.00     0.271694
      1187.00     0.272355
      1188.00     0.273015
      1189.00     0.272787
      1190.00     0.272559
      1191.00     0.272332
      1192.00     0.272104
      1193.00     0.272291
      1194.00     0.272478
      1195.00     0.272666
      1196.00     0.272853
      1197.00     0.273210
      1198.00     0.273566
      1199.00     0.273923
      1200.00     0.274280
      1201.00     0.274240
      1202.00     0.274200
      1203.00     0.274161
      1204.00     0.274121
      1205.00     0.274319
      1206.00     0.274517
      1207.00     0.274715
      1208.00     0.274913
      1209.00     0.275071
      1210.00     0.275229
      1211.00     0.275387
      1212.00     0.275545
      1213.00     0.275962
      1214.00     0.276379
      1215.00     0.276796
      1216.00     0.277213
      1217.00     0.275549
      1218.00     0.273885
      1219.00     0.272220
      1220.00     0.270556
      1221.00     0.270954
      1222.00     0.271351
      1223.00     0.271748
      1224.00     0.272146
      1225.00     0.272901
      1226.00     0.273657
      1227.00     0.274413
      1228.00     0.275168
      1229.00     0.275568
      1230.00     0.275967
      1231.00     0.276367
      1232.00     0.276766
      1233.00     0.276883
      1234.00     0.277000
      1235.00     0.277116
      1236.00     0.277233
      1237.00     0.277152
      1238.00     0.277071
      1239.00     0.276990
      1240.00     0.276909
      1241.00     0.277065
      1242.00     0.277222
      1243.00     0.277378
      1244.00     0.277535
      1245.00     0.277691
      1246.00     0.277847
      1247.00     0.278004
      1248.00     0.278160
      1249.00     0.278980
      1250.00     0.279800
      1251.00     0.280619
      1252.00     0.281439
      1253.00     0.281532
      1254.00     0.281625
      1255.00     0.281718
      1256.00     0.281811
      1257.00     0.281770
      1258.00     0.281729
      1259.00     0.281688
      1260.00     0.281647
      1261.00     0.281289
      1262.00     0.280930
      1263.00     0.280571
      1264.00     0.280213
      1265.00     0.279222
      1266.00     0.278230
      1267.00     0.277239
      1268.00     0.276248
      1269.00     0.276749
      1270.00     0.277250
      1271.00     0.277750
      1272.00     0.278251
      1273.00     0.278875
      1274.00     0.279499
      1275.00     0.280123
      1276.00     0.280747
      1277.00     0.281134
      1278.00     0.281521
      1279.00     0.281908
      1280.00     0.282295
      1281.00     0.282476
      1282.00     0.282658
      1283.00     0.282839
      1284.00     0.283020
      1285.00     0.283077
      1286.00     0.283135
      1287.00     0.283193
      1288.00     0.283250
      1289.00     0.283359
      1290.00     0.283468
      1291.00     0.283578
      1292.00     0.283687
      1293.00     0.284171
      1294.00     0.284654
      1295.00     0.285137
      1296.00     0.285621
      1297.00     0.285503
      1298.00     0.285385
      1299.00     0.285268
      1300.00     0.285150
      1301.00     0.284530
      1302.00     0.283911
      1303.00     0.283292
      1304.00     0.282672
      1305.00     0.282302
      1306.00     0.281933
      1307.00     0.281563
      1308.00     0.281193
      1309.00     0.282149
      1310.00     0.283104
      1311.00     0.284059
      1312.00     0.285015
      1313.00     0.286049
      1314.00     0.287083
      1315.00     0.288117
      1316.00     0.289151
      1317.00     0.289790
      1318.00     0.290430
      1319.00     0.291069
      1320.00     0.291708
      1321.00     0.291521
      1322.00     0.291335
      1323.00     0.291149
      1324.00     0.290962
      1325.00     0.290941
      1326.00     0.290920
      1327.00     0.290900
      1328.00     0.290879
      1329.00     0.290859
      1330.00     0.290838
      1331.00     0.290817
      1332.00     0.290797
      1333.00     0.290633
      1334.00     0.290469
      1335.00     0.290304
      1336.00     0.290140
      1337.00     0.289999
      1338.00     0.289859
      1339.00     0.289719
      1340.00     0.289578
      1341.00     0.289782
      1342.00     0.289985
      1343.00     0.290188
      1344.00     0.290392
      1345.00     0.290638
      1346.00     0.290884
      1347.00     0.291130
      1348.00     0.291376
      1349.00     0.290998
      1350.00     0.290621
      1351.00     0.290243
      1352.00     0.289865
      1353.00     0.290345
      1354.00     0.290825
      1355.00     0.291306
      1356.00     0.291786
      1357.00     0.291492
      1358.00     0.291198
      1359.00     0.290904
      1360.00     0.290610
      1361.00     0.289905
      1362.00     0.289199
      1363.00     0.288494
      1364.00     0.287788
      1365.00     0.287823
      1366.00     0.287858
      1367.00     0.287893
      1368.00     0.287928
      1369.00     0.288333
      1370.00     0.288738
      1371.00     0.289144
      1372.00     0.289549
      1373.00     0.288804
      1374.00     0.288058
      1375.00     0.287313
      1376.00     0.286568
      1377.00     0.285952
      1378.00     0.285336
      1379.00     0.284721
      1380.00     0.284105
      1381.00     0.283626
      1382.00     0.283148
      1383.00     0.282670
      1384.00     0.282191
      1385.00     0.282127
      1386.00     0.282062
      1387.00     0.281998
      1388.00     0.281933
      1389.00     0.281270
      1390.00     0.280607
      1391.00     0.279943
      1392.00     0.279280
      1393.00     0.279102
      1394.00     0.278924
      1395.00     0.278747
      1396.00     0.278569
      1397.00     0.279093
      1398.00     0.279616
      1399.00     0.280140
      1400.00     0.280664
      1401.00     0.280990
      1402.00     0.281316
      1403.00     0.281641
      1404.00     0.281967
      1405.00     0.281295
      1406.00     0.280623
      1407.00     0.279952
      1408.00     0.279280
      1409.00     0.279960
      1410.00     0.280639
      1411.00     0.281319
      1412.00     0.281999
      1413.00     0.282256
      1414.00     0.282512
      1415.00     0.282769
      1416.00     0.283026
      1417.00     0.283689
      1418.00     0.284352
      1419.00     0.285016
      1420.00     0.285679
      1421.00     0.285311
      1422.00     0.284943
      1423.00     0.284574
      1424.00     0.284206
      1425.00     0.284742
      1426.00     0.285277
      1427.00     0.285813
      1428.00     0.286349
      1429.00     0.286552
      1430.00     0.286756
      1431.00     0.286959
      1432.00     0.287162
      1433.00     0.287615
      1434.00     0.288068
      1435.00     0.288520
      1436.00     0.288973
      1437.00     0.288932
      1438.00     0.288890
      1439.00     0.288849
      1440.00     0.288808
      1441.00     0.289120
      1442.00     0.289432
      1443.00     0.289743
      1444.00     0.290055
      1445.00     0.290363
      1446.00     0.290671
      1447.00     0.290978
      1448.00     0.291286
      1449.00     0.290875
      1450.00     0.290465
      1451.00     0.290055
      1452.00     0.289644
      1453.00     0.289094
      1454.00     0.288544
      1455.00     0.287993
      1456.00     0.287443
      1457.00     0.287749
      1458.00     0.288055
      1459.00     0.288360
      1460.00     0.288666
      1461.00     0.289136
      1462.00     0.289605
      1463.00     0.290075
      1464.00     0.290545
      1465.00     0.290382
      1466.00     0.290218
      1467.00     0.290055
      1468.00     0.289891
      1469.00     0.290233
      1470.00     0.290574
      1471.00     0.290915
      1472.00     0.291257
      1473.00     0.291018
      1474.00     0.290778
      1475.00     0.290538
      1476.00     0.290299
      1477.00     0.290769
      1478.00     0.291238
      1479.00     0.291708
      1480.00     0.292178
      1481.00     0.292302
      1482.00     0.292425
      1483.00     0.292549
      1484.00     0.292672
      1485.00     0.293612
      1486.00     0.294553
      1487.00     0.295493
      1488.00     0.296433
      1489.00     0.296667
      1490.00     0.296901
      1491.00     0.297135
      1492.00     0.297369
      1493.00     0.297781
      1494.00     0.298194
      1495.00     0.298606
      1496.00     0.299019
      1497.00     0.297722
      1498.00     0.296425
      1499.00     0.295127
      1500.00     0.293830
      1501.00     0.294329
      1502.00     0.294828
      1503.00     0.295327
      1504.00     0.295826
      1505.00     0.296634
      1506.00     0.297441
      1507.00     0.298249
      1508.00     0.299057
      1509.00     0.299628
      1510.00     0.300198
      1511.00     0.300769
      1512.00     0.301340
      1513.00     0.300851
      1514.00     0.300362
      1515.00     0.299874
      1516.00     0.299385
      1517.00     0.299579
      1518.00     0.299773
      1519.00     0.299968
      1520.00     0.300162
      1521.00     0.300815
      1522.00     0.301469
      1523.00     0.302122
      1524.00     0.302776
      1525.00     0.302523
      1526.00     0.302269
      1527.00     0.302016
      1528.00     0.301763
      1529.00     0.302308
      1530.00     0.302853
      1531.00     0.303397
      1532.00     0.303942
      1533.00     0.303942
      1534.00     0.303942
      1535.00     0.303942
      1536.00     0.303942
      1537.00     0.304963
      1538.00     0.305985
      1539.00     0.307006
      1540.00     0.308028
      1541.00     0.307549
      1542.00     0.307070
      1543.00     0.306592
      1544.00     0.306113
      1545.00     0.305317
      1546.00     0.304521
      1547.00     0.303725
      1548.00     0.302929
      1549.00     0.303277
      1550.00     0.303625
      1551.00     0.303972
      1552.00     0.304320
      1553.00     0.304462
      1554.00     0.304603
      1555.00     0.304745
      1556.00     0.304887
      1557.00     0.304972
      1558.00     0.305057
      1559.00     0.305143
      1560.00     0.305228
      1561.00     0.305364
      1562.00     0.305499
      1563.00     0.305635
      1564.00     0.305771
      1565.00     0.305779
      1566.00     0.305786
      1567.00     0.305794
      1568.00     0.305802
      1569.00     0.305937
      1570.00     0.306072
      1571.00     0.306207
      1572.00     0.306342
      1573.00     0.306739
      1574.00     0.307136
      1575.00     0.307532
      1576.00     0.307929
      1577.00     0.307703
      1578.00     0.307477
      1579.00     0.307250
      1580.00     0.307024
      1581.00     0.307003
      1582.00     0.306982
      1583.00     0.306960
      1584.00     0.306939
      1585.00     0.307260
      1586.00     0.307581
      1587.00     0.307903
      1588.00     0.308224
      1589.00     0.308310
      1590.00     0.308396
      1591.00     0.308483
      1592.00     0.308569
      1593.00     0.308655
      1594.00     0.308742
      1595.00     0.308828
      1596.00     0.308914
      1597.00     0.308656
      1598.00     0.308398
      1599.00     0.308139
      1600.00     0.307881
      1601.00     0.308833
      1602.00     0.309786
      1603.00     0.310739
      1604.00     0.311691
      1605.00     0.311136
      1606.00     0.310582
      1607.00     0.310027
      1608.00     0.309472
      1609.00     0.309606
      1610.00     0.309740
      1611.00     0.309874
      1612.00     0.310008
      1613.00     0.309965
      1614.00     0.309922
      1615.00     0.309879
      1616.00     0.309836
      1617.00     0.309951
      1618.00     0.310066
      1619.00     0.310182
      1620.00     0.310297
      1621.00     0.310881
      1622.00     0.311464
      1623.00     0.312048
      1624.00     0.312632
      1625.00     0.312502
      1626.00     0.312371
      1627.00     0.312241
      1628.00     0.312111
      1629.00     0.312200
      1630.00     0.312289
      1631.00     0.312379
      1632.00     0.312468
      1633.00     0.313037
      1634.00     0.313607
      1635.00     0.314176
      1636.00     0.314745
      1637.00     0.314527
      1638.00     0.314308
      1639.00     0.314090
      1640.00     0.313872
      1641.00     0.313699
      1642.00     0.313525
      1643.00     0.313352
      1644.00     0.313179
      1645.00     0.312871
      1646.00     0.312564
      1647.00     0.312257
      1648.00     0.311949
      1649.00     0.311863
      1650.00     0.311777
      1651.00     0.311690
      1652.00     0.311604
      1653.00     0.311998
      1654.00     0.312391
      1655.00     0.312785
      1656.00     0.313179
      1657.00     0.313095
      1658.00     0.313011
      1659.00     0.312926
      1660.00     0.312842
      1661.00     0.313102
      1662.00     0.313363
      1663.00     0.313623
      1664.00     0.313883
      1665.00     0.314404
      1666.00     0.314925
      1667.00     0.315445
      1668.00     0.315966
      1669.00     0.315575
      1670.00     0.315184
      1671.00     0.314792
      1672.00     0.314401
      1673.00     0.314097
      1674.00     0.313793
      1675.00     0.313490
      1676.00     0.313186
      1677.00     0.314031
      1678.00     0.314876
      1679.00     0.315722
      1680.00     0.316567
      1681.00     0.316503
      1682.00     0.316439
      1683.00     0.316375
      1684.00     0.316311
      1685.00     0.315878
      1686.00     0.315444
      1687.00     0.315011
      1688.00     0.314578
      1689.00     0.315011
      1690.00     0.315444
      1691.00     0.315878
      1692.00     0.316311
      1693.00     0.316224
      1694.00     0.316137
      1695.00     0.316051
      1696.00     0.315964
      1697.00     0.316115
      1698.00     0.316265
      1699.00     0.316416
      1700.00     0.316567
      1701.00     0.316393
      1702.00     0.316218
      1703.00     0.316043
      1704.00     0.315869
      1705.00     0.315073
      1706.00     0.314278
      1707.00     0.313483
      1708.00     0.312687
      1709.00     0.313420
      1710.00     0.314153
      1711.00     0.314885
      1712.00     0.315618
      1713.00     0.315184
      1714.00     0.314750
      1715.00     0.314317
      1716.00     0.313883
      1717.00     0.314186
      1718.00     0.314488
      1719.00     0.314791
      1720.00     0.315093
      1721.00     0.315136
      1722.00     0.315180
      1723.00     0.315223
      1724.00     0.315266
      1725.00     0.316037
      1726.00     0.316809
      1727.00     0.317580
      1728.00     0.318351
      1729.00     0.317667
      1730.00     0.316984
      1731.00     0.316301
      1732.00     0.315617
      1733.00     0.316161
      1734.00     0.316706
      1735.00     0.317250
      1736.00     0.317795
      1737.00     0.317641
      1738.00     0.317488
      1739.00     0.317334
      1740.00     0.317181
      1741.00     0.317007
      1742.00     0.316832
      1743.00     0.316658
      1744.00     0.316484
      1745.00     0.316981
      1746.00     0.317477
      1747.00     0.317973
      1748.00     0.318470
      1749.00     0.317997
      1750.00     0.317523
      1751.00     0.317050
      1752.00     0.316576
      1753.00     0.316884
      1754.00     0.317192
      1755.00     0.317499
      1756.00     0.317807
      1757.00     0.317763
      1758.00     0.317719
      1759.00     0.317675
      1760.00     0.317631
      1761.00     0.317628
      1762.00     0.317625
      1763.00     0.317622
      1764.00     0.317619
      1765.00     0.318052
      1766.00     0.318485
      1767.00     0.318918
      1768.00     0.319351
      1769.00     0.318721
      1770.00     0.318092
      1771.00     0.317462
      1772.00     0.316832
      1773.00     0.316832
      1774.00     0.316832
      1775.00     0.316832
      1776.00     0.316832
      1777.00     0.317457
      1778.00     0.318083
      1779.00     0.318709
      1780.00     0.319334
      1781.00     0.319721
      1782.00     0.320107
      1783.00     0.320494
      1784.00     0.320880
      1785.00     0.320038
      1786.00     0.319197
      1787.00     0.318355
      1788.00     0.317513
      1789.00     0.317556
      1790.00     0.317600
      1791.00     0.317643
      1792.00     0.317686
      1793.00     0.318484
      1794.00     0.319283
      1795.00     0.320082
      1796.00     0.320880
      1797.00     0.320836
      1798.00     0.320792
      1799.00     0.320748
      1800.00     0.320704
      1801.00     0.320208
      1802.00     0.319712
      1803.00     0.319216
      1804.00     0.318720
      1805.00     0.319452
      1806.00     0.320183
      1807.00     0.320915
      1808.00     0.321647
      1809.00     0.320742
      1810.00     0.319836
      1811.00     0.318931
      1812.00     0.318026
      1813.00     0.317596
      1814.00     0.317165
      1815.00     0.316734
      1816.00     0.316304
      1817.00     0.317294
      1818.00     0.318284
      1819.00     0.319274
      1820.00     0.320264
      1821.00     0.320527
      1822.00     0.320789
      1823.00     0.321052
      1824.00     0.321314
      1825.00     0.321820
      1826.00     0.322327
      1827.00     0.322833
      1828.00     0.323339
      1829.00     0.323054
      1830.00     0.322768
      1831.00     0.322482
      1832.00     0.322197
      1833.00     0.322911
      1834.00     0.323625
      1835.00     0.324339
      1836.00     0.325053
      1837.00     0.325126
      1838.00     0.325200
      1839.00     0.325273
      1840.00     0.325347
      1841.00     0.325314
      1842.00     0.325280
      1843.00     0.325247
      1844.00     0.325214
      1845.00     0.325436
      1846.00     0.325659
      1847.00     0.325881
      1848.00     0.326103
      1849.00     0.325390
      1850.00     0.324677
      1851.00     0.323965
      1852.00     0.323252
      1853.00     0.322172
      1854.00     0.321092
      1855.00     0.320013
      1856.00     0.318933
      1857.00     0.318941
      1858.00     0.318949
      1859.00     0.318958
      1860.00     0.318966
      1861.00     0.318417
      1862.00     0.317868
      1863.00     0.317319
      1864.00     0.316770
      1865.00     0.316730
      1866.00     0.316691
      1867.00     0.316651
      1868.00     0.316611
      1869.00     0.315270
      1870.00     0.313928
      1871.00     0.312587
      1872.00     0.311246
      1873.00     0.311043
      1874.00     0.310840
      1875.00     0.310636
      1876.00     0.310433
      1877.00     0.309084
      1878.00     0.307734
      1879.00     0.306385
      1880.00     0.305036
      1881.00     0.302610
      1882.00     0.300183
      1883.00     0.297757
      1884.00     0.295331
      1885.00     0.293457
      1886.00     0.291583
      1887.00     0.289710
      1888.00     0.287836
      1889.00     0.286331
      1890.00     0.284826
      1891.00     0.283321
      1892.00     0.281816
      1893.00     0.280079
      1894.00     0.278342
      1895.00     0.276604
      1896.00     0.274867
      1897.00     0.272901
      1898.00     0.270934
      1899.00     0.268968
      1900.00     0.267002
      1901.00     0.265926
      1902.00     0.264851
      1903.00     0.263775
      1904.00     0.262700
      1905.00     0.262158
      1906.00     0.261616
      1907.00     0.261075
      1908.00     0.260533
      1909.00     0.260496
      1910.00     0.260458
      1911.00     0.260421
      1912.00     0.260384
      1913.00     0.259908
      1914.00     0.259432
      1915.00     0.258957
      1916.00     0.258481
      1917.00     0.258319
      1918.00     0.258156
      1919.00     0.257994
      1920.00     0.257832
      1921.00     0.258547
      1922.00     0.259262
      1923.00     0.259977
      1924.00     0.260692
      1925.00     0.260994
      1926.00     0.261295
      1927.00     0.261597
      1928.00     0.261899
      1929.00     0.262423
      1930.00     0.262946
      1931.00     0.263470
      1932.00     0.263994
      1933.00     0.264067
      1934.00     0.264140
      1935.00     0.264214
      1936.00     0.264287
      1937.00     0.264729
      1938.00     0.265171
      1939.00     0.265614
      1940.00     0.266056
      1941.00     0.266681
      1942.00     0.267306
      1943.00     0.267931
      1944.00     0.268556
      1945.00     0.269512
      1946.00     0.270469
      1947.00     0.271425
      1948.00     0.272381
      1949.00     0.272782
      1950.00     0.273183
      1951.00     0.273584
      1952.00     0.273985
      1953.00     0.274899
      1954.00     0.275813
      1955.00     0.276726
      1956.00     0.277640
      1957.00     0.278668
      1958.00     0.279696
      1959.00     0.280724
      1960.00     0.281752
      1961.00     0.282562
      1962.00     0.283373
      1963.00     0.284184
      1964.00     0.284994
      1965.00     0.285508
      1966.00     0.286022
      1967.00     0.286537
      1968.00     0.287051
      1969.00     0.286405
      1970.00     0.285758
      1971.00     0.285112
      1972.00     0.284466
      1973.00     0.284561
      1974.00     0.284656
      1975.00     0.284750
      1976.00     0.284845
      1977.00     0.284905
      1978.00     0.284965
      1979.00     0.285024
      1980.00     0.285084
      1981.00     0.285594
      1982.00     0.286103
      1983.00     0.286613
      1984.00     0.287122
      1985.00     0.287570
      1986.00     0.288018
      1987.00     0.288466
      1988.00     0.288914
      1989.00     0.289382
      1990.00     0.289850
      1991.00     0.290318
      1992.00     0.290786
      1993.00     0.291000
      1994.00     0.291214
      1995.00     0.291428
      1996.00     0.291642
      1997.00     0.292221
      1998.00     0.292801
      1999.00     0.293380
      2000.00     0.293959
      2001.00     0.295317
      2002.00     0.296674
      2003.00     0.298032
      2004.00     0.299390
      2005.00     0.299147
      2006.00     0.298903
      2007.00     0.298660
      2008.00     0.298417
      2009.00     0.298640
      2010.00     0.298862
      2011.00     0.299084
      2012.00     0.299307
      2013.00     0.299812
      2014.00     0.300317
      2015.00     0.300822
      2016.00     0.301327
      2017.00     0.301757
      2018.00     0.302188
      2019.00     0.302618
      2020.00     0.303048
      2021.00     0.302967
      2022.00     0.302886
      2023.00     0.302804
      2024.00     0.302723
      2025.00     0.302811
      2026.00     0.302900
      2027.00     0.302988
      2028.00     0.303076
      2029.00     0.302293
      2030.00     0.301510
      2031.00     0.300727
      2032.00     0.299944
      2033.00     0.300064
      2034.00     0.300184
      2035.00     0.300304
      2036.00     0.300424
      2037.00     0.300594
      2038.00     0.300764
      2039.00     0.300934
      2040.00     0.301104
      2041.00     0.302186
      2042.00     0.303268
      2043.00     0.304349
      2044.00     0.305431
      2045.00     0.305019
      2046.00     0.304606
      2047.00     0.304194
      2048.00     0.303782
      2049.00     0.303910
      2050.00     0.304039
      2051.00     0.304168
      2052.00     0.304296
      2053.00     0.304424
      2054.00     0.304553
      2055.00     0.304682
      2056.00     0.304810
      2057.00     0.304649
      2058.00     0.304488
      2059.00     0.304327
      2060.00     0.304166
      2061.00     0.304697
      2062.00     0.305229
      2063.00     0.305761
      2064.00     0.306292
      2065.00     0.306292
      2066.00     0.306292
      2067.00     0.306292
      2068.00     0.306292
      2069.00     0.306018
      2070.00     0.305744
      2071.00     0.305470
      2072.00     0.305196
      2073.00     0.305609
      2074.00     0.306022
      2075.00     0.306435
      2076.00     0.306848
      2077.00     0.305784
      2078.00     0.304720
      2079.00     0.303656
      2080.00     0.302175
      2081.00     0.299865
      2082.00     0.298874
      2083.00     0.299243
      2084.00     0.299442
      2085.00     0.299752
      2086.00     0.300231
      2087.00     0.300346
      2088.00     0.300247
      2089.00     0.300505
      2090.00     0.300368
      2091.00     0.299562
      2092.00     0.299178
      2093.00     0.299650
      2094.00     0.299933
      2095.00     0.300133
      2096.00     0.300126
      2097.00     0.299611
      2098.00     0.299360
      2099.00     0.299984
      2100.00     0.300953
      2101.00     0.301578
      2102.00     0.302137
      2103.00     0.302156
      2104.00     0.301281
      2105.00     0.300049
      2106.00     0.299290
      2107.00     0.298990
      2108.00     0.299153
      2109.00     0.299518
      2110.00     0.299538
      2111.00     0.299230
      2112.00     0.299362
      2113.00     0.299981
      2114.00     0.300850
      2115.00     0.301294
      2116.00     0.300964
      2117.00     0.300506
      2118.00     0.300522
      2119.00     0.300669
      2120.00     0.300793
      2121.00     0.301111
      2122.00     0.301047
      2123.00     0.300673
      2124.00     0.300484
      2125.00     0.300117
      2126.00     0.299591
      2127.00     0.299370
      2128.00     0.299327
      2129.00     0.299164
      2130.00     0.299276
      2131.00     0.299433
      2132.00     0.299455
      2133.00     0.299813
      2134.00     0.300301
      2135.00     0.300456
      2136.00     0.300280
      2137.00     0.299924
      2138.00     0.299489
      2139.00     0.299411
      2140.00     0.299971
      2141.00     0.300673
      2142.00     0.300959
      2143.00     0.300652
      2144.00     0.299648
      2145.00     0.298801
      2146.00     0.298588
      2147.00     0.298738
      2148.00     0.298746
      2149.00     0.298437
      2150.00     0.297807
      2151.00     0.297083
      2152.00     0.296786
      2153.00     0.297057
      2154.00     0.297234
      2155.00     0.296814
      2156.00     0.296183
      2157.00     0.295767
      2158.00     0.295431
      2159.00     0.295296
      2160.00     0.295372
      2161.00     0.295339
      2162.00     0.295115
      2163.00     0.295093
      2164.00     0.295331
      2165.00     0.295480
      2166.00     0.295368
      2167.00     0.294852
      2168.00     0.294164
      2169.00     0.293858
      2170.00     0.293569
      2171.00     0.293026
      2172.00     0.292628
      2173.00     0.292253
      2174.00     0.291784
      2175.00     0.291606
      2176.00     0.292051
      2177.00     0.292512
      2178.00     0.292611
      2179.00     0.292651
      2180.00     0.292497
      2181.00     0.291901
      2182.00     0.291188
      2183.00     0.290915
      2184.00     0.290473
      2185.00     0.289996
      2186.00     0.289758
      2187.00     0.289463
      2188.00     0.289040
      2189.00     0.288786
      2190.00     0.288786
      2191.00     0.288607
      2192.00     0.288356
      2193.00     0.288134
      2194.00     0.287611
      2195.00     0.287035
      2196.00     0.286577
      2197.00     0.286314
      2198.00     0.286270
      2199.00     0.286254
      2200.00     0.286084
      2201.00     0.285768
      2202.00     0.285377
      2203.00     0.284896
      2204.00     0.284470
      2205.00     0.284314
      2206.00     0.284074
      2207.00     0.283644
      2208.00     0.283404
      2209.00     0.283422
      2210.00     0.283768
      2211.00     0.284763
      2212.00     0.286038
      2213.00     0.287430
      2214.00     0.288754
      2215.00     0.289701
      2216.00     0.290140
      2217.00     0.290384
      2218.00     0.290741
      2219.00     0.291205
      2220.00     0.291658
      2221.00     0.292576
      2222.00     0.293396
      2223.00     0.293625
      2224.00     0.293615
      2225.00     0.293442
      2226.00     0.293187
      2227.00     0.292975
      2228.00     0.293277
      2229.00     0.294020
      2230.00     0.294224
      2231.00     0.293865
      2232.00     0.293400
      2233.00     0.293075
      2234.00     0.292948
      2235.00     0.293196
      2236.00     0.293819
      2237.00     0.294223
      2238.00     0.294126
      2239.00     0.293869
      2240.00     0.293680
      2241.00     0.293645
      2242.00     0.293717
      2243.00     0.293913
      2244.00     0.293965
      2245.00     0.293738
      2246.00     0.293394
      2247.00     0.292944
      2248.00     0.292706
      2249.00     0.292705
      2250.00     0.292885
      2251.00     0.293002
      2252.00     0.292853
      2253.00     0.292399
      2254.00     0.291789
      2255.00     0.291364
      2256.00     0.291472
      2257.00     0.291718
      2258.00     0.291878
      2259.00     0.291958
      2260.00     0.291941
      2261.00     0.291602
      2262.00     0.291092
      2263.00     0.290816
      2264.00     0.290919
      2265.00     0.290988
      2266.00     0.290734
      2267.00     0.290394
      2268.00     0.290144
      2269.00     0.290002
      2270.00     0.289945
      2271.00     0.289940
      2272.00     0.290080
      2273.00     0.290053
      2274.00     0.289830
      2275.00     0.289521
      2276.00     0.289275
      2277.00     0.288979
      2278.00     0.288524
      2279.00     0.288087
      2280.00     0.287768
      2281.00     0.287485
      2282.00     0.287575
      2283.00     0.287922
      2284.00     0.287997
      2285.00     0.287648
      2286.00     0.287227
      2287.00     0.286989
      2288.00     0.286724
      2289.00     0.286351
      2290.00     0.286116
      2291.00     0.286114
      2292.00     0.285996
      2293.00     0.285732
      2294.00     0.285613
      2295.00     0.285631
      2296.00     0.285532
      2297.00     0.285263
      2298.00     0.284882
      2299.00     0.284560
      2300.00     0.284330
      2301.00     0.284030
      2302.00     0.283627
      2303.00     0.283156
      2304.00     0.282876
      2305.00     0.282572
      2306.00     0.282312
      2307.00     0.282301
      2308.00     0.282354
      2309.00     0.282231
      2310.00     0.281968
      2311.00     0.281760
      2312.00     0.281659
      2313.00     0.281531
      2314.00     0.281507
      2315.00     0.281743
      2316.00     0.281940
      2317.00     0.281796
      2318.00     0.281591
      2319.00     0.281590
      2320.00     0.281694
      2321.00     0.281729
      2322.00     0.281701
      2323.00     0.281729
      2324.00     0.281753
      2325.00     0.281673
      2326.00     0.281566
      2327.00     0.281624
      2328.00     0.281742
      2329.00     0.281863
      2330.00     0.282023
      2331.00     0.281945
      2332.00     0.281788
      2333.00     0.281838
      2334.00     0.281837
      2335.00     0.281749
      2336.00     0.281476
      2337.00     0.280940
      2338.00     0.280344
      2339.00     0.279655
      2340.00     0.279025
      2341.00     0.278621
      2342.00     0.278416
      2343.00     0.278315
      2344.00     0.278256
      2345.00     0.278139
      2346.00     0.277957
      2347.00     0.277744
      2348.00     0.277574
      2349.00     0.277409
      2350.00     0.277201
      2351.00     0.276973
      2352.00     0.276666
      2353.00     0.276435
      2354.00     0.276496
      2355.00     0.276575
      2356.00     0.276624
      2357.00     0.276709
      2358.00     0.276736
      2359.00     0.276595
      2360.00     0.276302
      2361.00     0.276060
      2362.00     0.276142
      2363.00     0.276508
      2364.00     0.276674
      2365.00     0.276576
      2366.00     0.276439
      2367.00     0.276116
      2368.00     0.275777
      2369.00     0.275559
      2370.00     0.275444
      2371.00     0.275311
      2372.00     0.275096
      2373.00     0.274851
      2374.00     0.274597
      2375.00     0.274281
      2376.00     0.274012
      2377.00     0.273998
      2378.00     0.274085
      2379.00     0.273892
      2380.00     0.273481
      2381.00     0.273191
      2382.00     0.272958
      2383.00     0.272655
      2384.00     0.272414
      2385.00     0.272339
      2386.00     0.272330
      2387.00     0.272281
      2388.00     0.272172
      2389.00     0.271999
      2390.00     0.271750
      2391.00     0.271470
      2392.00     0.271211
      2393.00     0.271041
      2394.00     0.270879
      2395.00     0.270748
      2396.00     0.270773
      2397.00     0.270945
      2398.00     0.271086
      2399.00     0.271169
      2400.00     0.271262
      2401.00     0.271102
      2402.00     0.270708
      2403.00     0.270257
      2404.00     0.269814
      2405.00     0.269419
      2406.00     0.269164
      2407.00     0.269111
      2408.00     0.269273
      2409.00     0.269538
      2410.00     0.269593
      2411.00     0.269435
      2412.00     0.269192
      2413.00     0.268821
      2414.00     0.268279
      2415.00     0.267665
      2416.00     0.267120
      2417.00     0.266668
      2418.00     0.266293
      2419.00     0.266036
      2420.00     0.265823
      2421.00     0.265553
      2422.00     0.265294
      2423.00     0.265010
      2424.00     0.264672
      2425.00     0.264301
      2426.00     0.263867
      2427.00     0.263510
      2428.00     0.263195
      2429.00     0.262786
      2430.00     0.262361
      2431.00     0.261884
      2432.00     0.261311
      2433.00     0.260720
      2434.00     0.260238
      2435.00     0.259833
      2436.00     0.259569
      2437.00     0.259248
      2438.00     0.258975
      2439.00     0.258749
      2440.00     0.258474
      2441.00     0.258082
      2442.00     0.257627
      2443.00     0.257201
      2444.00     0.256768
      2445.00     0.256468
      2446.00     0.256214
      2447.00     0.255981
      2448.00     0.255766
      2449.00     0.255582
      2450.00     0.255466
      2451.00     0.255217
      2452.00     0.254804
      2453.00     0.254344
      2454.00     0.253966
      2455.00     0.253715
      2456.00     0.253494
      2457.00     0.253210
      2458.00     0.252965
      2459.00     0.252711
      2460.00     0.252359
      2461.00     0.251988
      2462.00     0.251661
      2463.00     0.251402
      2464.00     0.251240
      2465.00     0.250955
      2466.00     0.250578
      2467.00     0.250103
      2468.00     0.249499
      2469.00     0.248852
      2470.00     0.248340
      2471.00     0.248066
      2472.00     0.247972
      2473.00     0.247908
      2474.00     0.247808
      2475.00     0.247700
      2476.00     0.247579
      2477.00     0.247369
      2478.00     0.247088
      2479.00     0.246806
      2480.00     0.246490
      2481.00     0.246103
      2482.00     0.245679
      2483.00     0.245302
      2484.00     0.244999
      2485.00     0.244769
      2486.00     0.244540
      2487.00     0.244389
      2488.00     0.244290
      2489.00     0.244161
      2490.00     0.243911
      2491.00     0.243664
      2492.00     0.243547
      2493.00     0.243449
      2494.00     0.243324
      2495.00     0.243178
      2496.00     0.243066
      2497.00     0.242994
      2498.00     0.242939
      2499.00     0.242860
      2500.00     0.242737
