      400.000   0.00645600
      401.000   0.00814300
      402.000   0.00924200
      403.000   0.00913300
      404.000   0.00882200
      405.000    0.0117950
      406.000    0.0149090
      407.000    0.0150800
      408.000    0.0157700
      409.000    0.0188020
      410.000    0.0162450
      411.000    0.0173260
      412.000    0.0178790
      413.000    0.0223810
      414.000    0.0227720
      415.000    0.0229680
      416.000    0.0233630
      417.000    0.0241530
      418.000    0.0251400
      419.000    0.0262270
      420.000    0.0275150
      421.000    0.0306710
      422.000    0.0309990
      423.000    0.0314390
      424.000    0.0329410
      425.000    0.0327340
      426.000    0.0362750
      427.000    0.0391960
      428.000    0.0396810
      429.000    0.0404310
      430.000    0.0430970
      431.000    0.0466670
      432.000    0.0444890
      433.000    0.0441500
      434.000    0.0463970
      435.000    0.0480680
      436.000    0.0492760
      437.000    0.0527770
      438.000    0.0527770
      439.000    0.0527770
      440.000    0.0579630
      441.000    0.0600480
      442.000    0.0605310
      443.000    0.0625210
      444.000    0.0656470
      445.000    0.0667320
      446.000    0.0674940
      447.000    0.0705470
      448.000    0.0711310
      449.000    0.0706450
      450.000    0.0731020
      451.000    0.0769980
      452.000    0.0782330
      453.000    0.0790960
      454.000    0.0807810
      455.000    0.0802550
      456.000    0.0784360
      457.000    0.0782650
      458.000    0.0812640
      459.000    0.0803440
      460.000    0.0835120
      461.000    0.0872180
      462.000    0.0875270
      463.000    0.0867860
      464.000    0.0889590
      465.000    0.0880240
      466.000    0.0912310
      467.000    0.0891290
      468.000    0.0914220
      469.000    0.0935710
      470.000    0.0961450
      471.000    0.0952210
      472.000    0.0943840
      473.000    0.0949680
      474.000    0.0966120
      475.000     0.100500
      476.000     0.103570
      477.000    0.0998460
      478.000     0.103350
      479.000     0.104410
      480.000     0.106100
      481.000     0.107370
      482.000     0.108060
      483.000     0.108260
      484.000     0.108890
      485.000     0.111660
      486.000     0.113840
      487.000     0.114620
      488.000     0.115670
      489.000     0.115900
      490.000     0.118960
      491.000     0.120560
      492.000     0.120110
      493.000     0.122070
      494.000     0.123260
      495.000     0.123260
      496.000     0.123160
      497.000     0.129210
      498.000     0.133160
      499.000     0.135860
      500.000     0.136170
      501.000     0.136000
      502.000     0.137850
      503.000     0.138360
      504.000     0.138670
      505.000     0.138310
      506.000     0.141810
      507.000     0.141850
      508.000     0.141850
      509.000     0.144770
      510.000     0.151880
      511.000     0.152660
      512.000     0.152130
      513.000     0.154740
      514.000     0.155540
      515.000     0.160810
      516.000     0.162140
      517.000     0.163740
      518.000     0.165130
      519.000     0.167460
      520.000     0.169630
      521.000     0.172470
      522.000     0.171040
      523.000     0.173600
      524.000     0.177260
      525.000     0.178590
      526.000     0.178300
      527.000     0.179010
      528.000     0.181300
      529.000     0.182340
      530.000     0.185120
      531.000     0.188750
      532.000     0.189790
      533.000     0.192970
      534.000     0.196110
      535.000     0.195440
      536.000     0.196790
      537.000     0.204230
      538.000     0.206310
      539.000     0.208490
      540.000     0.210990
      541.000     0.215290
      542.000     0.214250
      543.000     0.214630
      544.000     0.221110
      545.000     0.222590
      546.000     0.224670
      547.000     0.228900
      548.000     0.231390
      549.000     0.233740
      550.000     0.236840
      551.000     0.239930
      552.000     0.243010
      553.000     0.245400
      554.000     0.248840
      555.000     0.251210
      556.000     0.254220
      557.000     0.254150
      558.000     0.258320
      559.000     0.253560
      560.000     0.260360
      561.000     0.264780
      562.000     0.270290
      563.000     0.272360
      564.000     0.274670
      565.000     0.276670
      566.000     0.281890
      567.000     0.285380
      568.000     0.285720
      569.000     0.290660
      570.000     0.294990
      571.000     0.297070
      572.000     0.296450
      573.000     0.300820
      574.000     0.305980
      575.000     0.305480
      576.000     0.308760
      577.000     0.311920
      578.000     0.310750
      579.000     0.312860
      580.000     0.319460
      581.000     0.320520
      582.000     0.327620
      583.000     0.326250
      584.000     0.329450
      585.000     0.339690
      586.000     0.339770
      587.000     0.337530
      588.000     0.342120
      589.000     0.340450
      590.000     0.342690
      591.000     0.347720
      592.000     0.345330
      593.000     0.348890
      594.000     0.349580
      595.000     0.345900
      596.000     0.355590
      597.000     0.354370
      598.000     0.357090
      599.000     0.357180
      600.000     0.358020
      601.000     0.358680
      602.000     0.360500
      603.000     0.362010
      604.000     0.362160
      605.000     0.364820
      606.000     0.367070
      607.000     0.367620
      608.000     0.366560
      609.000     0.370750
      610.000     0.367530
      611.000     0.369760
      612.000     0.368780
      613.000     0.368390
      614.000     0.368350
      615.000     0.371440
      616.000     0.368410
      617.000     0.366050
      618.000     0.367020
      619.000     0.369560
      620.000     0.372670
      621.000     0.373080
      622.000     0.372470
      623.000     0.377700
      624.000     0.377790
      625.000     0.376650
      626.000     0.379770
      627.000     0.379290
      628.000     0.378800
      629.000     0.380770
      630.000     0.382870
      631.000     0.382800
      632.000     0.382960
      633.000     0.378880
      634.000     0.385010
      635.000     0.387020
      636.000     0.388540
      637.000     0.384900
      638.000     0.377500
      639.000     0.381460
      640.000     0.389620
      641.000     0.392160
      642.000     0.394230
      643.000     0.391200
      644.000     0.387610
      645.000     0.391710
      646.000     0.392170
      647.000     0.391170
      648.000     0.394770
      649.000     0.394240
      650.000     0.394150
      651.000     0.397330
      652.000     0.398290
      653.000     0.395750
      654.000     0.398300
      655.000     0.400870
      656.000     0.404500
      657.000     0.404570
      658.000     0.403500
      659.000     0.404480
      660.000     0.405540
      661.000     0.405540
      662.000     0.407620
      663.000     0.405000
      664.000     0.404470
      665.000     0.404460
      666.000     0.409630
      667.000     0.413280
      668.000     0.414880
      669.000     0.410660
      670.000     0.407020
      671.000     0.408040
      672.000     0.411700
      673.000     0.415350
      674.000     0.420070
      675.000     0.418930
      676.000     0.419490
      677.000     0.417920
      678.000     0.416810
      679.000     0.417880
      680.000     0.416210
      681.000     0.420350
      682.000     0.419860
      683.000     0.425530
      684.000     0.425040
      685.000     0.424500
      686.000     0.425500
      687.000     0.423940
      688.000     0.428190
      689.000     0.428160
      690.000     0.426420
      691.000     0.426560
      692.000     0.428190
      693.000     0.429760
      694.000     0.433340
      695.000     0.437460
      696.000     0.440720
      697.000     0.441330
      698.000     0.441060
      699.000     0.441050
      700.000     0.441530
      701.000     0.446630
      702.000     0.445980
      703.000     0.438650
      704.000     0.439650
      705.000     0.446790
      706.000     0.448260
      707.000     0.448360
      708.000     0.450390
      709.000     0.447260
      710.000     0.446790
      711.000     0.446790
      712.000     0.448620
      713.000     0.448810
      714.000     0.450020
      715.000     0.452070
      716.000     0.457140
      717.000     0.456010
      718.000     0.448070
      719.000     0.446970
      720.000     0.442090
      721.000     0.445060
      722.000     0.448240
      723.000     0.453340
      724.000     0.452030
      725.000     0.450690
      726.000     0.449600
      727.000     0.452340
      728.000     0.453780
      729.000     0.453780
      730.000     0.454890
      731.000     0.453680
      732.000     0.458010
      733.000     0.460130
      734.000     0.458010
      735.000     0.460010
      736.000     0.461140
      737.000     0.456780
      738.000     0.458340
      739.000     0.458780
      740.000     0.462340
      741.000     0.463210
      742.000     0.466200
      743.000     0.466030
      744.000     0.461780
      745.000     0.459220
      746.000     0.462220
      747.000     0.462650
      748.000     0.458990
      749.000     0.461220
      750.000     0.464210
      751.000     0.459670
      752.000     0.461220
      753.000     0.464210
      754.000     0.469040
      755.000     0.467030
      756.000     0.463650
      757.000     0.463650
      758.000     0.464410
      759.000     0.465830
      760.000     0.464960
      761.000     0.467770
      762.000     0.467900
      763.000     0.470040
      764.000     0.464530
      765.000     0.462620
      766.000     0.465400
      767.000     0.466820
      768.000     0.464720
      769.000     0.463430
      770.000     0.464840
      771.000     0.463860
      772.000     0.466700
      773.000     0.468380
      774.000     0.471770
      775.000     0.474050
      776.000     0.468900
      777.000     0.470630
      778.000     0.467690
      779.000     0.468810
      780.000     0.467400
      781.000     0.470500
      782.000     0.472770
      783.000     0.468390
      784.000     0.471500
      785.000     0.470340
      786.000     0.468210
      787.000     0.463550
      788.000     0.468520
      789.000     0.469390
      790.000     0.469510
      791.000     0.466720
      792.000     0.468950
      793.000     0.472630
      794.000     0.472490
      795.000     0.474200
      796.000     0.473200
      797.000     0.471900
      798.000     0.469030
      799.000     0.469030
      800.000     0.469030
      801.000     0.470510
      802.000     0.471990
      803.000     0.473470
      804.000     0.474950
      805.000     0.474352
      806.000     0.473755
      807.000     0.473158
      808.000     0.472560
      809.000     0.470753
      810.000     0.468945
      811.000     0.467138
      812.000     0.465330
      813.000     0.466295
      814.000     0.467260
      815.000     0.468225
      816.000     0.469190
      817.000     0.470525
      818.000     0.471860
      819.000     0.473195
      820.000     0.474530
      821.000     0.475598
      822.000     0.476665
      823.000     0.477732
      824.000     0.478800
      825.000     0.478427
      826.000     0.478055
      827.000     0.477683
      828.000     0.477310
      829.000     0.477432
      830.000     0.477555
      831.000     0.477677
      832.000     0.477800
      833.000     0.477545
      834.000     0.477290
      835.000     0.477035
      836.000     0.476780
      837.000     0.477015
      838.000     0.477250
      839.000     0.477485
      840.000     0.477720
      841.000     0.476375
      842.000     0.475030
      843.000     0.473685
      844.000     0.472340
      845.000     0.473995
      846.000     0.475650
      847.000     0.477305
      848.000     0.478960
      849.000     0.478825
      850.000     0.478690
      851.000     0.478555
      852.000     0.478420
      853.000     0.477950
      854.000     0.477480
      855.000     0.477010
      856.000     0.476540
      857.000     0.477215
      858.000     0.477890
      859.000     0.478565
      860.000     0.479240
      861.000     0.478913
      862.000     0.478585
      863.000     0.478257
      864.000     0.477930
      865.000     0.477402
      866.000     0.476875
      867.000     0.476348
      868.000     0.475820
      869.000     0.476155
      870.000     0.476490
      871.000     0.476825
      872.000     0.477160
      873.000     0.477392
      874.000     0.477625
      875.000     0.477858
      876.000     0.478090
      877.000     0.477812
      878.000     0.477535
      879.000     0.477258
      880.000     0.476980
      881.000     0.477795
      882.000     0.478610
      883.000     0.479425
      884.000     0.480240
      885.000     0.479760
      886.000     0.479280
      887.000     0.478800
      888.000     0.478320
      889.000     0.478130
      890.000     0.477940
      891.000     0.477750
      892.000     0.477560
      893.000     0.477690
      894.000     0.477820
      895.000     0.477950
      896.000     0.478080
      897.000     0.478310
      898.000     0.478540
      899.000     0.478770
      900.000     0.479000
      901.000     0.479000
      902.000     0.479000
      903.000     0.479000
      904.000     0.479000
      905.000     0.478787
      906.000     0.478575
      907.000     0.478363
      908.000     0.478150
      909.000     0.479385
      910.000     0.480620
      911.000     0.481855
      912.000     0.483090
      913.000     0.482217
      914.000     0.481345
      915.000     0.480472
      916.000     0.479600
      917.000     0.479630
      918.000     0.479660
      919.000     0.479690
      920.000     0.479720
      921.000     0.480168
      922.000     0.480615
      923.000     0.481063
      924.000     0.481510
      925.000     0.482087
      926.000     0.482665
      927.000     0.483243
      928.000     0.483820
      929.000     0.484385
      930.000     0.484950
      931.000     0.485515
      932.000     0.486080
      933.000     0.485118
      934.000     0.484155
      935.000     0.483193
      936.000     0.482230
      937.000     0.483328
      938.000     0.484425
      939.000     0.485522
      940.000     0.486620
      941.000     0.486652
      942.000     0.486685
      943.000     0.486717
      944.000     0.486750
      945.000     0.486885
      946.000     0.487020
      947.000     0.487155
      948.000     0.487290
      949.000     0.487090
      950.000     0.486890
      951.000     0.486690
      952.000     0.486490
      953.000     0.487363
      954.000     0.488235
      955.000     0.489107
      956.000     0.489980
      957.000     0.488873
      958.000     0.487765
      959.000     0.486658
      960.000     0.485550
      961.000     0.485110
      962.000     0.484670
      963.000     0.484230
      964.000     0.483790
      965.000     0.485465
      966.000     0.487140
      967.000     0.488815
      968.000     0.490490
      969.000     0.489720
      970.000     0.488950
      971.000     0.488180
      972.000     0.487410
      973.000     0.487243
      974.000     0.487075
      975.000     0.486907
      976.000     0.486740
      977.000     0.486015
      978.000     0.485290
      979.000     0.484565
      980.000     0.483840
      981.000     0.483745
      982.000     0.483650
      983.000     0.483555
      984.000     0.483460
      985.000     0.486748
      986.000     0.490035
      987.000     0.493322
      988.000     0.496610
      989.000     0.495792
      990.000     0.494975
      991.000     0.494157
      992.000     0.493340
      993.000     0.494295
      994.000     0.495250
      995.000     0.496205
      996.000     0.497160
      997.000     0.497258
      998.000     0.497355
      999.000     0.497452
      1000.00     0.497550
      1001.00     0.497315
      1002.00     0.497080
      1003.00     0.496845
      1004.00     0.496610
      1005.00     0.497343
      1006.00     0.498075
      1007.00     0.498807
      1008.00     0.499540
      1009.00     0.500520
      1010.00     0.501500
      1011.00     0.502480
      1012.00     0.503460
      1013.00     0.503698
      1014.00     0.503935
      1015.00     0.504173
      1016.00     0.504410
      1017.00     0.505617
      1018.00     0.506825
      1019.00     0.508032
      1020.00     0.509240
      1021.00     0.509002
      1022.00     0.508765
      1023.00     0.508528
      1024.00     0.508290
      1025.00     0.507362
      1026.00     0.506435
      1027.00     0.505508
      1028.00     0.504580
      1029.00     0.504498
      1030.00     0.504415
      1031.00     0.504332
      1032.00     0.504250
      1033.00     0.505893
      1034.00     0.507535
      1035.00     0.509178
      1036.00     0.510820
      1037.00     0.511240
      1038.00     0.511660
      1039.00     0.512080
      1040.00     0.512500
      1041.00     0.512412
      1042.00     0.512325
      1043.00     0.512237
      1044.00     0.512150
      1045.00     0.511690
      1046.00     0.511230
      1047.00     0.510770
      1048.00     0.510310
      1049.00     0.509772
      1050.00     0.509235
      1051.00     0.508698
      1052.00     0.508160
      1053.00     0.508065
      1054.00     0.507970
      1055.00     0.507875
      1056.00     0.507780
      1057.00     0.508540
      1058.00     0.509300
      1059.00     0.510060
      1060.00     0.510820
      1061.00     0.511108
      1062.00     0.511395
      1063.00     0.511683
      1064.00     0.511970
      1065.00     0.512432
      1066.00     0.512895
      1067.00     0.513358
      1068.00     0.513820
      1069.00     0.514100
      1070.00     0.514380
      1071.00     0.514660
      1072.00     0.514940
      1073.00     0.513898
      1074.00     0.512855
      1075.00     0.511813
      1076.00     0.510770
      1077.00     0.512190
      1078.00     0.513610
      1079.00     0.515030
      1080.00     0.516450
      1081.00     0.517568
      1082.00     0.518685
      1083.00     0.519802
      1084.00     0.520920
      1085.00     0.521442
      1086.00     0.521965
      1087.00     0.522488
      1088.00     0.523010
      1089.00     0.522488
      1090.00     0.521965
      1091.00     0.521442
      1092.00     0.520920
      1093.00     0.520260
      1094.00     0.519600
      1095.00     0.518940
      1096.00     0.518280
      1097.00     0.518000
      1098.00     0.517720
      1099.00     0.517440
      1100.00     0.517160
      1101.00     0.517067
      1102.00     0.516975
      1103.00     0.516883
      1104.00     0.516790
      1105.00     0.518203
      1106.00     0.519615
      1107.00     0.521028
      1108.00     0.522440
      1109.00     0.523355
      1110.00     0.524270
      1111.00     0.525185
      1112.00     0.526100
      1113.00     0.527332
      1114.00     0.528565
      1115.00     0.529797
      1116.00     0.531030
      1117.00     0.531230
      1118.00     0.531430
      1119.00     0.531630
      1120.00     0.531830
      1121.00     0.532688
      1122.00     0.533545
      1123.00     0.534402
      1124.00     0.535260
      1125.00     0.534440
      1126.00     0.533620
      1127.00     0.532800
      1128.00     0.531980
      1129.00     0.533388
      1130.00     0.534795
      1131.00     0.536202
      1132.00     0.537610
      1133.00     0.536637
      1134.00     0.535665
      1135.00     0.534693
      1136.00     0.533720
      1137.00     0.533338
      1138.00     0.532955
      1139.00     0.532573
      1140.00     0.532190
      1141.00     0.531467
      1142.00     0.530745
      1143.00     0.530023
      1144.00     0.529300
      1145.00     0.529520
      1146.00     0.529740
      1147.00     0.529960
      1148.00     0.530180
      1149.00     0.530073
      1150.00     0.529965
      1151.00     0.529858
      1152.00     0.529750
      1153.00     0.530005
      1154.00     0.530260
      1155.00     0.530515
      1156.00     0.530770
      1157.00     0.531183
      1158.00     0.531595
      1159.00     0.532007
      1160.00     0.532420
      1161.00     0.533175
      1162.00     0.533930
      1163.00     0.534685
      1164.00     0.535440
      1165.00     0.536282
      1166.00     0.537125
      1167.00     0.537968
      1168.00     0.538810
      1169.00     0.539190
      1170.00     0.539570
      1171.00     0.539950
      1172.00     0.540330
      1173.00     0.540388
      1174.00     0.540445
      1175.00     0.540502
      1176.00     0.540560
      1177.00     0.540325
      1178.00     0.540090
      1179.00     0.539855
      1180.00     0.539620
      1181.00     0.540060
      1182.00     0.540500
      1183.00     0.540940
      1184.00     0.541380
      1185.00     0.541983
      1186.00     0.542585
      1187.00     0.543187
      1188.00     0.543790
      1189.00     0.544233
      1190.00     0.544675
      1191.00     0.545117
      1192.00     0.545560
      1193.00     0.545795
      1194.00     0.546030
      1195.00     0.546265
      1196.00     0.546500
      1197.00     0.546500
      1198.00     0.546500
      1199.00     0.546500
      1200.00     0.546500
      1201.00     0.546265
      1202.00     0.546030
      1203.00     0.545795
      1204.00     0.545560
      1205.00     0.545102
      1206.00     0.544645
      1207.00     0.544188
      1208.00     0.543730
      1209.00     0.544322
      1210.00     0.544915
      1211.00     0.545508
      1212.00     0.546100
      1213.00     0.545185
      1214.00     0.544270
      1215.00     0.543355
      1216.00     0.542440
      1217.00     0.542058
      1218.00     0.541675
      1219.00     0.541292
      1220.00     0.540910
      1221.00     0.541615
      1222.00     0.542320
      1223.00     0.543025
      1224.00     0.543730
      1225.00     0.544855
      1226.00     0.545980
      1227.00     0.547105
      1228.00     0.548230
      1229.00     0.548120
      1230.00     0.548010
      1231.00     0.547900
      1232.00     0.547790
      1233.00     0.548113
      1234.00     0.548435
      1235.00     0.548757
      1236.00     0.549080
      1237.00     0.548780
      1238.00     0.548480
      1239.00     0.548180
      1240.00     0.547880
      1241.00     0.547470
      1242.00     0.547060
      1243.00     0.546650
      1244.00     0.546240
      1245.00     0.546915
      1246.00     0.547590
      1247.00     0.548265
      1248.00     0.548940
      1249.00     0.548640
      1250.00     0.548340
      1251.00     0.548040
      1252.00     0.547740
      1253.00     0.546905
      1254.00     0.546070
      1255.00     0.545235
      1256.00     0.544400
      1257.00     0.544547
      1258.00     0.544695
      1259.00     0.544842
      1260.00     0.544990
      1261.00     0.544632
      1262.00     0.544275
      1263.00     0.543917
      1264.00     0.543560
      1265.00     0.544392
      1266.00     0.545225
      1267.00     0.546058
      1268.00     0.546890
      1269.00     0.546590
      1270.00     0.546290
      1271.00     0.545990
      1272.00     0.545690
      1273.00     0.545655
      1274.00     0.545620
      1275.00     0.545585
      1276.00     0.545550
      1277.00     0.545980
      1278.00     0.546410
      1279.00     0.546840
      1280.00     0.547270
      1281.00     0.547527
      1282.00     0.547785
      1283.00     0.548043
      1284.00     0.548300
      1285.00     0.548703
      1286.00     0.549105
      1287.00     0.549507
      1288.00     0.549910
      1289.00     0.550228
      1290.00     0.550545
      1291.00     0.550862
      1292.00     0.551180
      1293.00     0.551315
      1294.00     0.551450
      1295.00     0.551585
      1296.00     0.551720
      1297.00     0.550410
      1298.00     0.549100
      1299.00     0.547790
      1300.00     0.546480
      1301.00     0.545982
      1302.00     0.545485
      1303.00     0.544988
      1304.00     0.544490
      1305.00     0.545518
      1306.00     0.546545
      1307.00     0.547572
      1308.00     0.548600
      1309.00     0.548748
      1310.00     0.548895
      1311.00     0.549042
      1312.00     0.549190
      1313.00     0.548875
      1314.00     0.548560
      1315.00     0.548245
      1316.00     0.547930
      1317.00     0.547992
      1318.00     0.548055
      1319.00     0.548118
      1320.00     0.548180
      1321.00     0.548012
      1322.00     0.547845
      1323.00     0.547677
      1324.00     0.547510
      1325.00     0.546402
      1326.00     0.545295
      1327.00     0.544187
      1328.00     0.543080
      1329.00     0.543225
      1330.00     0.543370
      1331.00     0.543515
      1332.00     0.543660
      1333.00     0.543233
      1334.00     0.542805
      1335.00     0.542377
      1336.00     0.541950
      1337.00     0.539520
      1338.00     0.537090
      1339.00     0.534660
      1340.00     0.532230
      1341.00     0.532413
      1342.00     0.532595
      1343.00     0.532777
      1344.00     0.532960
      1345.00     0.533220
      1346.00     0.533480
      1347.00     0.533740
      1348.00     0.534000
      1349.00     0.534890
      1350.00     0.535780
      1351.00     0.536670
      1352.00     0.537560
      1353.00     0.536152
      1354.00     0.534745
      1355.00     0.533338
      1356.00     0.531930
      1357.00     0.533308
      1358.00     0.534685
      1359.00     0.536062
      1360.00     0.537440
      1361.00     0.536072
      1362.00     0.534705
      1363.00     0.533337
      1364.00     0.531970
      1365.00     0.533377
      1366.00     0.534785
      1367.00     0.536192
      1368.00     0.537600
      1369.00     0.536370
      1370.00     0.535140
      1371.00     0.533910
      1372.00     0.532680
      1373.00     0.534030
      1374.00     0.535380
      1375.00     0.536730
      1376.00     0.538080
      1377.00     0.536315
      1378.00     0.534550
      1379.00     0.532785
      1380.00     0.531020
      1381.00     0.531405
      1382.00     0.531790
      1383.00     0.532175
      1384.00     0.532560
      1385.00     0.531192
      1386.00     0.529825
      1387.00     0.528458
      1388.00     0.527090
      1389.00     0.525228
      1390.00     0.523365
      1391.00     0.521502
      1392.00     0.519640
      1393.00     0.518463
      1394.00     0.517285
      1395.00     0.516107
      1396.00     0.514930
      1397.00     0.511745
      1398.00     0.508560
      1399.00     0.505375
      1400.00     0.502190
      1401.00     0.500265
      1402.00     0.498340
      1403.00     0.496415
      1404.00     0.494490
      1405.00     0.492825
      1406.00     0.491160
      1407.00     0.489495
      1408.00     0.487830
      1409.00     0.488125
      1410.00     0.488420
      1411.00     0.488715
      1412.00     0.489010
      1413.00     0.489710
      1414.00     0.490410
      1415.00     0.491110
      1416.00     0.491810
      1417.00     0.493392
      1418.00     0.494975
      1419.00     0.496557
      1420.00     0.498140
      1421.00     0.498982
      1422.00     0.499825
      1423.00     0.500668
      1424.00     0.501510
      1425.00     0.501745
      1426.00     0.501980
      1427.00     0.502215
      1428.00     0.502450
      1429.00     0.502267
      1430.00     0.502085
      1431.00     0.501903
      1432.00     0.501720
      1433.00     0.501302
      1434.00     0.500885
      1435.00     0.500468
      1436.00     0.500050
      1437.00     0.500398
      1438.00     0.500745
      1439.00     0.501092
      1440.00     0.501440
      1441.00     0.502927
      1442.00     0.504415
      1443.00     0.505902
      1444.00     0.507390
      1445.00     0.507747
      1446.00     0.508105
      1447.00     0.508462
      1448.00     0.508820
      1449.00     0.510602
      1450.00     0.512385
      1451.00     0.514168
      1452.00     0.515950
      1453.00     0.517078
      1454.00     0.518205
      1455.00     0.519333
      1456.00     0.520460
      1457.00     0.520868
      1458.00     0.521275
      1459.00     0.521683
      1460.00     0.522090
      1461.00     0.522525
      1462.00     0.522960
      1463.00     0.523395
      1464.00     0.523830
      1465.00     0.523687
      1466.00     0.523545
      1467.00     0.523403
      1468.00     0.523260
      1469.00     0.523350
      1470.00     0.523440
      1471.00     0.523530
      1472.00     0.523620
      1473.00     0.524448
      1474.00     0.525275
      1475.00     0.526103
      1476.00     0.526930
      1477.00     0.527220
      1478.00     0.527510
      1479.00     0.527800
      1480.00     0.528090
      1481.00     0.528470
      1482.00     0.528850
      1483.00     0.529230
      1484.00     0.529610
      1485.00     0.530150
      1486.00     0.530690
      1487.00     0.531230
      1488.00     0.531770
      1489.00     0.532430
      1490.00     0.533090
      1491.00     0.533750
      1492.00     0.534410
      1493.00     0.532892
      1494.00     0.531375
      1495.00     0.529858
      1496.00     0.528340
      1497.00     0.529850
      1498.00     0.531360
      1499.00     0.532870
      1500.00     0.534380
      1501.00     0.536250
      1502.00     0.538120
      1503.00     0.539990
      1504.00     0.541860
      1505.00     0.542090
      1506.00     0.542320
      1507.00     0.542550
      1508.00     0.542780
      1509.00     0.542110
      1510.00     0.541440
      1511.00     0.540770
      1512.00     0.540100
      1513.00     0.539785
      1514.00     0.539470
      1515.00     0.539155
      1516.00     0.538840
      1517.00     0.538318
      1518.00     0.537795
      1519.00     0.537273
      1520.00     0.536750
      1521.00     0.536288
      1522.00     0.535825
      1523.00     0.535362
      1524.00     0.534900
      1525.00     0.535345
      1526.00     0.535790
      1527.00     0.536235
      1528.00     0.536680
      1529.00     0.537560
      1530.00     0.538440
      1531.00     0.539320
      1532.00     0.540200
      1533.00     0.541628
      1534.00     0.543055
      1535.00     0.544482
      1536.00     0.545910
      1537.00     0.546538
      1538.00     0.547165
      1539.00     0.547792
      1540.00     0.548420
      1541.00     0.548783
      1542.00     0.549145
      1543.00     0.549507
      1544.00     0.549870
      1545.00     0.550943
      1546.00     0.552015
      1547.00     0.553087
      1548.00     0.554160
      1549.00     0.554623
      1550.00     0.555085
      1551.00     0.555547
      1552.00     0.556010
      1553.00     0.555970
      1554.00     0.555930
      1555.00     0.555890
      1556.00     0.555850
      1557.00     0.556987
      1558.00     0.558125
      1559.00     0.559263
      1560.00     0.560400
      1561.00     0.560310
      1562.00     0.560220
      1563.00     0.560130
      1564.00     0.560040
      1565.00     0.559658
      1566.00     0.559275
      1567.00     0.558892
      1568.00     0.558510
      1569.00     0.557250
      1570.00     0.555990
      1571.00     0.554730
      1572.00     0.553470
      1573.00     0.553982
      1574.00     0.554495
      1575.00     0.555008
      1576.00     0.555520
      1577.00     0.555957
      1578.00     0.556395
      1579.00     0.556832
      1580.00     0.557270
      1581.00     0.557407
      1582.00     0.557545
      1583.00     0.557683
      1584.00     0.557820
      1585.00     0.559750
      1586.00     0.561680
      1587.00     0.563610
      1588.00     0.565540
      1589.00     0.564708
      1590.00     0.563875
      1591.00     0.563043
      1592.00     0.562210
      1593.00     0.561730
      1594.00     0.561250
      1595.00     0.560770
      1596.00     0.560290
      1597.00     0.560077
      1598.00     0.559865
      1599.00     0.559653
      1600.00     0.559440
      1601.00     0.558460
      1602.00     0.557480
      1603.00     0.556500
      1604.00     0.555520
      1605.00     0.555670
      1606.00     0.555820
      1607.00     0.555970
      1608.00     0.556120
      1609.00     0.556950
      1610.00     0.557780
      1611.00     0.558610
      1612.00     0.559440
      1613.00     0.560285
      1614.00     0.561130
      1615.00     0.561975
      1616.00     0.562820
      1617.00     0.563648
      1618.00     0.564475
      1619.00     0.565302
      1620.00     0.566130
      1621.00     0.566525
      1622.00     0.566920
      1623.00     0.567315
      1624.00     0.567710
      1625.00     0.567770
      1626.00     0.567830
      1627.00     0.567890
      1628.00     0.567950
      1629.00     0.566792
      1630.00     0.565635
      1631.00     0.564478
      1632.00     0.563320
      1633.00     0.563320
      1634.00     0.563320
      1635.00     0.563320
      1636.00     0.563320
      1637.00     0.563487
      1638.00     0.563655
      1639.00     0.563823
      1640.00     0.563990
      1641.00     0.564605
      1642.00     0.565220
      1643.00     0.565835
      1644.00     0.566450
      1645.00     0.568143
      1646.00     0.569835
      1647.00     0.571527
      1648.00     0.573220
      1649.00     0.574228
      1650.00     0.575235
      1651.00     0.576243
      1652.00     0.577250
      1653.00     0.575550
      1654.00     0.573850
      1655.00     0.572150
      1656.00     0.570450
      1657.00     0.569760
      1658.00     0.569070
      1659.00     0.568380
      1660.00     0.567690
      1661.00     0.568380
      1662.00     0.569070
      1663.00     0.569760
      1664.00     0.570450
      1665.00     0.569218
      1666.00     0.567985
      1667.00     0.566752
      1668.00     0.565520
      1669.00     0.565600
      1670.00     0.565680
      1671.00     0.565760
      1672.00     0.565840
      1673.00     0.567452
      1674.00     0.569065
      1675.00     0.570678
      1676.00     0.572290
      1677.00     0.571598
      1678.00     0.570905
      1679.00     0.570212
      1680.00     0.569520
      1681.00     0.569370
      1682.00     0.569220
      1683.00     0.569070
      1684.00     0.568920
      1685.00     0.569537
      1686.00     0.570155
      1687.00     0.570772
      1688.00     0.571390
      1689.00     0.570855
      1690.00     0.570320
      1691.00     0.569785
      1692.00     0.569250
      1693.00     0.568707
      1694.00     0.568165
      1695.00     0.567623
      1696.00     0.567080
      1697.00     0.567310
      1698.00     0.567540
      1699.00     0.567770
      1700.00     0.568000
      1701.00     0.569538
      1702.00     0.571075
      1703.00     0.572613
      1704.00     0.574150
      1705.00     0.573533
      1706.00     0.572915
      1707.00     0.572298
      1708.00     0.571680
      1709.00     0.571442
      1710.00     0.571205
      1711.00     0.570968
      1712.00     0.570730
      1713.00     0.571038
      1714.00     0.571345
      1715.00     0.571652
      1716.00     0.571960
      1717.00     0.571180
      1718.00     0.570400
      1719.00     0.569620
      1720.00     0.568840
      1721.00     0.567437
      1722.00     0.566035
      1723.00     0.564633
      1724.00     0.563230
      1725.00     0.561790
      1726.00     0.560350
      1727.00     0.558910
      1728.00     0.557470
      1729.00     0.557783
      1730.00     0.558095
      1731.00     0.558407
      1732.00     0.558720
      1733.00     0.558107
      1734.00     0.557495
      1735.00     0.556883
      1736.00     0.556270
      1737.00     0.555722
      1738.00     0.555175
      1739.00     0.554628
      1740.00     0.554080
      1741.00     0.554230
      1742.00     0.554380
      1743.00     0.554530
      1744.00     0.554680
      1745.00     0.555292
      1746.00     0.555905
      1747.00     0.556518
      1748.00     0.557130
      1749.00     0.557430
      1750.00     0.557730
      1751.00     0.558030
      1752.00     0.558330
      1753.00     0.558795
      1754.00     0.559260
      1755.00     0.559725
      1756.00     0.560190
      1757.00     0.559725
      1758.00     0.559260
      1759.00     0.558795
      1760.00     0.558330
      1761.00     0.558643
      1762.00     0.558955
      1763.00     0.559268
      1764.00     0.559580
      1765.00     0.559660
      1766.00     0.559740
      1767.00     0.559820
      1768.00     0.559900
      1769.00     0.559900
      1770.00     0.559900
      1771.00     0.559900
      1772.00     0.559900
      1773.00     0.559973
      1774.00     0.560045
      1775.00     0.560118
      1776.00     0.560190
      1777.00     0.560027
      1778.00     0.559865
      1779.00     0.559703
      1780.00     0.559540
      1781.00     0.558855
      1782.00     0.558170
      1783.00     0.557485
      1784.00     0.556800
      1785.00     0.558102
      1786.00     0.559405
      1787.00     0.560708
      1788.00     0.562010
      1789.00     0.562243
      1790.00     0.562475
      1791.00     0.562707
      1792.00     0.562940
      1793.00     0.563868
      1794.00     0.564795
      1795.00     0.565723
      1796.00     0.566650
      1797.00     0.565730
      1798.00     0.564810
      1799.00     0.563890
      1800.00     0.562970
      1801.00     0.563425
      1802.00     0.563880
      1803.00     0.564335
      1804.00     0.564790
      1805.00     0.564945
      1806.00     0.565100
      1807.00     0.565255
      1808.00     0.565410
      1809.00     0.566265
      1810.00     0.567120
      1811.00     0.567975
      1812.00     0.568830
      1813.00     0.568285
      1814.00     0.567740
      1815.00     0.567195
      1816.00     0.566650
      1817.00     0.566033
      1818.00     0.565415
      1819.00     0.564798
      1820.00     0.564180
      1821.00     0.563950
      1822.00     0.563720
      1823.00     0.563490
      1824.00     0.563260
      1825.00     0.562625
      1826.00     0.561990
      1827.00     0.561355
      1828.00     0.560720
      1829.00     0.558772
      1830.00     0.556825
      1831.00     0.554878
      1832.00     0.552930
      1833.00     0.552248
      1834.00     0.551565
      1835.00     0.550882
      1836.00     0.550200
      1837.00     0.550635
      1838.00     0.551070
      1839.00     0.551505
      1840.00     0.551940
      1841.00     0.552860
      1842.00     0.553780
      1843.00     0.554700
      1844.00     0.555620
      1845.00     0.557175
      1846.00     0.558730
      1847.00     0.560285
      1848.00     0.561840
      1849.00     0.562515
      1850.00     0.563190
      1851.00     0.563865
      1852.00     0.564540
      1853.00     0.564767
      1854.00     0.564995
      1855.00     0.565222
      1856.00     0.565450
      1857.00     0.562527
      1858.00     0.559605
      1859.00     0.556682
      1860.00     0.553760
      1861.00     0.548180
      1862.00     0.542600
      1863.00     0.537020
      1864.00     0.531440
      1865.00     0.526502
      1866.00     0.521565
      1867.00     0.516627
      1868.00     0.511690
      1869.00     0.509527
      1870.00     0.507365
      1871.00     0.505203
      1872.00     0.503040
      1873.00     0.501508
      1874.00     0.499975
      1875.00     0.498443
      1876.00     0.496910
      1877.00     0.494060
      1878.00     0.491210
      1879.00     0.488360
      1880.00     0.485510
      1881.00     0.481830
      1882.00     0.478150
      1883.00     0.474470
      1884.00     0.470790
      1885.00     0.466795
      1886.00     0.462800
      1887.00     0.458805
      1888.00     0.454810
      1889.00     0.449302
      1890.00     0.443795
      1891.00     0.438287
      1892.00     0.432780
      1893.00     0.427930
      1894.00     0.423080
      1895.00     0.418230
      1896.00     0.413380
      1897.00     0.407948
      1898.00     0.402515
      1899.00     0.397083
      1900.00     0.391650
      1901.00     0.387285
      1902.00     0.382920
      1903.00     0.378555
      1904.00     0.374190
      1905.00     0.371635
      1906.00     0.369080
      1907.00     0.366525
      1908.00     0.363970
      1909.00     0.362980
      1910.00     0.361990
      1911.00     0.361000
      1912.00     0.360010
      1913.00     0.360142
      1914.00     0.360275
      1915.00     0.360408
      1916.00     0.360540
      1917.00     0.362125
      1918.00     0.363710
      1919.00     0.365295
      1920.00     0.366880
      1921.00     0.368707
      1922.00     0.370535
      1923.00     0.372362
      1924.00     0.374190
      1925.00     0.374937
      1926.00     0.375685
      1927.00     0.376432
      1928.00     0.377180
      1929.00     0.378870
      1930.00     0.380560
      1931.00     0.382250
      1932.00     0.383940
      1933.00     0.385983
      1934.00     0.388025
      1935.00     0.390067
      1936.00     0.392110
      1937.00     0.392975
      1938.00     0.393840
      1939.00     0.394705
      1940.00     0.395570
      1941.00     0.397482
      1942.00     0.399395
      1943.00     0.401307
      1944.00     0.403220
      1945.00     0.404887
      1946.00     0.406555
      1947.00     0.408222
      1948.00     0.409890
      1949.00     0.411675
      1950.00     0.413460
      1951.00     0.415245
      1952.00     0.417030
      1953.00     0.418212
      1954.00     0.419395
      1955.00     0.420577
      1956.00     0.421760
      1957.00     0.422950
      1958.00     0.424140
      1959.00     0.425330
      1960.00     0.426520
      1961.00     0.427597
      1962.00     0.428675
      1963.00     0.429752
      1964.00     0.430830
      1965.00     0.432275
      1966.00     0.433720
      1967.00     0.435165
      1968.00     0.436610
      1969.00     0.438302
      1970.00     0.439995
      1971.00     0.441687
      1972.00     0.443380
      1973.00     0.445662
      1974.00     0.447945
      1975.00     0.450227
      1976.00     0.452510
      1977.00     0.454453
      1978.00     0.456395
      1979.00     0.458337
      1980.00     0.460280
      1981.00     0.463085
      1982.00     0.465890
      1983.00     0.468695
      1984.00     0.471500
      1985.00     0.473662
      1986.00     0.475825
      1987.00     0.477987
      1988.00     0.480150
      1989.00     0.481422
      1990.00     0.482695
      1991.00     0.483967
      1992.00     0.485240
      1993.00     0.487867
      1994.00     0.490495
      1995.00     0.493123
      1996.00     0.495750
      1997.00     0.496815
      1998.00     0.497880
      1999.00     0.498945
      2000.00     0.500010
      2001.00     0.502350
      2002.00     0.504690
      2003.00     0.507030
      2004.00     0.509370
      2005.00     0.511585
      2006.00     0.513800
      2007.00     0.516015
      2008.00     0.518230
      2009.00     0.519433
      2010.00     0.520635
      2011.00     0.521837
      2012.00     0.523040
      2013.00     0.524785
      2014.00     0.526530
      2015.00     0.528275
      2016.00     0.530020
      2017.00     0.530625
      2018.00     0.531230
      2019.00     0.531835
      2020.00     0.532440
      2021.00     0.533140
      2022.00     0.533840
      2023.00     0.534540
      2024.00     0.535240
      2025.00     0.535175
      2026.00     0.535110
      2027.00     0.535045
      2028.00     0.534980
      2029.00     0.535682
      2030.00     0.536385
      2031.00     0.537087
      2032.00     0.537790
      2033.00     0.538915
      2034.00     0.540040
      2035.00     0.541165
      2036.00     0.542290
      2037.00     0.543350
      2038.00     0.544410
      2039.00     0.545470
      2040.00     0.546530
      2041.00     0.546755
      2042.00     0.546980
      2043.00     0.547205
      2044.00     0.547430
      2045.00     0.546700
      2046.00     0.545970
      2047.00     0.545240
      2048.00     0.544510
      2049.00     0.544890
      2050.00     0.545270
      2051.00     0.545650
      2052.00     0.546030
      2053.00     0.546430
      2054.00     0.546830
      2055.00     0.547230
      2056.00     0.547630
      2057.00     0.548837
      2058.00     0.550045
      2059.00     0.551252
      2060.00     0.552460
      2061.00     0.551095
      2062.00     0.549730
      2063.00     0.548365
      2064.00     0.547000
      2065.00     0.546133
      2066.00     0.545265
      2067.00     0.544397
      2068.00     0.543530
      2069.00     0.543375
      2070.00     0.543220
      2071.00     0.543065
      2072.00     0.542910
      2073.00     0.544335
      2074.00     0.545760
      2075.00     0.547185
      2076.00     0.548610
      2077.00     0.548610
      2078.00     0.548610
      2079.00     0.548610
      2080.00     0.548810
      2081.00     0.549902
      2082.00     0.553130
      2083.00     0.551058
      2084.00     0.550229
      2085.00     0.548835
      2086.00     0.548089
      2087.00     0.547760
      2088.00     0.547805
      2089.00     0.547906
      2090.00     0.547833
      2091.00     0.547600
      2092.00     0.547291
      2093.00     0.547003
      2094.00     0.546855
      2095.00     0.546810
      2096.00     0.546829
      2097.00     0.546884
      2098.00     0.546930
      2099.00     0.546960
      2100.00     0.546945
      2101.00     0.546870
      2102.00     0.546730
      2103.00     0.546488
      2104.00     0.546190
      2105.00     0.545819
      2106.00     0.545457
      2107.00     0.545114
      2108.00     0.544818
      2109.00     0.544573
      2110.00     0.544380
      2111.00     0.544194
      2112.00     0.544017
      2113.00     0.543852
      2114.00     0.543690
      2115.00     0.543509
      2116.00     0.543320
      2117.00     0.543054
      2118.00     0.542767
      2119.00     0.542435
      2120.00     0.542123
      2121.00     0.541908
      2122.00     0.541800
      2123.00     0.541842
      2124.00     0.541973
      2125.00     0.542143
      2126.00     0.542280
      2127.00     0.542307
      2128.00     0.542151
      2129.00     0.541810
      2130.00     0.541290
      2131.00     0.540675
      2132.00     0.540070
      2133.00     0.539659
      2134.00     0.539463
      2135.00     0.539477
      2136.00     0.539630
      2137.00     0.539714
      2138.00     0.539608
      2139.00     0.539207
      2140.00     0.538460
      2141.00     0.537507
      2142.00     0.536567
      2143.00     0.535767
      2144.00     0.535190
      2145.00     0.534835
      2146.00     0.534565
      2147.00     0.534201
      2148.00     0.533701
      2149.00     0.533043
      2150.00     0.532301
      2151.00     0.531554
      2152.00     0.530900
      2153.00     0.530314
      2154.00     0.529750
      2155.00     0.529123
      2156.00     0.528377
      2157.00     0.527471
      2158.00     0.526433
      2159.00     0.525324
      2160.00     0.524220
      2161.00     0.523230
      2162.00     0.522463
      2163.00     0.521935
      2164.00     0.521597
      2165.00     0.521370
      2166.00     0.521137
      2167.00     0.520803
      2168.00     0.520324
      2169.00     0.519749
      2170.00     0.519150
      2171.00     0.518653
      2172.00     0.518311
      2173.00     0.518093
      2174.00     0.517940
      2175.00     0.517752
      2176.00     0.517452
      2177.00     0.517037
      2178.00     0.516542
      2179.00     0.516022
      2180.00     0.515520
      2181.00     0.515080
      2182.00     0.514588
      2183.00     0.514057
      2184.00     0.513477
      2185.00     0.512886
      2186.00     0.512301
      2187.00     0.511679
      2188.00     0.511050
      2189.00     0.510447
      2190.00     0.509772
      2191.00     0.509025
      2192.00     0.508240
      2193.00     0.507520
      2194.00     0.506719
      2195.00     0.505903
      2196.00     0.505074
      2197.00     0.504197
      2198.00     0.503123
      2199.00     0.501930
      2200.00     0.500542
      2201.00     0.498827
      2202.00     0.496971
      2203.00     0.494777
      2204.00     0.492274
      2205.00     0.489905
      2206.00     0.487440
      2207.00     0.485520
      2208.00     0.484041
      2209.00     0.483410
      2210.00     0.483559
      2211.00     0.484434
      2212.00     0.485743
      2213.00     0.487302
      2214.00     0.488763
      2215.00     0.489965
      2216.00     0.490789
      2217.00     0.491247
      2218.00     0.491375
      2219.00     0.491359
      2220.00     0.491358
      2221.00     0.491511
      2222.00     0.491881
      2223.00     0.492496
      2224.00     0.493420
      2225.00     0.494400
      2226.00     0.495526
      2227.00     0.496481
      2228.00     0.497338
      2229.00     0.497950
      2230.00     0.498384
      2231.00     0.498625
      2232.00     0.498760
      2233.00     0.498852
      2234.00     0.498953
      2235.00     0.499095
      2236.00     0.499250
      2237.00     0.499402
      2238.00     0.499478
      2239.00     0.499436
      2240.00     0.499273
      2241.00     0.499056
      2242.00     0.498864
      2243.00     0.498754
      2244.00     0.498769
      2245.00     0.498884
      2246.00     0.499014
      2247.00     0.499076
      2248.00     0.498963
      2249.00     0.498680
      2250.00     0.498254
      2251.00     0.497690
      2252.00     0.497190
      2253.00     0.496770
      2254.00     0.496480
      2255.00     0.496330
      2256.00     0.496318
      2257.00     0.496404
      2258.00     0.496545
      2259.00     0.496694
      2260.00     0.496832
      2261.00     0.496950
      2262.00     0.497046
      2263.00     0.497128
      2264.00     0.497214
      2265.00     0.497280
      2266.00     0.497320
      2267.00     0.497304
      2268.00     0.497210
      2269.00     0.497048
      2270.00     0.496836
      2271.00     0.496624
      2272.00     0.496454
      2273.00     0.496336
      2274.00     0.496271
      2275.00     0.496228
      2276.00     0.496176
      2277.00     0.496078
      2278.00     0.495920
      2279.00     0.495712
      2280.00     0.495466
      2281.00     0.495130
      2282.00     0.494708
      2283.00     0.494174
      2284.00     0.493518
      2285.00     0.492744
      2286.00     0.491914
      2287.00     0.491104
      2288.00     0.490402
      2289.00     0.489846
      2290.00     0.489452
      2291.00     0.489176
      2292.00     0.488956
      2293.00     0.488728
      2294.00     0.488400
      2295.00     0.487990
      2296.00     0.487487
      2297.00     0.486960
      2298.00     0.486470
      2299.00     0.486070
      2300.00     0.485730
      2301.00     0.485450
      2302.00     0.485200
      2303.00     0.484920
      2304.00     0.484611
      2305.00     0.484202
      2306.00     0.483701
      2307.00     0.483128
      2308.00     0.482522
      2309.00     0.481792
      2310.00     0.480968
      2311.00     0.480160
      2312.00     0.479325
      2313.00     0.478559
      2314.00     0.478015
      2315.00     0.477680
      2316.00     0.477586
      2317.00     0.477699
      2318.00     0.477920
      2319.00     0.478140
      2320.00     0.478216
      2321.00     0.478076
      2322.00     0.477658
      2323.00     0.477019
      2324.00     0.476237
      2325.00     0.475349
      2326.00     0.474508
      2327.00     0.473675
      2328.00     0.472945
      2329.00     0.472204
      2330.00     0.471540
      2331.00     0.470790
      2332.00     0.470072
      2333.00     0.469271
      2334.00     0.468519
      2335.00     0.467738
      2336.00     0.467042
      2337.00     0.466357
      2338.00     0.465736
      2339.00     0.465128
      2340.00     0.464558
      2341.00     0.464010
      2342.00     0.463489
      2343.00     0.463008
      2344.00     0.462564
      2345.00     0.462184
      2346.00     0.461824
      2347.00     0.461449
      2348.00     0.461091
      2349.00     0.460700
      2350.00     0.460250
      2351.00     0.459850
      2352.00     0.459507
      2353.00     0.459224
      2354.00     0.459090
      2355.00     0.459073
      2356.00     0.459146
      2357.00     0.459245
      2358.00     0.459295
      2359.00     0.459245
      2360.00     0.459051
      2361.00     0.458689
      2362.00     0.458233
      2363.00     0.457692
      2364.00     0.457110
      2365.00     0.456480
      2366.00     0.455898
      2367.00     0.455300
      2368.00     0.454649
      2369.00     0.453954
      2370.00     0.453160
      2371.00     0.452351
      2372.00     0.451565
      2373.00     0.450777
      2374.00     0.449985
      2375.00     0.449155
      2376.00     0.448272
      2377.00     0.447290
      2378.00     0.446226
      2379.00     0.445013
      2380.00     0.443908
      2381.00     0.442875
      2382.00     0.441921
      2383.00     0.441037
      2384.00     0.440183
      2385.00     0.439306
      2386.00     0.438375
      2387.00     0.437383
      2388.00     0.436347
      2389.00     0.435310
      2390.00     0.434292
      2391.00     0.433323
      2392.00     0.432388
      2393.00     0.431454
      2394.00     0.430496
      2395.00     0.429501
      2396.00     0.428461
      2397.00     0.427410
      2398.00     0.426400
      2399.00     0.425300
      2400.00     0.424236
      2401.00     0.423197
      2402.00     0.422168
      2403.00     0.421141
      2404.00     0.420103
      2405.00     0.419044
      2406.00     0.417997
      2407.00     0.416972
      2408.00     0.415886
      2409.00     0.414840
      2410.00     0.413876
      2411.00     0.412978
      2412.00     0.412200
      2413.00     0.411420
      2414.00     0.410597
      2415.00     0.409723
      2416.00     0.408805
      2417.00     0.407874
      2418.00     0.406810
      2419.00     0.405710
      2420.00     0.404635
      2421.00     0.403673
      2422.00     0.402738
      2423.00     0.401834
      2424.00     0.401007
      2425.00     0.400231
      2426.00     0.399380
      2427.00     0.398480
      2428.00     0.397572
      2429.00     0.396517
      2430.00     0.395443
      2431.00     0.394315
      2432.00     0.393135
      2433.00     0.392025
      2434.00     0.391042
      2435.00     0.390060
      2436.00     0.389235
      2437.00     0.388408
      2438.00     0.387629
      2439.00     0.386827
      2440.00     0.385993
      2441.00     0.385153
      2442.00     0.384221
      2443.00     0.383329
      2444.00     0.382365
      2445.00     0.381477
      2446.00     0.380601
      2447.00     0.379793
      2448.00     0.379067
      2449.00     0.378385
      2450.00     0.377810
      2451.00     0.377210
      2452.00     0.376648
      2453.00     0.376054
      2454.00     0.375373
      2455.00     0.374617
      2456.00     0.373839
      2457.00     0.372995
      2458.00     0.372245
      2459.00     0.371570
      2460.00     0.370950
      2461.00     0.370435
      2462.00     0.370000
      2463.00     0.369597
      2464.00     0.369180
      2465.00     0.368625
      2466.00     0.367993
      2467.00     0.367246
      2468.00     0.366350
      2469.00     0.365367
      2470.00     0.364415
      2471.00     0.363490
      2472.00     0.362648
      2473.00     0.361920
      2474.00     0.361247
      2475.00     0.360657
      2476.00     0.360135
      2477.00     0.359614
      2478.00     0.359056
      2479.00     0.358445
      2480.00     0.357805
      2481.00     0.357135
      2482.00     0.356490
      2483.00     0.355933
      2484.00     0.355450
      2485.00     0.355042
      2486.00     0.354693
      2487.00     0.354375
      2488.00     0.354073
      2489.00     0.353785
      2490.00     0.353510
      2491.00     0.353252
      2492.00     0.353020
      2493.00     0.352820
      2494.00     0.352653
      2495.00     0.352513
      2496.00     0.352380
      2497.00     0.352255
      2498.00     0.352123
      2499.00     0.351980
      2500.00     0.351837
