      400.000    0.0149790
      401.000    0.0166760
      402.000    0.0179500
      403.000    0.0239070
      404.000    0.0239070
      405.000    0.0249950
      406.000    0.0262910
      407.000    0.0249950
      408.000    0.0262160
      409.000    0.0278090
      410.000    0.0291560
      411.000    0.0291560
      412.000    0.0307380
      413.000    0.0308280
      414.000    0.0334460
      415.000    0.0334770
      416.000    0.0333820
      417.000    0.0351540
      418.000    0.0353570
      419.000    0.0387350
      420.000    0.0401910
      421.000    0.0403080
      422.000    0.0401910
      423.000    0.0429390
      424.000    0.0456520
      425.000    0.0439800
      426.000    0.0459220
      427.000    0.0470820
      428.000    0.0478140
      429.000    0.0493890
      430.000    0.0509070
      431.000    0.0521450
      432.000    0.0540630
      433.000    0.0551420
      434.000    0.0549830
      435.000    0.0581170
      436.000    0.0584030
      437.000    0.0599230
      438.000    0.0598060
      439.000    0.0636130
      440.000    0.0647720
      441.000    0.0649590
      442.000    0.0643380
      443.000    0.0662860
      444.000    0.0673710
      445.000    0.0672410
      446.000    0.0684520
      447.000    0.0702800
      448.000    0.0683210
      449.000    0.0710120
      450.000    0.0716260
      451.000    0.0716950
      452.000    0.0745310
      453.000    0.0729010
      454.000    0.0773020
      455.000    0.0745310
      456.000    0.0787800
      457.000    0.0799010
      458.000    0.0777980
      459.000    0.0774980
      460.000    0.0797170
      461.000    0.0780510
      462.000    0.0781280
      463.000    0.0784400
      464.000    0.0814300
      465.000    0.0834110
      466.000    0.0792750
      467.000    0.0811070
      468.000    0.0835750
      469.000    0.0834110
      470.000    0.0837390
      471.000    0.0891950
      472.000    0.0891950
      473.000    0.0904680
      474.000    0.0892830
      475.000    0.0908220
      476.000    0.0917260
      477.000    0.0918160
      478.000    0.0903680
      479.000    0.0912770
      480.000    0.0940820
      481.000    0.0944490
      482.000    0.0965250
      483.000    0.0961540
      484.000    0.0959690
      485.000    0.0968600
      486.000    0.0976050
      487.000     0.103100
      488.000     0.103198
      489.000     0.103874
      490.000     0.101993
      491.000     0.104447
      492.000     0.103060
      493.000     0.106399
      494.000     0.106799
      495.000     0.108519
      496.000     0.108620
      497.000     0.109797
      498.000     0.111260
      499.000     0.112301
      500.000     0.112832
      501.000     0.113244
      502.000     0.115141
      503.000     0.117230
      504.000     0.117445
      505.000     0.118486
      506.000     0.118594
      507.000     0.119525
      508.000     0.120998
      509.000     0.121767
      510.000     0.125664
      511.000     0.124990
      512.000     0.125327
      513.000     0.125910
      514.000     0.127278
      515.000     0.131926
      516.000     0.127966
      517.000     0.127626
      518.000     0.132895
      519.000     0.131722
      520.000     0.135940
      521.000     0.134028
      522.000     0.135051
      523.000     0.138981
      524.000     0.135597
      525.000     0.135479
      526.000     0.138755
      527.000     0.143248
      528.000     0.142875
      529.000     0.142875
      530.000     0.143873
      531.000     0.143500
      532.000     0.140407
      533.000     0.144623
      534.000     0.148531
      535.000     0.150789
      536.000     0.150012
      537.000     0.153436
      538.000     0.152387
      539.000     0.152518
      540.000     0.154234
      541.000     0.155087
      542.000     0.153485
      543.000     0.154216
      544.000     0.159936
      545.000     0.156314
      546.000     0.158739
      547.000     0.159136
      548.000     0.160788
      549.000     0.162835
      550.000     0.163262
      551.000     0.163686
      552.000     0.165341
      553.000     0.163130
      554.000     0.166027
      555.000     0.164362
      556.000     0.167395
      557.000     0.171370
      558.000     0.172637
      559.000     0.177722
      560.000     0.176847
      561.000     0.177805
      562.000     0.179574
      563.000     0.181465
      564.000     0.181169
      565.000     0.180516
      566.000     0.181905
      567.000     0.183297
      568.000     0.184690
      569.000     0.184989
      570.000     0.186846
      571.000     0.185634
      572.000     0.186905
      573.000     0.184690
      574.000     0.186663
      575.000     0.187583
      576.000     0.188179
      577.000     0.190384
      578.000     0.190688
      579.000     0.193088
      580.000     0.195771
      581.000     0.195925
      582.000     0.194172
      583.000     0.192740
      584.000     0.196891
      585.000     0.198559
      586.000     0.197864
      587.000     0.197701
      588.000     0.197052
      589.000     0.197864
      590.000     0.199812
      591.000     0.198009
      592.000     0.201849
      593.000     0.202964
      594.000     0.201029
      595.000     0.203339
      596.000     0.203129
      597.000     0.204077
      598.000     0.206652
      599.000     0.208866
      600.000     0.203864
      601.000     0.206844
      602.000     0.208209
      603.000     0.207380
      604.000     0.208306
      605.000     0.211553
      606.000     0.212468
      607.000     0.212875
      608.000     0.212067
      609.000     0.214892
      610.000     0.215061
      611.000     0.216477
      612.000     0.216477
      613.000     0.214556
      614.000     0.215969
      615.000     0.214724
      616.000     0.215463
      617.000     0.215463
      618.000     0.217229
      619.000     0.214706
      620.000     0.215709
      621.000     0.217159
      622.000     0.220991
      623.000     0.223222
      624.000     0.223768
      625.000     0.220860
      626.000     0.219796
      627.000     0.220819
      628.000     0.224290
      629.000     0.224511
      630.000     0.223990
      631.000     0.225406
      632.000     0.227716
      633.000     0.227015
      634.000     0.227015
      635.000     0.228078
      636.000     0.230139
      637.000     0.230555
      638.000     0.231264
      639.000     0.229497
      640.000     0.233554
      641.000     0.233733
      642.000     0.233912
      643.000     0.233912
      644.000     0.234432
      645.000     0.234611
      646.000     0.235666
      647.000     0.235643
      648.000     0.234575
      649.000     0.235643
      650.000     0.239004
      651.000     0.242385
      652.000     0.243621
      653.000     0.244733
      654.000     0.245666
      655.000     0.243997
      656.000     0.241837
      657.000     0.244362
      658.000     0.243749
      659.000     0.243068
      660.000     0.242165
      661.000     0.248455
      662.000     0.248267
      663.000     0.249237
      664.000     0.248941
      665.000     0.251606
      666.000     0.254083
      667.000     0.251957
      668.000     0.256091
      669.000     0.255321
      670.000     0.254937
      671.000     0.253319
      672.000     0.249708
      673.000     0.252174
      674.000     0.254351
      675.000     0.255301
      676.000     0.254921
      677.000     0.257117
      678.000     0.259023
      679.000     0.255969
      680.000     0.253510
      681.000     0.256535
      682.000     0.259188
      683.000     0.259188
      684.000     0.258339
      685.000     0.260228
      686.000     0.263271
      687.000     0.264699
      688.000     0.265286
      689.000     0.267114
      690.000     0.265933
      691.000     0.265933
      692.000     0.267167
      693.000     0.266326
      694.000     0.268550
      695.000     0.269391
      696.000     0.268948
      697.000     0.270748
      698.000     0.272569
      699.000     0.277070
      700.000     0.274844
      701.000     0.269458
      702.000     0.269652
      703.000     0.272467
      704.000     0.273453
      705.000     0.275466
      706.000     0.276885
      707.000     0.277086
      708.000     0.277502
      709.000     0.277301
      710.000     0.279735
      711.000     0.281154
      712.000     0.279741
      713.000     0.281963
      714.000     0.282368
      715.000     0.281761
      716.000     0.280753
      717.000     0.279746
      718.000     0.282566
      719.000     0.286007
      720.000     0.290163
      721.000     0.285990
      722.000     0.287404
      723.000     0.286585
      724.000     0.288819
      725.000     0.288954
      726.000     0.289545
      727.000     0.289725
      728.000     0.291133
      729.000     0.288128
      730.000     0.287745
      731.000     0.292202
      732.000     0.293660
      733.000     0.295870
      734.000     0.295240
      735.000     0.292784
      736.000     0.292784
      737.000     0.296776
      738.000     0.296776
      739.000     0.297981
      740.000     0.298401
      741.000     0.298191
      742.000     0.298378
      743.000     0.294696
      744.000     0.296101
      745.000     0.297957
      746.000     0.297717
      747.000     0.297508
      748.000     0.302517
      749.000     0.301920
      750.000     0.303293
      751.000     0.303643
      752.000     0.302488
      753.000     0.302517
      754.000     0.301436
      755.000     0.306517
      756.000     0.306517
      757.000     0.307747
      758.000     0.306864
      759.000     0.306517
      760.000     0.307209
      761.000     0.306146
      762.000     0.306703
      763.000     0.309725
      764.000     0.308192
      765.000     0.311995
      766.000     0.311014
      767.000     0.313191
      768.000     0.311681
      769.000     0.309969
      770.000     0.313088
      771.000     0.313088
      772.000     0.313088
      773.000     0.313289
      774.000     0.313505
      775.000     0.316111
      776.000     0.316012
      777.000     0.316447
      778.000     0.318295
      779.000     0.317202
      780.000     0.318501
      781.000     0.316002
      782.000     0.316985
      783.000     0.318954
      784.000     0.318076
      785.000     0.319583
      786.000     0.321567
      787.000     0.321345
      788.000     0.321963
      789.000     0.323070
      790.000     0.318926
      791.000     0.319363
      792.000     0.321001
      793.000     0.322618
      794.000     0.319554
      795.000     0.322839
      796.000     0.324476
      797.000     0.322964
      798.000     0.323234
      799.000     0.323250
      800.000     0.324391
      801.000     0.324255
      802.000     0.324120
      803.000     0.323985
      804.000     0.323849
      805.000     0.324245
      806.000     0.324641
      807.000     0.325038
      808.000     0.325434
      809.000     0.326543
      810.000     0.327652
      811.000     0.328761
      812.000     0.329870
      813.000     0.329919
      814.000     0.329967
      815.000     0.330015
      816.000     0.330064
      817.000     0.329760
      818.000     0.329457
      819.000     0.329153
      820.000     0.328849
      821.000     0.329042
      822.000     0.329235
      823.000     0.329428
      824.000     0.329621
      825.000     0.330382
      826.000     0.331143
      827.000     0.331905
      828.000     0.332666
      829.000     0.333479
      830.000     0.334292
      831.000     0.335105
      832.000     0.335918
      833.000     0.335840
      834.000     0.335761
      835.000     0.335682
      836.000     0.335604
      837.000     0.335462
      838.000     0.335320
      839.000     0.335179
      840.000     0.335037
      841.000     0.335473
      842.000     0.335909
      843.000     0.336346
      844.000     0.336782
      845.000     0.337112
      846.000     0.337441
      847.000     0.337771
      848.000     0.338100
      849.000     0.338640
      850.000     0.339181
      851.000     0.339721
      852.000     0.340261
      853.000     0.340638
      854.000     0.341014
      855.000     0.341391
      856.000     0.341767
      857.000     0.341442
      858.000     0.341116
      859.000     0.340791
      860.000     0.340466
      861.000     0.341462
      862.000     0.342458
      863.000     0.343453
      864.000     0.344449
      865.000     0.343907
      866.000     0.343365
      867.000     0.342824
      868.000     0.342282
      869.000     0.342871
      870.000     0.343459
      871.000     0.344048
      872.000     0.344637
      873.000     0.345084
      874.000     0.345531
      875.000     0.345978
      876.000     0.346425
      877.000     0.346339
      878.000     0.346253
      879.000     0.346166
      880.000     0.346080
      881.000     0.346718
      882.000     0.347356
      883.000     0.347994
      884.000     0.348632
      885.000     0.348372
      886.000     0.348112
      887.000     0.347852
      888.000     0.347592
      889.000     0.347507
      890.000     0.347423
      891.000     0.347338
      892.000     0.347254
      893.000     0.347604
      894.000     0.347955
      895.000     0.348305
      896.000     0.348656
      897.000     0.348549
      898.000     0.348441
      899.000     0.348334
      900.000     0.348227
      901.000     0.347854
      902.000     0.347481
      903.000     0.347107
      904.000     0.346734
      905.000     0.347784
      906.000     0.348834
      907.000     0.349884
      908.000     0.350934
      909.000     0.351458
      910.000     0.351983
      911.000     0.352507
      912.000     0.353031
      913.000     0.353609
      914.000     0.354187
      915.000     0.354764
      916.000     0.355342
      917.000     0.354442
      918.000     0.353541
      919.000     0.352641
      920.000     0.351741
      921.000     0.352443
      922.000     0.353144
      923.000     0.353846
      924.000     0.354548
      925.000     0.355052
      926.000     0.355557
      927.000     0.356061
      928.000     0.356565
      929.000     0.357250
      930.000     0.357935
      931.000     0.358621
      932.000     0.359306
      933.000     0.359251
      934.000     0.359197
      935.000     0.359142
      936.000     0.359088
      937.000     0.359082
      938.000     0.359076
      939.000     0.359071
      940.000     0.359065
      941.000     0.359768
      942.000     0.360470
      943.000     0.361172
      944.000     0.361875
      945.000     0.361975
      946.000     0.362075
      947.000     0.362175
      948.000     0.362275
      949.000     0.362519
      950.000     0.362763
      951.000     0.363006
      952.000     0.363250
      953.000     0.363386
      954.000     0.363522
      955.000     0.363658
      956.000     0.363794
      957.000     0.364314
      958.000     0.364834
      959.000     0.365354
      960.000     0.365874
      961.000     0.366659
      962.000     0.367445
      963.000     0.368230
      964.000     0.369016
      965.000     0.368694
      966.000     0.368373
      967.000     0.368051
      968.000     0.367730
      969.000     0.368347
      970.000     0.368963
      971.000     0.369580
      972.000     0.370197
      973.000     0.369701
      974.000     0.369205
      975.000     0.368708
      976.000     0.368212
      977.000     0.368730
      978.000     0.369247
      979.000     0.369765
      980.000     0.370283
      981.000     0.369848
      982.000     0.369413
      983.000     0.368979
      984.000     0.368544
      985.000     0.368187
      986.000     0.367830
      987.000     0.367473
      988.000     0.367116
      989.000     0.369288
      990.000     0.371460
      991.000     0.373632
      992.000     0.375804
      993.000     0.375691
      994.000     0.375579
      995.000     0.375466
      996.000     0.375354
      997.000     0.375650
      998.000     0.375947
      999.000     0.376244
      1000.00     0.376540
      1001.00     0.376774
      1002.00     0.377008
      1003.00     0.377241
      1004.00     0.377475
      1005.00     0.377246
      1006.00     0.377017
      1007.00     0.376788
      1008.00     0.376559
      1009.00     0.376340
      1010.00     0.376120
      1011.00     0.375901
      1012.00     0.375682
      1013.00     0.376194
      1014.00     0.376706
      1015.00     0.377218
      1016.00     0.377730
      1017.00     0.378352
      1018.00     0.378974
      1019.00     0.379597
      1020.00     0.380219
      1021.00     0.380447
      1022.00     0.380675
      1023.00     0.380903
      1024.00     0.381131
      1025.00     0.381018
      1026.00     0.380905
      1027.00     0.380792
      1028.00     0.380679
      1029.00     0.379542
      1030.00     0.378404
      1031.00     0.377266
      1032.00     0.376129
      1033.00     0.377248
      1034.00     0.378367
      1035.00     0.379486
      1036.00     0.380605
      1037.00     0.380567
      1038.00     0.380529
      1039.00     0.380491
      1040.00     0.380453
      1041.00     0.380738
      1042.00     0.381023
      1043.00     0.381308
      1044.00     0.381593
      1045.00     0.382159
      1046.00     0.382726
      1047.00     0.383292
      1048.00     0.383858
      1049.00     0.384575
      1050.00     0.385292
      1051.00     0.386008
      1052.00     0.386725
      1053.00     0.386291
      1054.00     0.385857
      1055.00     0.385423
      1056.00     0.384989
      1057.00     0.384480
      1058.00     0.383972
      1059.00     0.383463
      1060.00     0.382954
      1061.00     0.383010
      1062.00     0.383067
      1063.00     0.383123
      1064.00     0.383179
      1065.00     0.384080
      1066.00     0.384981
      1067.00     0.385882
      1068.00     0.386783
      1069.00     0.388234
      1070.00     0.389685
      1071.00     0.391136
      1072.00     0.392587
      1073.00     0.392936
      1074.00     0.393284
      1075.00     0.393633
      1076.00     0.393982
      1077.00     0.392336
      1078.00     0.390690
      1079.00     0.389044
      1080.00     0.387398
      1081.00     0.387644
      1082.00     0.387890
      1083.00     0.388135
      1084.00     0.388381
      1085.00     0.389549
      1086.00     0.390716
      1087.00     0.391883
      1088.00     0.393051
      1089.00     0.393491
      1090.00     0.393930
      1091.00     0.394370
      1092.00     0.394810
      1093.00     0.394975
      1094.00     0.395140
      1095.00     0.395306
      1096.00     0.395471
      1097.00     0.396033
      1098.00     0.396596
      1099.00     0.397159
      1100.00     0.397721
      1101.00     0.398742
      1102.00     0.399763
      1103.00     0.400784
      1104.00     0.401805
      1105.00     0.401556
      1106.00     0.401307
      1107.00     0.401058
      1108.00     0.400809
      1109.00     0.400692
      1110.00     0.400575
      1111.00     0.400457
      1112.00     0.400340
      1113.00     0.399229
      1114.00     0.398118
      1115.00     0.397008
      1116.00     0.395897
      1117.00     0.397269
      1118.00     0.398641
      1119.00     0.400014
      1120.00     0.401386
      1121.00     0.401491
      1122.00     0.401596
      1123.00     0.401700
      1124.00     0.401805
      1125.00     0.402925
      1126.00     0.404046
      1127.00     0.405166
      1128.00     0.406286
      1129.00     0.405492
      1130.00     0.404698
      1131.00     0.403904
      1132.00     0.403110
      1133.00     0.402618
      1134.00     0.402126
      1135.00     0.401633
      1136.00     0.401141
      1137.00     0.401983
      1138.00     0.402826
      1139.00     0.403668
      1140.00     0.404510
      1141.00     0.404927
      1142.00     0.405344
      1143.00     0.405762
      1144.00     0.406179
      1145.00     0.406594
      1146.00     0.407010
      1147.00     0.407425
      1148.00     0.407840
      1149.00     0.407831
      1150.00     0.407821
      1151.00     0.407812
      1152.00     0.407802
      1153.00     0.408192
      1154.00     0.408583
      1155.00     0.408973
      1156.00     0.409363
      1157.00     0.409196
      1158.00     0.409028
      1159.00     0.408861
      1160.00     0.408694
      1161.00     0.409227
      1162.00     0.409760
      1163.00     0.410292
      1164.00     0.410825
      1165.00     0.410864
      1166.00     0.410904
      1167.00     0.410943
      1168.00     0.410982
      1169.00     0.410923
      1170.00     0.410864
      1171.00     0.410805
      1172.00     0.410746
      1173.00     0.411345
      1174.00     0.411944
      1175.00     0.412543
      1176.00     0.413142
      1177.00     0.413626
      1178.00     0.414110
      1179.00     0.414593
      1180.00     0.415077
      1181.00     0.414892
      1182.00     0.414707
      1183.00     0.414521
      1184.00     0.414336
      1185.00     0.414762
      1186.00     0.415188
      1187.00     0.415613
      1188.00     0.416039
      1189.00     0.415853
      1190.00     0.415668
      1191.00     0.415482
      1192.00     0.415296
      1193.00     0.415845
      1194.00     0.416393
      1195.00     0.416942
      1196.00     0.417491
      1197.00     0.417612
      1198.00     0.417733
      1199.00     0.417855
      1200.00     0.417976
      1201.00     0.417915
      1202.00     0.417854
      1203.00     0.417794
      1204.00     0.417733
      1205.00     0.417889
      1206.00     0.418045
      1207.00     0.418201
      1208.00     0.418357
      1209.00     0.418175
      1210.00     0.417994
      1211.00     0.417812
      1212.00     0.417630
      1213.00     0.418366
      1214.00     0.419102
      1215.00     0.419837
      1216.00     0.420573
      1217.00     0.419613
      1218.00     0.418652
      1219.00     0.417692
      1220.00     0.416732
      1221.00     0.417473
      1222.00     0.418213
      1223.00     0.418954
      1224.00     0.419695
      1225.00     0.419572
      1226.00     0.419449
      1227.00     0.419326
      1228.00     0.419203
      1229.00     0.418551
      1230.00     0.417899
      1231.00     0.417247
      1232.00     0.416595
      1233.00     0.416629
      1234.00     0.416663
      1235.00     0.416698
      1236.00     0.416732
      1237.00     0.416610
      1238.00     0.416488
      1239.00     0.416366
      1240.00     0.416244
      1241.00     0.416062
      1242.00     0.415879
      1243.00     0.415697
      1244.00     0.415515
      1245.00     0.416164
      1246.00     0.416813
      1247.00     0.417462
      1248.00     0.418111
      1249.00     0.418633
      1250.00     0.419156
      1251.00     0.419679
      1252.00     0.420201
      1253.00     0.420355
      1254.00     0.420509
      1255.00     0.420664
      1256.00     0.420818
      1257.00     0.421311
      1258.00     0.421804
      1259.00     0.422297
      1260.00     0.422790
      1261.00     0.423220
      1262.00     0.423651
      1263.00     0.424082
      1264.00     0.424512
      1265.00     0.424542
      1266.00     0.424572
      1267.00     0.424601
      1268.00     0.424631
      1269.00     0.425640
      1270.00     0.426650
      1271.00     0.427660
      1272.00     0.428669
      1273.00     0.429734
      1274.00     0.430800
      1275.00     0.431865
      1276.00     0.432931
      1277.00     0.433230
      1278.00     0.433529
      1279.00     0.433828
      1280.00     0.434127
      1281.00     0.434658
      1282.00     0.435190
      1283.00     0.435722
      1284.00     0.436253
      1285.00     0.436048
      1286.00     0.435843
      1287.00     0.435639
      1288.00     0.435434
      1289.00     0.435456
      1290.00     0.435479
      1291.00     0.435501
      1292.00     0.435524
      1293.00     0.436235
      1294.00     0.436946
      1295.00     0.437657
      1296.00     0.438368
      1297.00     0.437516
      1298.00     0.436665
      1299.00     0.435813
      1300.00     0.434961
      1301.00     0.434838
      1302.00     0.434714
      1303.00     0.434591
      1304.00     0.434467
      1305.00     0.434054
      1306.00     0.433641
      1307.00     0.433229
      1308.00     0.432816
      1309.00     0.432901
      1310.00     0.432986
      1311.00     0.433072
      1312.00     0.433157
      1313.00     0.433096
      1314.00     0.433035
      1315.00     0.432974
      1316.00     0.432913
      1317.00     0.433324
      1318.00     0.433735
      1319.00     0.434147
      1320.00     0.434558
      1321.00     0.434681
      1322.00     0.434804
      1323.00     0.434928
      1324.00     0.435051
      1325.00     0.435030
      1326.00     0.435010
      1327.00     0.434989
      1328.00     0.434969
      1329.00     0.435466
      1330.00     0.435962
      1331.00     0.436459
      1332.00     0.436956
      1333.00     0.436978
      1334.00     0.436999
      1335.00     0.437020
      1336.00     0.437042
      1337.00     0.436962
      1338.00     0.436881
      1339.00     0.436801
      1340.00     0.436720
      1341.00     0.436882
      1342.00     0.437043
      1343.00     0.437205
      1344.00     0.437367
      1345.00     0.437202
      1346.00     0.437038
      1347.00     0.436873
      1348.00     0.436709
      1349.00     0.436830
      1350.00     0.436951
      1351.00     0.437073
      1352.00     0.437194
      1353.00     0.437089
      1354.00     0.436983
      1355.00     0.436878
      1356.00     0.436773
      1357.00     0.436879
      1358.00     0.436985
      1359.00     0.437091
      1360.00     0.437197
      1361.00     0.437490
      1362.00     0.437782
      1363.00     0.438075
      1364.00     0.438368
      1365.00     0.437338
      1366.00     0.436309
      1367.00     0.435279
      1368.00     0.434249
      1369.00     0.434179
      1370.00     0.434108
      1371.00     0.434038
      1372.00     0.433967
      1373.00     0.433807
      1374.00     0.433646
      1375.00     0.433486
      1376.00     0.433325
      1377.00     0.433479
      1378.00     0.433634
      1379.00     0.433788
      1380.00     0.433943
      1381.00     0.433082
      1382.00     0.432222
      1383.00     0.431361
      1384.00     0.430501
      1385.00     0.430276
      1386.00     0.430050
      1387.00     0.429825
      1388.00     0.429600
      1389.00     0.427790
      1390.00     0.425979
      1391.00     0.424168
      1392.00     0.422358
      1393.00     0.422889
      1394.00     0.423420
      1395.00     0.423950
      1396.00     0.424481
      1397.00     0.425277
      1398.00     0.426073
      1399.00     0.426870
      1400.00     0.427666
      1401.00     0.427888
      1402.00     0.428110
      1403.00     0.428332
      1404.00     0.428554
      1405.00     0.428089
      1406.00     0.427624
      1407.00     0.427159
      1408.00     0.426694
      1409.00     0.427164
      1410.00     0.427634
      1411.00     0.428104
      1412.00     0.428574
      1413.00     0.429222
      1414.00     0.429871
      1415.00     0.430519
      1416.00     0.431168
      1417.00     0.432552
      1418.00     0.433935
      1419.00     0.435319
      1420.00     0.436703
      1421.00     0.436292
      1422.00     0.435881
      1423.00     0.435471
      1424.00     0.435060
      1425.00     0.435060
      1426.00     0.435060
      1427.00     0.435060
      1428.00     0.435060
      1429.00     0.435368
      1430.00     0.435677
      1431.00     0.435986
      1432.00     0.436294
      1433.00     0.436562
      1434.00     0.436831
      1435.00     0.437100
      1436.00     0.437368
      1437.00     0.437306
      1438.00     0.437243
      1439.00     0.437181
      1440.00     0.437119
      1441.00     0.436789
      1442.00     0.436459
      1443.00     0.436130
      1444.00     0.435800
      1445.00     0.435984
      1446.00     0.436169
      1447.00     0.436353
      1448.00     0.436537
      1449.00     0.436189
      1450.00     0.435840
      1451.00     0.435492
      1452.00     0.435143
      1453.00     0.435246
      1454.00     0.435348
      1455.00     0.435451
      1456.00     0.435553
      1457.00     0.436145
      1458.00     0.436737
      1459.00     0.437328
      1460.00     0.437920
      1461.00     0.437962
      1462.00     0.438004
      1463.00     0.438047
      1464.00     0.438089
      1465.00     0.438108
      1466.00     0.438128
      1467.00     0.438147
      1468.00     0.438166
      1469.00     0.438139
      1470.00     0.438113
      1471.00     0.438087
      1472.00     0.438060
      1473.00     0.437841
      1474.00     0.437622
      1475.00     0.437403
      1476.00     0.437184
      1477.00     0.437225
      1478.00     0.437267
      1479.00     0.437308
      1480.00     0.437350
      1481.00     0.437535
      1482.00     0.437719
      1483.00     0.437904
      1484.00     0.438089
      1485.00     0.438824
      1486.00     0.439559
      1487.00     0.440295
      1488.00     0.441030
      1489.00     0.441119
      1490.00     0.441208
      1491.00     0.441298
      1492.00     0.441387
      1493.00     0.441593
      1494.00     0.441799
      1495.00     0.442005
      1496.00     0.442211
      1497.00     0.443215
      1498.00     0.444219
      1499.00     0.445223
      1500.00     0.446227
      1501.00     0.447223
      1502.00     0.448220
      1503.00     0.449217
      1504.00     0.450213
      1505.00     0.450628
      1506.00     0.451044
      1507.00     0.451459
      1508.00     0.451874
      1509.00     0.452202
      1510.00     0.452529
      1511.00     0.452857
      1512.00     0.453184
      1513.00     0.451799
      1514.00     0.450414
      1515.00     0.449029
      1516.00     0.447644
      1517.00     0.447797
      1518.00     0.447950
      1519.00     0.448103
      1520.00     0.448256
      1521.00     0.448444
      1522.00     0.448631
      1523.00     0.448819
      1524.00     0.449007
      1525.00     0.449158
      1526.00     0.449309
      1527.00     0.449460
      1528.00     0.449611
      1529.00     0.449772
      1530.00     0.449933
      1531.00     0.450093
      1532.00     0.450254
      1533.00     0.449726
      1534.00     0.449198
      1535.00     0.448671
      1536.00     0.448143
      1537.00     0.448472
      1538.00     0.448800
      1539.00     0.449129
      1540.00     0.449457
      1541.00     0.449407
      1542.00     0.449357
      1543.00     0.449307
      1544.00     0.449257
      1545.00     0.449394
      1546.00     0.449531
      1547.00     0.449669
      1548.00     0.449806
      1549.00     0.450721
      1550.00     0.451636
      1551.00     0.452552
      1552.00     0.453467
      1553.00     0.453671
      1554.00     0.453875
      1555.00     0.454079
      1556.00     0.454283
      1557.00     0.454410
      1558.00     0.454536
      1559.00     0.454663
      1560.00     0.454790
      1561.00     0.454600
      1562.00     0.454410
      1563.00     0.454220
      1564.00     0.454030
      1565.00     0.453389
      1566.00     0.452747
      1567.00     0.452105
      1568.00     0.451464
      1569.00     0.451014
      1570.00     0.450563
      1571.00     0.450113
      1572.00     0.449662
      1573.00     0.449737
      1574.00     0.449812
      1575.00     0.449887
      1576.00     0.449962
      1577.00     0.450137
      1578.00     0.450312
      1579.00     0.450488
      1580.00     0.450663
      1581.00     0.451290
      1582.00     0.451916
      1583.00     0.452542
      1584.00     0.453169
      1585.00     0.453511
      1586.00     0.453853
      1587.00     0.454194
      1588.00     0.454536
      1589.00     0.454663
      1590.00     0.454790
      1591.00     0.454917
      1592.00     0.455044
      1593.00     0.455171
      1594.00     0.455298
      1595.00     0.455426
      1596.00     0.455553
      1597.00     0.454909
      1598.00     0.454264
      1599.00     0.453620
      1600.00     0.452975
      1601.00     0.453867
      1602.00     0.454759
      1603.00     0.455651
      1604.00     0.456543
      1605.00     0.456778
      1606.00     0.457013
      1607.00     0.457249
      1608.00     0.457484
      1609.00     0.457031
      1610.00     0.456577
      1611.00     0.456124
      1612.00     0.455670
      1613.00     0.455869
      1614.00     0.456069
      1615.00     0.456269
      1616.00     0.456468
      1617.00     0.456381
      1618.00     0.456295
      1619.00     0.456209
      1620.00     0.456122
      1621.00     0.456463
      1622.00     0.456803
      1623.00     0.457144
      1624.00     0.457484
      1625.00     0.457294
      1626.00     0.457103
      1627.00     0.456912
      1628.00     0.456722
      1629.00     0.456469
      1630.00     0.456216
      1631.00     0.455962
      1632.00     0.455709
      1633.00     0.455656
      1634.00     0.455602
      1635.00     0.455548
      1636.00     0.455495
      1637.00     0.455558
      1638.00     0.455621
      1639.00     0.455684
      1640.00     0.455747
      1641.00     0.455756
      1642.00     0.455766
      1643.00     0.455775
      1644.00     0.455785
      1645.00     0.455839
      1646.00     0.455892
      1647.00     0.455946
      1648.00     0.456000
      1649.00     0.456135
      1650.00     0.456271
      1651.00     0.456407
      1652.00     0.456542
      1653.00     0.455830
      1654.00     0.455119
      1655.00     0.454407
      1656.00     0.453695
      1657.00     0.453456
      1658.00     0.453216
      1659.00     0.452976
      1660.00     0.452737
      1661.00     0.453258
      1662.00     0.453779
      1663.00     0.454299
      1664.00     0.454820
      1665.00     0.454935
      1666.00     0.455051
      1667.00     0.455166
      1668.00     0.455282
      1669.00     0.455354
      1670.00     0.455427
      1671.00     0.455500
      1672.00     0.455572
      1673.00     0.456291
      1674.00     0.457010
      1675.00     0.457729
      1676.00     0.458448
      1677.00     0.458414
      1678.00     0.458380
      1679.00     0.458345
      1680.00     0.458311
      1681.00     0.457708
      1682.00     0.457105
      1683.00     0.456501
      1684.00     0.455898
      1685.00     0.456284
      1686.00     0.456669
      1687.00     0.457054
      1688.00     0.457440
      1689.00     0.457574
      1690.00     0.457708
      1691.00     0.457843
      1692.00     0.457977
      1693.00     0.457851
      1694.00     0.457725
      1695.00     0.457600
      1696.00     0.457474
      1697.00     0.458463
      1698.00     0.459452
      1699.00     0.460441
      1700.00     0.461430
      1701.00     0.461695
      1702.00     0.461960
      1703.00     0.462224
      1704.00     0.462489
      1705.00     0.462091
      1706.00     0.461693
      1707.00     0.461294
      1708.00     0.460896
      1709.00     0.461212
      1710.00     0.461527
      1711.00     0.461843
      1712.00     0.462158
      1713.00     0.462406
      1714.00     0.462654
      1715.00     0.462901
      1716.00     0.463149
      1717.00     0.462671
      1718.00     0.462194
      1719.00     0.461717
      1720.00     0.461239
      1721.00     0.461687
      1722.00     0.462135
      1723.00     0.462583
      1724.00     0.463031
      1725.00     0.463782
      1726.00     0.464533
      1727.00     0.465284
      1728.00     0.466035
      1729.00     0.465168
      1730.00     0.464302
      1731.00     0.463435
      1732.00     0.462568
      1733.00     0.463513
      1734.00     0.464457
      1735.00     0.465402
      1736.00     0.466346
      1737.00     0.465871
      1738.00     0.465396
      1739.00     0.464921
      1740.00     0.464446
      1741.00     0.464451
      1742.00     0.464456
      1743.00     0.464461
      1744.00     0.464466
      1745.00     0.464423
      1746.00     0.464379
      1747.00     0.464336
      1748.00     0.464293
      1749.00     0.464481
      1750.00     0.464669
      1751.00     0.464858
      1752.00     0.465046
      1753.00     0.464712
      1754.00     0.464379
      1755.00     0.464045
      1756.00     0.463711
      1757.00     0.463908
      1758.00     0.464106
      1759.00     0.464303
      1760.00     0.464500
      1761.00     0.464897
      1762.00     0.465294
      1763.00     0.465691
      1764.00     0.466088
      1765.00     0.466220
      1766.00     0.466352
      1767.00     0.466484
      1768.00     0.466616
      1769.00     0.466206
      1770.00     0.465796
      1771.00     0.465386
      1772.00     0.464976
      1773.00     0.464976
      1774.00     0.464976
      1775.00     0.464976
      1776.00     0.464976
      1777.00     0.465261
      1778.00     0.465545
      1779.00     0.465830
      1780.00     0.466114
      1781.00     0.465922
      1782.00     0.465730
      1783.00     0.465538
      1784.00     0.465346
      1785.00     0.464108
      1786.00     0.462869
      1787.00     0.461631
      1788.00     0.460393
      1789.00     0.460456
      1790.00     0.460518
      1791.00     0.460581
      1792.00     0.460644
      1793.00     0.462079
      1794.00     0.463513
      1795.00     0.464948
      1796.00     0.466383
      1797.00     0.466837
      1798.00     0.467292
      1799.00     0.467746
      1800.00     0.468200
      1801.00     0.467345
      1802.00     0.466490
      1803.00     0.465635
      1804.00     0.464780
      1805.00     0.463942
      1806.00     0.463103
      1807.00     0.462265
      1808.00     0.461426
      1809.00     0.461238
      1810.00     0.461049
      1811.00     0.460860
      1812.00     0.460672
      1813.00     0.460164
      1814.00     0.459655
      1815.00     0.459147
      1816.00     0.458639
      1817.00     0.459468
      1818.00     0.460297
      1819.00     0.461126
      1820.00     0.461955
      1821.00     0.462852
      1822.00     0.463748
      1823.00     0.464645
      1824.00     0.465542
      1825.00     0.465486
      1826.00     0.465429
      1827.00     0.465373
      1828.00     0.465317
      1829.00     0.465105
      1830.00     0.464892
      1831.00     0.464680
      1832.00     0.464467
      1833.00     0.464852
      1834.00     0.465237
      1835.00     0.465623
      1836.00     0.466008
      1837.00     0.465885
      1838.00     0.465762
      1839.00     0.465640
      1840.00     0.465517
      1841.00     0.465629
      1842.00     0.465741
      1843.00     0.465852
      1844.00     0.465964
      1845.00     0.466194
      1846.00     0.466425
      1847.00     0.466655
      1848.00     0.466885
      1849.00     0.466122
      1850.00     0.465360
      1851.00     0.464597
      1852.00     0.463834
      1853.00     0.463391
      1854.00     0.462949
      1855.00     0.462507
      1856.00     0.462064
      1857.00     0.461273
      1858.00     0.460481
      1859.00     0.459689
      1860.00     0.458898
      1861.00     0.458914
      1862.00     0.458929
      1863.00     0.458945
      1864.00     0.458961
      1865.00     0.459140
      1866.00     0.459319
      1867.00     0.459497
      1868.00     0.459676
      1869.00     0.458883
      1870.00     0.458091
      1871.00     0.457298
      1872.00     0.456505
      1873.00     0.456104
      1874.00     0.455702
      1875.00     0.455300
      1876.00     0.454899
      1877.00     0.454820
      1878.00     0.454740
      1879.00     0.454660
      1880.00     0.454581
      1881.00     0.453768
      1882.00     0.452954
      1883.00     0.452141
      1884.00     0.451327
      1885.00     0.450180
      1886.00     0.449032
      1887.00     0.447885
      1888.00     0.446737
      1889.00     0.445790
      1890.00     0.444843
      1891.00     0.443897
      1892.00     0.442950
      1893.00     0.441435
      1894.00     0.439921
      1895.00     0.438406
      1896.00     0.436892
      1897.00     0.435304
      1898.00     0.433717
      1899.00     0.432129
      1900.00     0.430541
      1901.00     0.429601
      1902.00     0.428661
      1903.00     0.427720
      1904.00     0.426780
      1905.00     0.425447
      1906.00     0.424114
      1907.00     0.422781
      1908.00     0.421448
      1909.00     0.421125
      1910.00     0.420802
      1911.00     0.420479
      1912.00     0.420156
      1913.00     0.420493
      1914.00     0.420831
      1915.00     0.421169
      1916.00     0.421506
      1917.00     0.421254
      1918.00     0.421002
      1919.00     0.420750
      1920.00     0.420498
      1921.00     0.421169
      1922.00     0.421839
      1923.00     0.422510
      1924.00     0.423180
      1925.00     0.423610
      1926.00     0.424040
      1927.00     0.424471
      1928.00     0.424901
      1929.00     0.425530
      1930.00     0.426160
      1931.00     0.426789
      1932.00     0.427418
      1933.00     0.427745
      1934.00     0.428071
      1935.00     0.428397
      1936.00     0.428724
      1937.00     0.428966
      1938.00     0.429209
      1939.00     0.429451
      1940.00     0.429694
      1941.00     0.430231
      1942.00     0.430768
      1943.00     0.431305
      1944.00     0.431842
      1945.00     0.431981
      1946.00     0.432119
      1947.00     0.432258
      1948.00     0.432397
      1949.00     0.432219
      1950.00     0.432041
      1951.00     0.431862
      1952.00     0.431684
      1953.00     0.431506
      1954.00     0.431329
      1955.00     0.431151
      1956.00     0.430973
      1957.00     0.431230
      1958.00     0.431487
      1959.00     0.431744
      1960.00     0.432001
      1961.00     0.432832
      1962.00     0.433662
      1963.00     0.434493
      1964.00     0.435324
      1965.00     0.436095
      1966.00     0.436866
      1967.00     0.437638
      1968.00     0.438409
      1969.00     0.438215
      1970.00     0.438021
      1971.00     0.437827
      1972.00     0.437633
      1973.00     0.438523
      1974.00     0.439413
      1975.00     0.440304
      1976.00     0.441194
      1977.00     0.441659
      1978.00     0.442124
      1979.00     0.442588
      1980.00     0.443053
      1981.00     0.443817
      1982.00     0.444582
      1983.00     0.445346
      1984.00     0.446110
      1985.00     0.445628
      1986.00     0.445145
      1987.00     0.444663
      1988.00     0.444181
      1989.00     0.444628
      1990.00     0.445076
      1991.00     0.445523
      1992.00     0.445970
      1993.00     0.447177
      1994.00     0.448384
      1995.00     0.449592
      1996.00     0.450799
      1997.00     0.450913
      1998.00     0.451027
      1999.00     0.451142
      2000.00     0.451256
      2001.00     0.452909
      2002.00     0.454563
      2003.00     0.456216
      2004.00     0.457870
      2005.00     0.456994
      2006.00     0.456118
      2007.00     0.455242
      2008.00     0.454366
      2009.00     0.453939
      2010.00     0.453512
      2011.00     0.453086
      2012.00     0.452659
      2013.00     0.453164
      2014.00     0.453669
      2015.00     0.454174
      2016.00     0.454679
      2017.00     0.453690
      2018.00     0.452700
      2019.00     0.451711
      2020.00     0.450722
      2021.00     0.451104
      2022.00     0.451486
      2023.00     0.451868
      2024.00     0.452250
      2025.00     0.452510
      2026.00     0.452771
      2027.00     0.453031
      2028.00     0.453291
      2029.00     0.452370
      2030.00     0.451448
      2031.00     0.450527
      2032.00     0.449605
      2033.00     0.450535
      2034.00     0.451464
      2035.00     0.452394
      2036.00     0.453324
      2037.00     0.453204
      2038.00     0.453084
      2039.00     0.452964
      2040.00     0.452844
      2041.00     0.454216
      2042.00     0.455588
      2043.00     0.456960
      2044.00     0.458332
      2045.00     0.457839
      2046.00     0.457346
      2047.00     0.456854
      2048.00     0.456361
      2049.00     0.456679
      2050.00     0.456998
      2051.00     0.457316
      2052.00     0.457634
      2053.00     0.456955
      2054.00     0.456275
      2055.00     0.455596
      2056.00     0.454917
      2057.00     0.453931
      2058.00     0.452946
      2059.00     0.451961
      2060.00     0.450975
      2061.00     0.451143
      2062.00     0.451311
      2063.00     0.451479
      2064.00     0.451647
      2065.00     0.451896
      2066.00     0.452146
      2067.00     0.452395
      2068.00     0.452645
      2069.00     0.452370
      2070.00     0.452095
      2071.00     0.451820
      2072.00     0.451545
      2073.00     0.451672
      2074.00     0.451799
      2075.00     0.451926
      2076.00     0.452053
      2077.00     0.451033
      2078.00     0.450013
      2079.00     0.448993
      2080.00     0.448177
      2081.00     0.447859
      2082.00     0.448058
      2083.00     0.448307
      2084.00     0.447632
      2085.00     0.447141
      2086.00     0.447924
      2087.00     0.448009
      2088.00     0.447436
      2089.00     0.447365
      2090.00     0.447521
      2091.00     0.447109
      2092.00     0.447840
      2093.00     0.449174
      2094.00     0.448065
      2095.00     0.447811
      2096.00     0.447739
      2097.00     0.448168
      2098.00     0.447333
      2099.00     0.448020
      2100.00     0.448392
      2101.00     0.447324
      2102.00     0.446957
      2103.00     0.448476
      2104.00     0.449745
      2105.00     0.449430
      2106.00     0.448449
      2107.00     0.448293
      2108.00     0.447969
      2109.00     0.447535
      2110.00     0.447113
      2111.00     0.447455
      2112.00     0.447528
      2113.00     0.447205
      2114.00     0.447045
      2115.00     0.446450
      2116.00     0.447067
      2117.00     0.447832
      2118.00     0.447896
      2119.00     0.447805
      2120.00     0.447338
      2121.00     0.447725
      2122.00     0.448405
      2123.00     0.448430
      2124.00     0.447894
      2125.00     0.446552
      2126.00     0.447040
      2127.00     0.448410
      2128.00     0.447812
      2129.00     0.447191
      2130.00     0.447562
      2131.00     0.446522
      2132.00     0.446046
      2133.00     0.447414
      2134.00     0.447893
      2135.00     0.447455
      2136.00     0.447758
      2137.00     0.447884
      2138.00     0.446932
      2139.00     0.446455
      2140.00     0.446737
      2141.00     0.446288
      2142.00     0.444897
      2143.00     0.444729
      2144.00     0.445389
      2145.00     0.446676
      2146.00     0.446398
      2147.00     0.445481
      2148.00     0.445100
      2149.00     0.444904
      2150.00     0.444706
      2151.00     0.443863
      2152.00     0.444169
      2153.00     0.444140
      2154.00     0.443580
      2155.00     0.443665
      2156.00     0.443153
      2157.00     0.442652
      2158.00     0.442182
      2159.00     0.442062
      2160.00     0.441848
      2161.00     0.441526
      2162.00     0.442384
      2163.00     0.442159
      2164.00     0.441488
      2165.00     0.441330
      2166.00     0.441709
      2167.00     0.441345
      2168.00     0.440383
      2169.00     0.439876
      2170.00     0.439913
      2171.00     0.440442
      2172.00     0.440628
      2173.00     0.440657
      2174.00     0.440031
      2175.00     0.439156
      2176.00     0.438762
      2177.00     0.439070
      2178.00     0.439432
      2179.00     0.439689
      2180.00     0.438602
      2181.00     0.437401
      2182.00     0.438430
      2183.00     0.438183
      2184.00     0.437581
      2185.00     0.437972
      2186.00     0.437416
      2187.00     0.436511
      2188.00     0.436098
      2189.00     0.435699
      2190.00     0.435847
      2191.00     0.435846
      2192.00     0.435394
      2193.00     0.435180
      2194.00     0.434801
      2195.00     0.434515
      2196.00     0.434334
      2197.00     0.434239
      2198.00     0.433679
      2199.00     0.433060
      2200.00     0.432712
      2201.00     0.432583
      2202.00     0.432497
      2203.00     0.432620
      2204.00     0.432341
      2205.00     0.431534
      2206.00     0.430541
      2207.00     0.430165
      2208.00     0.431009
      2209.00     0.431475
      2210.00     0.431531
      2211.00     0.432514
      2212.00     0.434167
      2213.00     0.435580
      2214.00     0.436979
      2215.00     0.437393
      2216.00     0.437383
      2217.00     0.438517
      2218.00     0.438713
      2219.00     0.438791
      2220.00     0.439937
      2221.00     0.440307
      2222.00     0.440400
      2223.00     0.440046
      2224.00     0.440487
      2225.00     0.440702
      2226.00     0.441566
      2227.00     0.441869
      2228.00     0.441455
      2229.00     0.441716
      2230.00     0.441808
      2231.00     0.441733
      2232.00     0.442286
      2233.00     0.442747
      2234.00     0.442441
      2235.00     0.441944
      2236.00     0.441905
      2237.00     0.442199
      2238.00     0.442410
      2239.00     0.442350
      2240.00     0.442323
      2241.00     0.442119
      2242.00     0.441902
      2243.00     0.442134
      2244.00     0.441735
      2245.00     0.441612
      2246.00     0.441880
      2247.00     0.441724
      2248.00     0.441263
      2249.00     0.441271
      2250.00     0.441390
      2251.00     0.440333
      2252.00     0.439760
      2253.00     0.441014
      2254.00     0.441696
      2255.00     0.441742
      2256.00     0.440973
      2257.00     0.440356
      2258.00     0.440733
      2259.00     0.440976
      2260.00     0.439678
      2261.00     0.439886
      2262.00     0.440811
      2263.00     0.440841
      2264.00     0.440423
      2265.00     0.439992
      2266.00     0.439892
      2267.00     0.440248
      2268.00     0.440203
      2269.00     0.439756
      2270.00     0.439245
      2271.00     0.439171
      2272.00     0.440033
      2273.00     0.440322
      2274.00     0.440288
      2275.00     0.439724
      2276.00     0.438731
      2277.00     0.438926
      2278.00     0.439471
      2279.00     0.439140
      2280.00     0.439170
      2281.00     0.439390
      2282.00     0.438989
      2283.00     0.438591
      2284.00     0.438532
      2285.00     0.438665
      2286.00     0.438332
      2287.00     0.438185
      2288.00     0.438086
      2289.00     0.438594
      2290.00     0.438984
      2291.00     0.438575
      2292.00     0.437870
      2293.00     0.437416
      2294.00     0.437418
      2295.00     0.437597
      2296.00     0.437753
      2297.00     0.437194
      2298.00     0.437454
      2299.00     0.436742
      2300.00     0.436281
      2301.00     0.436588
      2302.00     0.436574
      2303.00     0.436605
      2304.00     0.436299
      2305.00     0.435923
      2306.00     0.435430
      2307.00     0.435200
      2308.00     0.435531
      2309.00     0.435486
      2310.00     0.435100
      2311.00     0.434612
      2312.00     0.434419
      2313.00     0.434433
      2314.00     0.434390
      2315.00     0.434430
      2316.00     0.434422
      2317.00     0.434460
      2318.00     0.434462
      2319.00     0.434295
      2320.00     0.434110
      2321.00     0.433835
      2322.00     0.433349
      2323.00     0.433031
      2324.00     0.433108
      2325.00     0.433328
      2326.00     0.433363
      2327.00     0.432997
      2328.00     0.432767
      2329.00     0.433123
      2330.00     0.432846
      2331.00     0.432985
      2332.00     0.433344
      2333.00     0.432723
      2334.00     0.432265
      2335.00     0.432093
      2336.00     0.431996
      2337.00     0.431912
      2338.00     0.431802
      2339.00     0.431663
      2340.00     0.431503
      2341.00     0.430648
      2342.00     0.429924
      2343.00     0.430393
      2344.00     0.430791
      2345.00     0.430287
      2346.00     0.429973
      2347.00     0.429952
      2348.00     0.429748
      2349.00     0.429682
      2350.00     0.429589
      2351.00     0.428712
      2352.00     0.428674
      2353.00     0.429483
      2354.00     0.429691
      2355.00     0.429358
      2356.00     0.429239
      2357.00     0.429477
      2358.00     0.429635
      2359.00     0.429552
      2360.00     0.429295
      2361.00     0.429019
      2362.00     0.429041
      2363.00     0.429320
      2364.00     0.429635
      2365.00     0.429513
      2366.00     0.429240
      2367.00     0.429175
      2368.00     0.429375
      2369.00     0.429530
      2370.00     0.429167
      2371.00     0.428345
      2372.00     0.427907
      2373.00     0.427910
      2374.00     0.427929
      2375.00     0.428022
      2376.00     0.427706
      2377.00     0.427240
      2378.00     0.427255
      2379.00     0.427147
      2380.00     0.427259
      2381.00     0.427418
      2382.00     0.427256
      2383.00     0.426957
      2384.00     0.426760
      2385.00     0.426626
      2386.00     0.426418
      2387.00     0.426200
      2388.00     0.426135
      2389.00     0.426461
      2390.00     0.426609
      2391.00     0.426403
      2392.00     0.426323
      2393.00     0.426160
      2394.00     0.426089
      2395.00     0.426089
      2396.00     0.426132
      2397.00     0.426419
      2398.00     0.426962
      2399.00     0.426867
      2400.00     0.426021
      2401.00     0.425631
      2402.00     0.425877
      2403.00     0.425978
      2404.00     0.425787
      2405.00     0.425522
      2406.00     0.425265
      2407.00     0.425074
      2408.00     0.425323
      2409.00     0.425609
      2410.00     0.425145
      2411.00     0.424660
      2412.00     0.424304
      2413.00     0.423922
      2414.00     0.423943
      2415.00     0.424128
      2416.00     0.423702
      2417.00     0.422870
      2418.00     0.422479
      2419.00     0.422925
      2420.00     0.422640
      2421.00     0.422232
      2422.00     0.422048
      2423.00     0.421906
      2424.00     0.421668
      2425.00     0.421484
      2426.00     0.421350
      2427.00     0.420731
      2428.00     0.420498
      2429.00     0.420612
      2430.00     0.420250
      2431.00     0.419707
      2432.00     0.419123
      2433.00     0.418507
      2434.00     0.418184
      2435.00     0.417934
      2436.00     0.417751
      2437.00     0.417788
      2438.00     0.417489
      2439.00     0.416950
      2440.00     0.416593
      2441.00     0.416644
      2442.00     0.416721
      2443.00     0.416077
      2444.00     0.415487
      2445.00     0.415147
      2446.00     0.415266
      2447.00     0.415653
      2448.00     0.415683
      2449.00     0.414871
      2450.00     0.414044
      2451.00     0.414071
      2452.00     0.414270
      2453.00     0.414174
      2454.00     0.414052
      2455.00     0.414069
      2456.00     0.414062
      2457.00     0.413784
      2458.00     0.413519
      2459.00     0.413526
      2460.00     0.413314
      2461.00     0.412904
      2462.00     0.412621
      2463.00     0.412568
      2464.00     0.412304
      2465.00     0.412261
      2466.00     0.412400
      2467.00     0.411900
      2468.00     0.411146
      2469.00     0.410895
      2470.00     0.411285
      2471.00     0.411405
      2472.00     0.410744
      2473.00     0.410438
      2474.00     0.410517
      2475.00     0.410529
      2476.00     0.410286
      2477.00     0.410071
      2478.00     0.409866
      2479.00     0.409470
      2480.00     0.409211
      2481.00     0.408658
      2482.00     0.407946
      2483.00     0.407762
      2484.00     0.408466
      2485.00     0.408205
      2486.00     0.407712
      2487.00     0.407477
      2488.00     0.407419
      2489.00     0.407214
      2490.00     0.406618
      2491.00     0.406906
      2492.00     0.407278
      2493.00     0.406920
      2494.00     0.406258
      2495.00     0.406013
      2496.00     0.406261
      2497.00     0.406285
      2498.00     0.406186
      2499.00     0.406249
      2500.00     0.406283
