      400.000   0.00159300
      401.000  0.000714000
      402.000  0.000765000
      403.000   0.00424000
      404.000   0.00424000
      405.000   0.00442300
      406.000   0.00312700
      407.000   0.00312700
      408.000   0.00448300
      409.000   0.00491900
      410.000   0.00617500
      411.000   0.00488200
      412.000   0.00660200
      413.000   0.00784700
      414.000   0.00653700
      415.000   0.00652100
      416.000   0.00527800
      417.000   0.00690200
      418.000   0.00681100
      419.000    0.0101890
      420.000    0.0101440
      421.000   0.00880400
      422.000   0.00884100
      423.000    0.0118960
      424.000    0.0136200
      425.000    0.0119480
      426.000    0.0122820
      427.000    0.0136000
      428.000    0.0106640
      429.000    0.0136390
      430.000    0.0153170
      431.000    0.0140340
      432.000    0.0156760
      433.000    0.0169760
      434.000    0.0156960
      435.000    0.0189970
      436.000    0.0190040
      437.000    0.0190100
      438.000    0.0177180
      439.000    0.0193600
      440.000    0.0206360
      441.000    0.0193630
      442.000    0.0206100
      443.000    0.0209870
      444.000    0.0222490
      445.000    0.0222380
      446.000    0.0222320
      447.000    0.0226040
      448.000    0.0222200
      449.000    0.0238180
      450.000    0.0238890
      451.000    0.0226180
      452.000    0.0270970
      453.000    0.0270370
      454.000    0.0258560
      455.000    0.0258230
      456.000    0.0274600
      457.000    0.0274330
      458.000    0.0272870
      459.000    0.0272340
      460.000    0.0282080
      461.000    0.0268560
      462.000    0.0268710
      463.000    0.0282080
      464.000    0.0298580
      465.000    0.0297330
      466.000    0.0283930
      467.000    0.0285120
      468.000    0.0297690
      469.000    0.0297330
      470.000    0.0285290
      471.000    0.0317000
      472.000    0.0317000
      473.000    0.0317000
      474.000    0.0317210
      475.000    0.0330600
      476.000    0.0332270
      477.000    0.0332500
      478.000    0.0344730
      479.000    0.0331120
      480.000    0.0331810
      481.000    0.0345440
      482.000    0.0331580
      483.000    0.0330660
      484.000    0.0342830
      485.000    0.0341890
      486.000    0.0343780
      487.000    0.0360050
      488.000    0.0385650
      489.000    0.0384010
      490.000    0.0367320
      491.000    0.0382110
      492.000    0.0366820
      493.000    0.0384010
      494.000    0.0385100
      495.000    0.0382920
      496.000    0.0395800
      497.000    0.0397910
      498.000    0.0398490
      499.000    0.0414070
      500.000    0.0411970
      501.000    0.0394680
      502.000    0.0423960
      503.000    0.0422740
      504.000    0.0423350
      505.000    0.0422740
      506.000    0.0423040
      507.000    0.0409590
      508.000    0.0422740
      509.000    0.0437500
      510.000    0.0437810
      511.000    0.0435930
      512.000    0.0436870
      513.000    0.0434990
      514.000    0.0447860
      515.000    0.0480130
      516.000    0.0446260
      517.000    0.0445310
      518.000    0.0475480
      519.000    0.0446260
      520.000    0.0506040
      521.000    0.0474330
      522.000    0.0486230
      523.000    0.0516330
      524.000    0.0484170
      525.000    0.0483830
      526.000    0.0482460
      527.000    0.0514040
      528.000    0.0512900
      529.000    0.0512900
      530.000    0.0524610
      531.000    0.0523450
      532.000    0.0504960
      533.000    0.0539430
      534.000    0.0543810
      535.000    0.0543010
      536.000    0.0540620
      537.000    0.0555990
      538.000    0.0552740
      539.000    0.0578210
      540.000    0.0575690
      541.000    0.0574440
      542.000    0.0544150
      543.000    0.0555090
      544.000    0.0586480
      545.000    0.0566360
      546.000    0.0569890
      547.000    0.0571080
      548.000    0.0572270
      549.000    0.0600230
      550.000    0.0610070
      551.000    0.0607460
      552.000    0.0604870
      553.000    0.0597870
      554.000    0.0640070
      555.000    0.0622500
      556.000    0.0652840
      557.000    0.0653760
      558.000    0.0657920
      559.000    0.0653850
      560.000    0.0663540
      561.000    0.0675080
      562.000    0.0699590
      563.000    0.0697590
      564.000    0.0707020
      565.000    0.0684160
      566.000    0.0709500
      567.000    0.0710000
      568.000    0.0710500
      569.000    0.0723960
      570.000    0.0740540
      571.000    0.0736330
      572.000    0.0744520
      573.000    0.0722940
      574.000    0.0756780
      575.000    0.0760040
      576.000    0.0747380
      577.000    0.0782670
      578.000    0.0788360
      579.000    0.0774990
      580.000    0.0773080
      581.000    0.0769230
      582.000    0.0793050
      583.000    0.0792490
      584.000    0.0798140
      585.000    0.0832150
      586.000    0.0814420
      587.000    0.0813840
      588.000    0.0811520
      589.000    0.0827270
      590.000    0.0840160
      591.000    0.0835970
      592.000    0.0835970
      593.000    0.0835380
      594.000    0.0845780
      595.000    0.0841320
      596.000    0.0835970
      597.000    0.0847570
      598.000    0.0862670
      599.000    0.0886940
      600.000    0.0867630
      601.000    0.0877270
      602.000    0.0873010
      603.000    0.0882560
      604.000    0.0893900
      605.000    0.0906500
      606.000    0.0905230
      607.000    0.0927020
      608.000    0.0909600
      609.000    0.0910850
      610.000    0.0911470
      611.000    0.0924570
      612.000    0.0924570
      613.000    0.0922050
      614.000    0.0910230
      615.000    0.0922680
      616.000    0.0920790
      617.000    0.0920790
      618.000    0.0944750
      619.000    0.0959630
      620.000    0.0963570
      621.000    0.0950320
      622.000    0.0955480
      623.000    0.0998380
      624.000    0.0995650
      625.000    0.0950320
      626.000    0.0950960
      627.000    0.0979610
      628.000     0.101012
      629.000    0.0996710
      630.000    0.0994690
      631.000    0.0995360
      632.000    0.0994690
      633.000     0.100439
      634.000     0.101679
      635.000     0.101610
      636.000     0.102863
      637.000     0.101610
      638.000     0.101884
      639.000     0.101201
      640.000     0.101337
      641.000     0.103877
      642.000     0.105184
      643.000     0.105184
      644.000     0.104902
      645.000     0.106207
      646.000     0.104902
      647.000     0.105641
      648.000     0.105221
      649.000     0.105641
      650.000     0.107227
      651.000     0.107585
      652.000     0.107585
      653.000     0.109259
      654.000     0.109627
      655.000     0.106599
      656.000     0.106251
      657.000     0.109113
      658.000     0.110850
      659.000     0.111071
      660.000     0.109617
      661.000     0.112981
      662.000     0.112906
      663.000     0.113539
      664.000     0.113917
      665.000     0.115231
      666.000     0.115231
      667.000     0.115015
      668.000     0.118022
      669.000     0.117708
      670.000     0.117552
      671.000     0.117396
      672.000     0.115355
      673.000     0.116588
      674.000     0.116966
      675.000     0.117346
      676.000     0.117194
      677.000     0.118819
      678.000     0.118587
      679.000     0.118356
      680.000     0.118594
      681.000     0.117593
      682.000     0.121363
      683.000     0.121363
      684.000     0.121520
      685.000     0.121285
      686.000     0.121520
      687.000     0.121598
      688.000     0.123070
      689.000     0.123309
      690.000     0.124066
      691.000     0.125300
      692.000     0.125300
      693.000     0.125461
      694.000     0.128346
      695.000     0.128180
      696.000     0.128512
      697.000     0.129264
      698.000     0.130025
      699.000     0.130461
      700.000     0.130045
      701.000     0.128812
      702.000     0.128894
      703.000     0.130269
      704.000     0.130683
      705.000     0.131015
      706.000     0.133538
      707.000     0.133623
      708.000     0.133284
      709.000     0.133199
      710.000     0.134416
      711.000     0.135719
      712.000     0.136331
      713.000     0.136245
      714.000     0.138843
      715.000     0.138580
      716.000     0.138145
      717.000     0.139439
      718.000     0.139615
      719.000     0.140056
      720.000     0.142999
      721.000     0.140736
      722.000     0.140824
      723.000     0.141677
      724.000     0.143333
      725.000     0.143931
      726.000     0.144868
      727.000     0.143218
      728.000     0.144121
      729.000     0.143852
      730.000     0.144211
      731.000     0.145115
      732.000     0.146964
      733.000     0.148081
      734.000     0.147802
      735.000     0.150857
      736.000     0.150857
      737.000     0.149688
      738.000     0.149688
      739.000     0.149688
      740.000     0.151080
      741.000     0.150986
      742.000     0.150669
      743.000     0.148765
      744.000     0.151255
      745.000     0.152881
      746.000     0.152641
      747.000     0.152547
      748.000     0.152641
      749.000     0.152775
      750.000     0.156049
      751.000     0.153274
      752.000     0.154896
      753.000     0.156241
      754.000     0.155621
      755.000     0.156288
      756.000     0.156288
      757.000     0.157636
      758.000     0.157105
      759.000     0.158692
      760.000     0.156723
      761.000     0.157440
      762.000     0.159535
      763.000     0.159825
      764.000     0.161410
      765.000     0.161509
      766.000     0.161607
      767.000     0.162705
      768.000     0.162015
      769.000     0.162418
      770.000     0.164498
      771.000     0.164498
      772.000     0.164498
      773.000     0.165660
      774.000     0.165760
      775.000     0.167055
      776.000     0.168959
      777.000     0.167973
      778.000     0.168278
      779.000     0.167769
      780.000     0.167055
      781.000     0.167643
      782.000     0.168857
      783.000     0.170977
      784.000     0.171755
      785.000     0.171340
      786.000     0.172277
      787.000     0.174564
      788.000     0.173720
      789.000     0.175440
      790.000     0.174593
      791.000     0.173615
      792.000     0.173709
      793.000     0.175104
      794.000     0.172156
      795.000     0.176403
      796.000     0.176615
      797.000     0.175911
      798.000     0.179015
      799.000     0.179030
      800.000     0.182540
      801.000     0.183511
      802.000     0.184482
      803.000     0.185452
      804.000     0.186423
      805.000     0.186769
      806.000     0.187115
      807.000     0.187462
      808.000     0.187808
      809.000     0.188540
      810.000     0.189272
      811.000     0.190004
      812.000     0.190736
      813.000     0.190433
      814.000     0.190130
      815.000     0.189827
      816.000     0.189524
      817.000     0.189791
      818.000     0.190057
      819.000     0.190324
      820.000     0.190591
      821.000     0.190538
      822.000     0.190486
      823.000     0.190433
      824.000     0.190381
      825.000     0.191089
      826.000     0.191797
      827.000     0.192505
      828.000     0.193213
      829.000     0.193620
      830.000     0.194027
      831.000     0.194434
      832.000     0.194841
      833.000     0.194950
      834.000     0.195059
      835.000     0.195168
      836.000     0.195277
      837.000     0.195327
      838.000     0.195377
      839.000     0.195428
      840.000     0.195478
      841.000     0.196292
      842.000     0.197107
      843.000     0.197921
      844.000     0.198735
      845.000     0.199222
      846.000     0.199710
      847.000     0.200197
      848.000     0.200684
      849.000     0.200953
      850.000     0.201222
      851.000     0.201492
      852.000     0.201761
      853.000     0.202243
      854.000     0.202724
      855.000     0.203206
      856.000     0.203688
      857.000     0.203494
      858.000     0.203299
      859.000     0.203104
      860.000     0.202910
      861.000     0.203584
      862.000     0.204257
      863.000     0.204931
      864.000     0.205605
      865.000     0.205298
      866.000     0.204992
      867.000     0.204686
      868.000     0.204379
      869.000     0.204673
      870.000     0.204968
      871.000     0.205263
      872.000     0.205557
      873.000     0.205920
      874.000     0.206282
      875.000     0.206645
      876.000     0.207007
      877.000     0.207395
      878.000     0.207782
      879.000     0.208169
      880.000     0.208557
      881.000     0.209461
      882.000     0.210366
      883.000     0.211271
      884.000     0.212175
      885.000     0.211409
      886.000     0.210642
      887.000     0.209876
      888.000     0.209109
      889.000     0.209205
      890.000     0.209300
      891.000     0.209395
      892.000     0.209491
      893.000     0.209499
      894.000     0.209508
      895.000     0.209516
      896.000     0.209525
      897.000     0.210050
      898.000     0.210576
      899.000     0.211102
      900.000     0.211627
      901.000     0.211432
      902.000     0.211236
      903.000     0.211040
      904.000     0.210845
      905.000     0.211368
      906.000     0.211890
      907.000     0.212413
      908.000     0.212935
      909.000     0.213485
      910.000     0.214034
      911.000     0.214584
      912.000     0.215133
      913.000     0.215422
      914.000     0.215711
      915.000     0.216000
      916.000     0.216289
      917.000     0.216694
      918.000     0.217099
      919.000     0.217504
      920.000     0.217909
      921.000     0.218111
      922.000     0.218312
      923.000     0.218513
      924.000     0.218715
      925.000     0.219407
      926.000     0.220098
      927.000     0.220789
      928.000     0.221481
      929.000     0.221828
      930.000     0.222174
      931.000     0.222521
      932.000     0.222868
      933.000     0.222551
      934.000     0.222233
      935.000     0.221915
      936.000     0.221598
      937.000     0.221729
      938.000     0.221859
      939.000     0.221989
      940.000     0.222120
      941.000     0.222610
      942.000     0.223100
      943.000     0.223590
      944.000     0.224080
      945.000     0.225021
      946.000     0.225962
      947.000     0.226903
      948.000     0.227844
      949.000     0.227799
      950.000     0.227754
      951.000     0.227709
      952.000     0.227664
      953.000     0.228001
      954.000     0.228337
      955.000     0.228674
      956.000     0.229011
      957.000     0.229556
      958.000     0.230101
      959.000     0.230646
      960.000     0.231191
      961.000     0.231901
      962.000     0.232612
      963.000     0.233323
      964.000     0.234033
      965.000     0.233549
      966.000     0.233065
      967.000     0.232581
      968.000     0.232097
      969.000     0.233288
      970.000     0.234479
      971.000     0.235671
      972.000     0.236862
      973.000     0.236726
      974.000     0.236591
      975.000     0.236456
      976.000     0.236320
      977.000     0.236289
      978.000     0.236258
      979.000     0.236227
      980.000     0.236196
      981.000     0.236081
      982.000     0.235967
      983.000     0.235852
      984.000     0.235738
      985.000     0.235931
      986.000     0.236125
      987.000     0.236318
      988.000     0.236511
      989.000     0.237676
      990.000     0.238840
      991.000     0.240004
      992.000     0.241169
      993.000     0.241391
      994.000     0.241613
      995.000     0.241836
      996.000     0.242058
      997.000     0.242206
      998.000     0.242355
      999.000     0.242503
      1000.00     0.242652
      1001.00     0.243319
      1002.00     0.243986
      1003.00     0.244653
      1004.00     0.245320
      1005.00     0.244781
      1006.00     0.244242
      1007.00     0.243703
      1008.00     0.243164
      1009.00     0.243734
      1010.00     0.244303
      1011.00     0.244873
      1012.00     0.245442
      1013.00     0.245694
      1014.00     0.245946
      1015.00     0.246198
      1016.00     0.246450
      1017.00     0.247496
      1018.00     0.248542
      1019.00     0.249589
      1020.00     0.250635
      1021.00     0.250887
      1022.00     0.251139
      1023.00     0.251391
      1024.00     0.251643
      1025.00     0.252146
      1026.00     0.252650
      1027.00     0.253154
      1028.00     0.253657
      1029.00     0.253088
      1030.00     0.252520
      1031.00     0.251952
      1032.00     0.251383
      1033.00     0.252408
      1034.00     0.253434
      1035.00     0.254459
      1036.00     0.255484
      1037.00     0.254995
      1038.00     0.254505
      1039.00     0.254016
      1040.00     0.253526
      1041.00     0.253646
      1042.00     0.253765
      1043.00     0.253884
      1044.00     0.254004
      1045.00     0.254405
      1046.00     0.254807
      1047.00     0.255209
      1048.00     0.255610
      1049.00     0.255996
      1050.00     0.256383
      1051.00     0.256769
      1052.00     0.257155
      1053.00     0.257051
      1054.00     0.256948
      1055.00     0.256845
      1056.00     0.256741
      1057.00     0.257340
      1058.00     0.257939
      1059.00     0.258537
      1060.00     0.259136
      1061.00     0.259567
      1062.00     0.259997
      1063.00     0.260428
      1064.00     0.260859
      1065.00     0.261006
      1066.00     0.261153
      1067.00     0.261301
      1068.00     0.261448
      1069.00     0.262500
      1070.00     0.263553
      1071.00     0.264605
      1072.00     0.265658
      1073.00     0.266715
      1074.00     0.267772
      1075.00     0.268830
      1076.00     0.269887
      1077.00     0.269181
      1078.00     0.268476
      1079.00     0.267770
      1080.00     0.267064
      1081.00     0.266744
      1082.00     0.266425
      1083.00     0.266106
      1084.00     0.265786
      1085.00     0.266106
      1086.00     0.266425
      1087.00     0.266744
      1088.00     0.267064
      1089.00     0.267667
      1090.00     0.268270
      1091.00     0.268872
      1092.00     0.269475
      1093.00     0.269405
      1094.00     0.269336
      1095.00     0.269266
      1096.00     0.269196
      1097.00     0.269759
      1098.00     0.270321
      1099.00     0.270884
      1100.00     0.271447
      1101.00     0.272116
      1102.00     0.272785
      1103.00     0.273454
      1104.00     0.274123
      1105.00     0.274085
      1106.00     0.274047
      1107.00     0.274009
      1108.00     0.273971
      1109.00     0.274460
      1110.00     0.274950
      1111.00     0.275440
      1112.00     0.275929
      1113.00     0.276107
      1114.00     0.276286
      1115.00     0.276465
      1116.00     0.276643
      1117.00     0.276684
      1118.00     0.276726
      1119.00     0.276767
      1120.00     0.276808
      1121.00     0.277264
      1122.00     0.277719
      1123.00     0.278175
      1124.00     0.278631
      1125.00     0.279660
      1126.00     0.280688
      1127.00     0.281716
      1128.00     0.282745
      1129.00     0.282416
      1130.00     0.282086
      1131.00     0.281757
      1132.00     0.281428
      1133.00     0.281284
      1134.00     0.281141
      1135.00     0.280997
      1136.00     0.280853
      1137.00     0.281134
      1138.00     0.281415
      1139.00     0.281695
      1140.00     0.281976
      1141.00     0.281621
      1142.00     0.281265
      1143.00     0.280910
      1144.00     0.280555
      1145.00     0.281040
      1146.00     0.281524
      1147.00     0.282008
      1148.00     0.282493
      1149.00     0.282968
      1150.00     0.283444
      1151.00     0.283920
      1152.00     0.284395
      1153.00     0.284966
      1154.00     0.285537
      1155.00     0.286108
      1156.00     0.286679
      1157.00     0.286393
      1158.00     0.286106
      1159.00     0.285820
      1160.00     0.285533
      1161.00     0.285902
      1162.00     0.286272
      1163.00     0.286641
      1164.00     0.287010
      1165.00     0.287139
      1166.00     0.287268
      1167.00     0.287397
      1168.00     0.287526
      1169.00     0.287764
      1170.00     0.288002
      1171.00     0.288241
      1172.00     0.288479
      1173.00     0.288967
      1174.00     0.289454
      1175.00     0.289941
      1176.00     0.290429
      1177.00     0.290846
      1178.00     0.291262
      1179.00     0.291678
      1180.00     0.292095
      1181.00     0.292141
      1182.00     0.292188
      1183.00     0.292234
      1184.00     0.292280
      1185.00     0.292661
      1186.00     0.293042
      1187.00     0.293423
      1188.00     0.293804
      1189.00     0.293573
      1190.00     0.293342
      1191.00     0.293112
      1192.00     0.292881
      1193.00     0.293340
      1194.00     0.293799
      1195.00     0.294258
      1196.00     0.294717
      1197.00     0.295071
      1198.00     0.295425
      1199.00     0.295779
      1200.00     0.296133
      1201.00     0.295817
      1202.00     0.295501
      1203.00     0.295185
      1204.00     0.294869
      1205.00     0.295070
      1206.00     0.295271
      1207.00     0.295472
      1208.00     0.295673
      1209.00     0.295559
      1210.00     0.295444
      1211.00     0.295330
      1212.00     0.295215
      1213.00     0.295352
      1214.00     0.295488
      1215.00     0.295624
      1216.00     0.295761
      1217.00     0.296588
      1218.00     0.297415
      1219.00     0.298243
      1220.00     0.299070
      1221.00     0.299745
      1222.00     0.300420
      1223.00     0.301094
      1224.00     0.301769
      1225.00     0.301969
      1226.00     0.302168
      1227.00     0.302368
      1228.00     0.302567
      1229.00     0.302965
      1230.00     0.303362
      1231.00     0.303760
      1232.00     0.304158
      1233.00     0.303999
      1234.00     0.303840
      1235.00     0.303680
      1236.00     0.303521
      1237.00     0.303164
      1238.00     0.302806
      1239.00     0.302449
      1240.00     0.302092
      1241.00     0.301974
      1242.00     0.301856
      1243.00     0.301737
      1244.00     0.301619
      1245.00     0.301778
      1246.00     0.301937
      1247.00     0.302096
      1248.00     0.302255
      1249.00     0.302799
      1250.00     0.303344
      1251.00     0.303888
      1252.00     0.304432
      1253.00     0.305076
      1254.00     0.305720
      1255.00     0.306364
      1256.00     0.307008
      1257.00     0.306968
      1258.00     0.306928
      1259.00     0.306887
      1260.00     0.306847
      1261.00     0.306490
      1262.00     0.306134
      1263.00     0.305777
      1264.00     0.305420
      1265.00     0.305261
      1266.00     0.305103
      1267.00     0.304944
      1268.00     0.304785
      1269.00     0.305287
      1270.00     0.305788
      1271.00     0.306289
      1272.00     0.306791
      1273.00     0.307417
      1274.00     0.308044
      1275.00     0.308670
      1276.00     0.309296
      1277.00     0.310234
      1278.00     0.311172
      1279.00     0.312110
      1280.00     0.313048
      1281.00     0.312957
      1282.00     0.312866
      1283.00     0.312775
      1284.00     0.312684
      1285.00     0.313289
      1286.00     0.313893
      1287.00     0.314498
      1288.00     0.315102
      1289.00     0.315211
      1290.00     0.315320
      1291.00     0.315430
      1292.00     0.315539
      1293.00     0.316023
      1294.00     0.316506
      1295.00     0.316989
      1296.00     0.317473
      1297.00     0.317355
      1298.00     0.317237
      1299.00     0.317120
      1300.00     0.317002
      1301.00     0.317190
      1302.00     0.317379
      1303.00     0.317567
      1304.00     0.317756
      1305.00     0.317385
      1306.00     0.317015
      1307.00     0.316644
      1308.00     0.316274
      1309.00     0.316422
      1310.00     0.316570
      1311.00     0.316719
      1312.00     0.316867
      1313.00     0.316827
      1314.00     0.316786
      1315.00     0.316746
      1316.00     0.316706
      1317.00     0.317344
      1318.00     0.317982
      1319.00     0.318621
      1320.00     0.319259
      1321.00     0.319071
      1322.00     0.318883
      1323.00     0.318696
      1324.00     0.318508
      1325.00     0.318218
      1326.00     0.317929
      1327.00     0.317639
      1328.00     0.317350
      1329.00     0.317868
      1330.00     0.318386
      1331.00     0.318904
      1332.00     0.319422
      1333.00     0.319796
      1334.00     0.320171
      1335.00     0.320545
      1336.00     0.320919
      1337.00     0.320780
      1338.00     0.320641
      1339.00     0.320501
      1340.00     0.320362
      1341.00     0.321099
      1342.00     0.321837
      1343.00     0.322574
      1344.00     0.323311
      1345.00     0.323290
      1346.00     0.323269
      1347.00     0.323249
      1348.00     0.323228
      1349.00     0.322579
      1350.00     0.321931
      1351.00     0.321282
      1352.00     0.320633
      1353.00     0.320836
      1354.00     0.321039
      1355.00     0.321241
      1356.00     0.321444
      1357.00     0.321698
      1358.00     0.321953
      1359.00     0.322208
      1360.00     0.322462
      1361.00     0.322569
      1362.00     0.322676
      1363.00     0.322784
      1364.00     0.322891
      1365.00     0.322648
      1366.00     0.322405
      1367.00     0.322162
      1368.00     0.321919
      1369.00     0.322329
      1370.00     0.322738
      1371.00     0.323148
      1372.00     0.323558
      1373.00     0.323368
      1374.00     0.323178
      1375.00     0.322987
      1376.00     0.322797
      1377.00     0.322444
      1378.00     0.322091
      1379.00     0.321739
      1380.00     0.321386
      1381.00     0.320895
      1382.00     0.320404
      1383.00     0.319913
      1384.00     0.319422
      1385.00     0.319913
      1386.00     0.320404
      1387.00     0.320895
      1388.00     0.321386
      1389.00     0.320991
      1390.00     0.320596
      1391.00     0.320200
      1392.00     0.319805
      1393.00     0.319081
      1394.00     0.318357
      1395.00     0.317633
      1396.00     0.316909
      1397.00     0.316083
      1398.00     0.315257
      1399.00     0.314431
      1400.00     0.313605
      1401.00     0.313932
      1402.00     0.314259
      1403.00     0.314585
      1404.00     0.314912
      1405.00     0.313967
      1406.00     0.313022
      1407.00     0.312077
      1408.00     0.311132
      1409.00     0.311542
      1410.00     0.311952
      1411.00     0.312363
      1412.00     0.312773
      1413.00     0.312762
      1414.00     0.312751
      1415.00     0.312740
      1416.00     0.312729
      1417.00     0.312857
      1418.00     0.312985
      1419.00     0.313113
      1420.00     0.313241
      1421.00     0.312874
      1422.00     0.312507
      1423.00     0.312140
      1424.00     0.311773
      1425.00     0.311505
      1426.00     0.311237
      1427.00     0.310969
      1428.00     0.310701
      1429.00     0.310899
      1430.00     0.311098
      1431.00     0.311297
      1432.00     0.311495
      1433.00     0.311675
      1434.00     0.311855
      1435.00     0.312035
      1436.00     0.312215
      1437.00     0.312175
      1438.00     0.312135
      1439.00     0.312094
      1440.00     0.312054
      1441.00     0.311835
      1442.00     0.311616
      1443.00     0.311396
      1444.00     0.311177
      1445.00     0.311493
      1446.00     0.311809
      1447.00     0.312125
      1448.00     0.312441
      1449.00     0.312576
      1450.00     0.312711
      1451.00     0.312846
      1452.00     0.312981
      1453.00     0.313499
      1454.00     0.314017
      1455.00     0.314535
      1456.00     0.315053
      1457.00     0.315093
      1458.00     0.315133
      1459.00     0.315173
      1460.00     0.315213
      1461.00     0.315147
      1462.00     0.315082
      1463.00     0.315016
      1464.00     0.314950
      1465.00     0.314790
      1466.00     0.314631
      1467.00     0.314471
      1468.00     0.314311
      1469.00     0.314657
      1470.00     0.315004
      1471.00     0.315350
      1472.00     0.315696
      1473.00     0.315455
      1474.00     0.315215
      1475.00     0.314975
      1476.00     0.314734
      1477.00     0.314934
      1478.00     0.315134
      1479.00     0.315333
      1480.00     0.315533
      1481.00     0.315919
      1482.00     0.316306
      1483.00     0.316692
      1484.00     0.317078
      1485.00     0.317749
      1486.00     0.318420
      1487.00     0.319091
      1488.00     0.319762
      1489.00     0.320257
      1490.00     0.320751
      1491.00     0.321245
      1492.00     0.321740
      1493.00     0.322150
      1494.00     0.322559
      1495.00     0.322969
      1496.00     0.323379
      1497.00     0.323688
      1498.00     0.323997
      1499.00     0.324306
      1500.00     0.324615
      1501.00     0.325381
      1502.00     0.326146
      1503.00     0.326912
      1504.00     0.327678
      1505.00     0.327693
      1506.00     0.327708
      1507.00     0.327724
      1508.00     0.327739
      1509.00     0.328045
      1510.00     0.328350
      1511.00     0.328656
      1512.00     0.328962
      1513.00     0.329003
      1514.00     0.329044
      1515.00     0.329086
      1516.00     0.329127
      1517.00     0.329322
      1518.00     0.329517
      1519.00     0.329711
      1520.00     0.329906
      1521.00     0.330031
      1522.00     0.330157
      1523.00     0.330282
      1524.00     0.330407
      1525.00     0.330157
      1526.00     0.329907
      1527.00     0.329657
      1528.00     0.329407
      1529.00     0.329684
      1530.00     0.329961
      1531.00     0.330238
      1532.00     0.330515
      1533.00     0.331043
      1534.00     0.331571
      1535.00     0.332099
      1536.00     0.332627
      1537.00     0.333382
      1538.00     0.334137
      1539.00     0.334892
      1540.00     0.335647
      1541.00     0.335434
      1542.00     0.335222
      1543.00     0.335010
      1544.00     0.334797
      1545.00     0.334004
      1546.00     0.333210
      1547.00     0.332416
      1548.00     0.331623
      1549.00     0.332497
      1550.00     0.333371
      1551.00     0.334244
      1552.00     0.335118
      1553.00     0.335787
      1554.00     0.336456
      1555.00     0.337125
      1556.00     0.337794
      1557.00     0.337880
      1558.00     0.337965
      1559.00     0.338050
      1560.00     0.338136
      1561.00     0.338008
      1562.00     0.337879
      1563.00     0.337751
      1564.00     0.337623
      1565.00     0.337105
      1566.00     0.336587
      1567.00     0.336068
      1568.00     0.335550
      1569.00     0.335686
      1570.00     0.335822
      1571.00     0.335958
      1572.00     0.336094
      1573.00     0.336229
      1574.00     0.336365
      1575.00     0.336500
      1576.00     0.336635
      1577.00     0.336932
      1578.00     0.337229
      1579.00     0.337527
      1580.00     0.337824
      1581.00     0.337802
      1582.00     0.337780
      1583.00     0.337758
      1584.00     0.337736
      1585.00     0.338057
      1586.00     0.338378
      1587.00     0.338700
      1588.00     0.339021
      1589.00     0.339107
      1590.00     0.339193
      1591.00     0.339278
      1592.00     0.339364
      1593.00     0.339715
      1594.00     0.340065
      1595.00     0.340415
      1596.00     0.340766
      1597.00     0.341035
      1598.00     0.341304
      1599.00     0.341573
      1600.00     0.341842
      1601.00     0.342530
      1602.00     0.343219
      1603.00     0.343908
      1604.00     0.344596
      1605.00     0.343778
      1606.00     0.342960
      1607.00     0.342142
      1608.00     0.341324
      1609.00     0.341458
      1610.00     0.341592
      1611.00     0.341726
      1612.00     0.341860
      1613.00     0.342342
      1614.00     0.342825
      1615.00     0.343308
      1616.00     0.343790
      1617.00     0.343380
      1618.00     0.342970
      1619.00     0.342559
      1620.00     0.342149
      1621.00     0.342470
      1622.00     0.342790
      1623.00     0.343111
      1624.00     0.343431
      1625.00     0.343301
      1626.00     0.343171
      1627.00     0.343041
      1628.00     0.342911
      1629.00     0.343001
      1630.00     0.343091
      1631.00     0.343181
      1632.00     0.343271
      1633.00     0.342794
      1634.00     0.342317
      1635.00     0.341840
      1636.00     0.341363
      1637.00     0.341667
      1638.00     0.341972
      1639.00     0.342276
      1640.00     0.342581
      1641.00     0.342148
      1642.00     0.341715
      1643.00     0.341282
      1644.00     0.340849
      1645.00     0.341063
      1646.00     0.341278
      1647.00     0.341492
      1648.00     0.341706
      1649.00     0.341882
      1650.00     0.342057
      1651.00     0.342233
      1652.00     0.342409
      1653.00     0.342542
      1654.00     0.342674
      1655.00     0.342807
      1656.00     0.342940
      1657.00     0.342337
      1658.00     0.341734
      1659.00     0.341132
      1660.00     0.340529
      1661.00     0.340529
      1662.00     0.340529
      1663.00     0.340529
      1664.00     0.340529
      1665.00     0.340785
      1666.00     0.341040
      1667.00     0.341296
      1668.00     0.341552
      1669.00     0.341424
      1670.00     0.341296
      1671.00     0.341168
      1672.00     0.341040
      1673.00     0.341258
      1674.00     0.341476
      1675.00     0.341694
      1676.00     0.341912
      1677.00     0.343019
      1678.00     0.344126
      1679.00     0.345233
      1680.00     0.346340
      1681.00     0.345757
      1682.00     0.345173
      1683.00     0.344590
      1684.00     0.344006
      1685.00     0.344092
      1686.00     0.344178
      1687.00     0.344264
      1688.00     0.344350
      1689.00     0.344264
      1690.00     0.344178
      1691.00     0.344092
      1692.00     0.344006
      1693.00     0.343920
      1694.00     0.343835
      1695.00     0.343750
      1696.00     0.343664
      1697.00     0.344593
      1698.00     0.345522
      1699.00     0.346450
      1700.00     0.347379
      1701.00     0.347465
      1702.00     0.347550
      1703.00     0.347635
      1704.00     0.347721
      1705.00     0.347701
      1706.00     0.347682
      1707.00     0.347663
      1708.00     0.347643
      1709.00     0.347859
      1710.00     0.348075
      1711.00     0.348291
      1712.00     0.348507
      1713.00     0.348855
      1714.00     0.349203
      1715.00     0.349551
      1716.00     0.349899
      1717.00     0.349423
      1718.00     0.348946
      1719.00     0.348469
      1720.00     0.347993
      1721.00     0.348037
      1722.00     0.348081
      1723.00     0.348125
      1724.00     0.348169
      1725.00     0.348940
      1726.00     0.349711
      1727.00     0.350483
      1728.00     0.351254
      1729.00     0.350308
      1730.00     0.349361
      1731.00     0.348415
      1732.00     0.347469
      1733.00     0.348013
      1734.00     0.348558
      1735.00     0.349102
      1736.00     0.349647
      1737.00     0.349754
      1738.00     0.349860
      1739.00     0.349967
      1740.00     0.350074
      1741.00     0.349900
      1742.00     0.349725
      1743.00     0.349550
      1744.00     0.349376
      1745.00     0.349872
      1746.00     0.350369
      1747.00     0.350865
      1748.00     0.351362
      1749.00     0.351411
      1750.00     0.351459
      1751.00     0.351507
      1752.00     0.351556
      1753.00     0.351867
      1754.00     0.352177
      1755.00     0.352488
      1756.00     0.352798
      1757.00     0.352754
      1758.00     0.352709
      1759.00     0.352665
      1760.00     0.352620
      1761.00     0.352615
      1762.00     0.352610
      1763.00     0.352604
      1764.00     0.352599
      1765.00     0.352771
      1766.00     0.352943
      1767.00     0.353114
      1768.00     0.353286
      1769.00     0.352916
      1770.00     0.352546
      1771.00     0.352176
      1772.00     0.351806
      1773.00     0.352066
      1774.00     0.352326
      1775.00     0.352587
      1776.00     0.352847
      1777.00     0.353210
      1778.00     0.353574
      1779.00     0.353938
      1780.00     0.354301
      1781.00     0.354168
      1782.00     0.354035
      1783.00     0.353903
      1784.00     0.353770
      1785.00     0.352669
      1786.00     0.351568
      1787.00     0.350466
      1788.00     0.349365
      1789.00     0.349408
      1790.00     0.349451
      1791.00     0.349495
      1792.00     0.349538
      1793.00     0.350596
      1794.00     0.351654
      1795.00     0.352712
      1796.00     0.353770
      1797.00     0.355021
      1798.00     0.356272
      1799.00     0.357524
      1800.00     0.358775
      1801.00     0.357500
      1802.00     0.356225
      1803.00     0.354949
      1804.00     0.353674
      1805.00     0.353372
      1806.00     0.353069
      1807.00     0.352767
      1808.00     0.352465
      1809.00     0.352592
      1810.00     0.352719
      1811.00     0.352847
      1812.00     0.352974
      1813.00     0.352542
      1814.00     0.352110
      1815.00     0.351678
      1816.00     0.351246
      1817.00     0.351722
      1818.00     0.352197
      1819.00     0.352673
      1820.00     0.353149
      1821.00     0.353930
      1822.00     0.354711
      1823.00     0.355491
      1824.00     0.356272
      1825.00     0.356522
      1826.00     0.356772
      1827.00     0.357023
      1828.00     0.357273
      1829.00     0.357254
      1830.00     0.357236
      1831.00     0.357217
      1832.00     0.357199
      1833.00     0.357125
      1834.00     0.357052
      1835.00     0.356978
      1836.00     0.356905
      1837.00     0.356978
      1838.00     0.357052
      1839.00     0.357125
      1840.00     0.357199
      1841.00     0.357166
      1842.00     0.357132
      1843.00     0.357099
      1844.00     0.357066
      1845.00     0.357028
      1846.00     0.356991
      1847.00     0.356953
      1848.00     0.356915
      1849.00     0.356462
      1850.00     0.356010
      1851.00     0.355557
      1852.00     0.355104
      1853.00     0.354796
      1854.00     0.354487
      1855.00     0.354178
      1856.00     0.353870
      1857.00     0.352848
      1858.00     0.351826
      1859.00     0.350805
      1860.00     0.349783
      1861.00     0.348968
      1862.00     0.348153
      1863.00     0.347338
      1864.00     0.346523
      1865.00     0.346216
      1866.00     0.345910
      1867.00     0.345604
      1868.00     0.345297
      1869.00     0.343960
      1870.00     0.342624
      1871.00     0.341287
      1872.00     0.339951
      1873.00     0.339498
      1874.00     0.339044
      1875.00     0.338591
      1876.00     0.338137
      1877.00     0.337053
      1878.00     0.335968
      1879.00     0.334884
      1880.00     0.333799
      1881.00     0.331632
      1882.00     0.329466
      1883.00     0.327299
      1884.00     0.325132
      1885.00     0.323259
      1886.00     0.321386
      1887.00     0.319512
      1888.00     0.317639
      1889.00     0.315872
      1890.00     0.314106
      1891.00     0.312340
      1892.00     0.310573
      1893.00     0.308046
      1894.00     0.305518
      1895.00     0.302991
      1896.00     0.300463
      1897.00     0.298221
      1898.00     0.295978
      1899.00     0.293736
      1900.00     0.291493
      1901.00     0.290412
      1902.00     0.289331
      1903.00     0.288250
      1904.00     0.287169
      1905.00     0.285836
      1906.00     0.284503
      1907.00     0.283170
      1908.00     0.281837
      1909.00     0.281011
      1910.00     0.280184
      1911.00     0.279357
      1912.00     0.278531
      1913.00     0.278053
      1914.00     0.277576
      1915.00     0.277098
      1916.00     0.276621
      1917.00     0.276466
      1918.00     0.276311
      1919.00     0.276155
      1920.00     0.276000
      1921.00     0.276981
      1922.00     0.277963
      1923.00     0.278944
      1924.00     0.279925
      1925.00     0.280236
      1926.00     0.280547
      1927.00     0.280859
      1928.00     0.281170
      1929.00     0.281966
      1930.00     0.282762
      1931.00     0.283557
      1932.00     0.284353
      1933.00     0.284703
      1934.00     0.285053
      1935.00     0.285403
      1936.00     0.285753
      1937.00     0.286465
      1938.00     0.287177
      1939.00     0.287889
      1940.00     0.288601
      1941.00     0.289231
      1942.00     0.289860
      1943.00     0.290490
      1944.00     0.291120
      1945.00     0.291563
      1946.00     0.292006
      1947.00     0.292449
      1948.00     0.292892
      1949.00     0.293040
      1950.00     0.293187
      1951.00     0.293335
      1952.00     0.293483
      1953.00     0.293631
      1954.00     0.293778
      1955.00     0.293926
      1956.00     0.294073
      1957.00     0.294587
      1958.00     0.295101
      1959.00     0.295615
      1960.00     0.296129
      1961.00     0.296680
      1962.00     0.297231
      1963.00     0.297782
      1964.00     0.298333
      1965.00     0.299619
      1966.00     0.300905
      1967.00     0.302190
      1968.00     0.303476
      1969.00     0.303349
      1970.00     0.303222
      1971.00     0.303095
      1972.00     0.302968
      1973.00     0.304357
      1974.00     0.305747
      1975.00     0.307137
      1976.00     0.308526
      1977.00     0.309100
      1978.00     0.309674
      1979.00     0.310248
      1980.00     0.310822
      1981.00     0.312350
      1982.00     0.313879
      1983.00     0.315407
      1984.00     0.316936
      1985.00     0.316878
      1986.00     0.316821
      1987.00     0.316763
      1988.00     0.316706
      1989.00     0.316921
      1990.00     0.317136
      1991.00     0.317350
      1992.00     0.317565
      1993.00     0.318033
      1994.00     0.318501
      1995.00     0.318969
      1996.00     0.319437
      1997.00     0.319762
      1998.00     0.320087
      1999.00     0.320411
      2000.00     0.320736
      2001.00     0.322093
      2002.00     0.323449
      2003.00     0.324805
      2004.00     0.326162
      2005.00     0.326175
      2006.00     0.326189
      2007.00     0.326203
      2008.00     0.326216
      2009.00     0.326190
      2010.00     0.326164
      2011.00     0.326137
      2012.00     0.326111
      2013.00     0.325859
      2014.00     0.325606
      2015.00     0.325354
      2016.00     0.325101
      2017.00     0.324785
      2018.00     0.324468
      2019.00     0.324152
      2020.00     0.323836
      2021.00     0.323757
      2022.00     0.323678
      2023.00     0.323600
      2024.00     0.323521
      2025.00     0.323364
      2026.00     0.323207
      2027.00     0.323050
      2028.00     0.322893
      2029.00     0.322620
      2030.00     0.322347
      2031.00     0.322073
      2032.00     0.321800
      2033.00     0.321916
      2034.00     0.322033
      2035.00     0.322149
      2036.00     0.322265
      2037.00     0.322688
      2038.00     0.323110
      2039.00     0.323533
      2040.00     0.323955
      2041.00     0.324534
      2042.00     0.325113
      2043.00     0.325692
      2044.00     0.326271
      2045.00     0.325864
      2046.00     0.325457
      2047.00     0.325050
      2048.00     0.324643
      2049.00     0.324775
      2050.00     0.324908
      2051.00     0.325040
      2052.00     0.325173
      2053.00     0.324807
      2054.00     0.324441
      2055.00     0.324075
      2056.00     0.323709
      2057.00     0.323554
      2058.00     0.323399
      2059.00     0.323245
      2060.00     0.323090
      2061.00     0.323361
      2062.00     0.323632
      2063.00     0.323904
      2064.00     0.324175
      2065.00     0.324175
      2066.00     0.324175
      2067.00     0.324175
      2068.00     0.324175
      2069.00     0.323179
      2070.00     0.322183
      2071.00     0.321186
      2072.00     0.320190
      2073.00     0.320359
      2074.00     0.320529
      2075.00     0.320698
      2076.00     0.320867
      2077.00     0.320392
      2078.00     0.319918
      2079.00     0.319443
      2080.00     0.318779
      2081.00     0.317862
      2082.00     0.316860
      2083.00     0.317080
      2084.00     0.317145
      2085.00     0.317304
      2086.00     0.317260
      2087.00     0.317350
      2088.00     0.317229
      2089.00     0.317047
      2090.00     0.317222
      2091.00     0.317207
      2092.00     0.317181
      2093.00     0.317412
      2094.00     0.317626
      2095.00     0.317377
      2096.00     0.316937
      2097.00     0.316822
      2098.00     0.316847
      2099.00     0.316821
      2100.00     0.316856
      2101.00     0.316834
      2102.00     0.316639
      2103.00     0.316061
      2104.00     0.315834
      2105.00     0.316340
      2106.00     0.316373
      2107.00     0.316430
      2108.00     0.316960
      2109.00     0.317350
      2110.00     0.316691
      2111.00     0.316122
      2112.00     0.315764
      2113.00     0.315197
      2114.00     0.315204
      2115.00     0.315477
      2116.00     0.315570
      2117.00     0.315573
      2118.00     0.315267
      2119.00     0.314506
      2120.00     0.314139
      2121.00     0.314544
      2122.00     0.314494
      2123.00     0.314386
      2124.00     0.314753
      2125.00     0.314619
      2126.00     0.314031
      2127.00     0.314011
      2128.00     0.314421
      2129.00     0.313898
      2130.00     0.313274
      2131.00     0.313294
      2132.00     0.313180
      2133.00     0.312802
      2134.00     0.312851
      2135.00     0.313073
      2136.00     0.312931
      2137.00     0.312869
      2138.00     0.313031
      2139.00     0.313125
      2140.00     0.312891
      2141.00     0.312586
      2142.00     0.312328
      2143.00     0.312252
      2144.00     0.312438
      2145.00     0.312845
      2146.00     0.313269
      2147.00     0.313537
      2148.00     0.313630
      2149.00     0.313371
      2150.00     0.313175
      2151.00     0.313338
      2152.00     0.313405
      2153.00     0.313230
      2154.00     0.313455
      2155.00     0.313923
      2156.00     0.314121
      2157.00     0.314465
      2158.00     0.314923
      2159.00     0.315026
      2160.00     0.314763
      2161.00     0.314760
      2162.00     0.314730
      2163.00     0.314497
      2164.00     0.314587
      2165.00     0.314888
      2166.00     0.315276
      2167.00     0.315686
      2168.00     0.316236
      2169.00     0.316841
      2170.00     0.317338
      2171.00     0.317759
      2172.00     0.318031
      2173.00     0.317970
      2174.00     0.317698
      2175.00     0.317655
      2176.00     0.317798
      2177.00     0.318070
      2178.00     0.318331
      2179.00     0.318236
      2180.00     0.317973
      2181.00     0.317638
      2182.00     0.317476
      2183.00     0.317340
      2184.00     0.317311
      2185.00     0.317322
      2186.00     0.317191
      2187.00     0.316938
      2188.00     0.317075
      2189.00     0.317370
      2190.00     0.317483
      2191.00     0.317831
      2192.00     0.318434
      2193.00     0.319228
      2194.00     0.319491
      2195.00     0.319122
      2196.00     0.318753
      2197.00     0.318134
      2198.00     0.317422
      2199.00     0.316963
      2200.00     0.316859
      2201.00     0.317159
      2202.00     0.317564
      2203.00     0.318180
      2204.00     0.319039
      2205.00     0.319510
      2206.00     0.319621
      2207.00     0.319406
      2208.00     0.319188
      2209.00     0.319178
      2210.00     0.319421
      2211.00     0.319862
      2212.00     0.320118
      2213.00     0.320096
      2214.00     0.320180
      2215.00     0.320137
      2216.00     0.319676
      2217.00     0.319235
      2218.00     0.319322
      2219.00     0.319692
      2220.00     0.319911
      2221.00     0.320136
      2222.00     0.320222
      2223.00     0.320016
      2224.00     0.319518
      2225.00     0.319228
      2226.00     0.319140
      2227.00     0.319262
      2228.00     0.319342
      2229.00     0.319214
      2230.00     0.319021
      2231.00     0.318851
      2232.00     0.318398
      2233.00     0.317763
      2234.00     0.317341
      2235.00     0.317165
      2236.00     0.316898
      2237.00     0.316541
      2238.00     0.316303
      2239.00     0.316037
      2240.00     0.315688
      2241.00     0.315510
      2242.00     0.315434
      2243.00     0.314988
      2244.00     0.314255
      2245.00     0.313729
      2246.00     0.313283
      2247.00     0.312512
      2248.00     0.311873
      2249.00     0.311624
      2250.00     0.311269
      2251.00     0.310380
      2252.00     0.309889
      2253.00     0.309782
      2254.00     0.309445
      2255.00     0.308791
      2256.00     0.308279
      2257.00     0.307891
      2258.00     0.307178
      2259.00     0.306107
      2260.00     0.305230
      2261.00     0.304797
      2262.00     0.304534
      2263.00     0.304266
      2264.00     0.304046
      2265.00     0.303908
      2266.00     0.303704
      2267.00     0.303066
      2268.00     0.302511
      2269.00     0.302252
      2270.00     0.302184
      2271.00     0.302116
      2272.00     0.302174
      2273.00     0.302491
      2274.00     0.302873
      2275.00     0.302961
      2276.00     0.302793
      2277.00     0.302474
      2278.00     0.302211
      2279.00     0.302110
      2280.00     0.302211
      2281.00     0.302380
      2282.00     0.302589
      2283.00     0.302730
      2284.00     0.302618
      2285.00     0.302340
      2286.00     0.302234
      2287.00     0.302430
      2288.00     0.302916
      2289.00     0.303268
      2290.00     0.303474
      2291.00     0.303562
      2292.00     0.303421
      2293.00     0.303198
      2294.00     0.303079
      2295.00     0.303160
      2296.00     0.303385
      2297.00     0.303525
      2298.00     0.303659
      2299.00     0.303659
      2300.00     0.303342
      2301.00     0.303117
      2302.00     0.303190
      2303.00     0.303329
      2304.00     0.303321
      2305.00     0.303163
      2306.00     0.303060
      2307.00     0.303071
      2308.00     0.303109
      2309.00     0.303185
      2310.00     0.303268
      2311.00     0.303269
      2312.00     0.303227
      2313.00     0.303072
      2314.00     0.302984
      2315.00     0.303069
      2316.00     0.303252
      2317.00     0.303357
      2318.00     0.303409
      2319.00     0.303409
      2320.00     0.303381
      2321.00     0.303334
      2322.00     0.303221
      2323.00     0.303143
      2324.00     0.303062
      2325.00     0.302813
      2326.00     0.302447
      2327.00     0.302219
      2328.00     0.301920
      2329.00     0.301558
      2330.00     0.301279
      2331.00     0.301237
      2332.00     0.301332
      2333.00     0.301304
      2334.00     0.301085
      2335.00     0.301037
      2336.00     0.301044
      2337.00     0.301009
      2338.00     0.300985
      2339.00     0.301015
      2340.00     0.301006
      2341.00     0.300860
      2342.00     0.300553
      2343.00     0.300278
      2344.00     0.300198
      2345.00     0.300173
      2346.00     0.300139
      2347.00     0.300226
      2348.00     0.300454
      2349.00     0.300654
      2350.00     0.300815
      2351.00     0.301046
      2352.00     0.301301
      2353.00     0.301344
      2354.00     0.301204
      2355.00     0.301032
      2356.00     0.300867
      2357.00     0.300762
      2358.00     0.300758
      2359.00     0.300804
      2360.00     0.300790
      2361.00     0.300675
      2362.00     0.300581
      2363.00     0.300566
      2364.00     0.300517
      2365.00     0.300390
      2366.00     0.300219
      2367.00     0.300012
      2368.00     0.299702
      2369.00     0.299420
      2370.00     0.299121
      2371.00     0.298854
      2372.00     0.298691
      2373.00     0.298588
      2374.00     0.298473
      2375.00     0.298370
      2376.00     0.298323
      2377.00     0.298349
      2378.00     0.298244
      2379.00     0.297933
      2380.00     0.297720
      2381.00     0.297673
      2382.00     0.297676
      2383.00     0.297652
      2384.00     0.297600
      2385.00     0.297501
      2386.00     0.297263
      2387.00     0.296871
      2388.00     0.296628
      2389.00     0.296762
      2390.00     0.297159
      2391.00     0.297637
      2392.00     0.297922
      2393.00     0.297886
      2394.00     0.297604
      2395.00     0.297116
      2396.00     0.296562
      2397.00     0.296186
      2398.00     0.296046
      2399.00     0.295968
      2400.00     0.296026
      2401.00     0.295836
      2402.00     0.295498
      2403.00     0.295137
      2404.00     0.294763
      2405.00     0.294462
      2406.00     0.294370
      2407.00     0.294472
      2408.00     0.294592
      2409.00     0.294592
      2410.00     0.294403
      2411.00     0.294230
      2412.00     0.293985
      2413.00     0.293619
      2414.00     0.293178
      2415.00     0.292770
      2416.00     0.292452
      2417.00     0.292207
      2418.00     0.291962
      2419.00     0.291676
      2420.00     0.291496
      2421.00     0.291216
      2422.00     0.290743
      2423.00     0.290130
      2424.00     0.289507
      2425.00     0.288947
      2426.00     0.288556
      2427.00     0.288454
      2428.00     0.288269
      2429.00     0.288047
      2430.00     0.287743
      2431.00     0.287313
      2432.00     0.286766
      2433.00     0.286178
      2434.00     0.285592
      2435.00     0.285099
      2436.00     0.284951
      2437.00     0.284834
      2438.00     0.284631
      2439.00     0.284250
      2440.00     0.283714
      2441.00     0.283117
      2442.00     0.282389
      2443.00     0.281694
      2444.00     0.281076
      2445.00     0.280783
      2446.00     0.280633
      2447.00     0.280508
      2448.00     0.280321
      2449.00     0.280018
      2450.00     0.279684
      2451.00     0.279247
      2452.00     0.278953
      2453.00     0.278577
      2454.00     0.278048
      2455.00     0.277405
      2456.00     0.276757
      2457.00     0.276127
      2458.00     0.275617
      2459.00     0.275118
      2460.00     0.274568
      2461.00     0.274162
      2462.00     0.273885
      2463.00     0.273614
      2464.00     0.273251
      2465.00     0.272834
      2466.00     0.272426
      2467.00     0.272153
      2468.00     0.271897
      2469.00     0.271523
      2470.00     0.271001
      2471.00     0.270358
      2472.00     0.269892
      2473.00     0.269440
      2474.00     0.268888
      2475.00     0.268374
      2476.00     0.268032
      2477.00     0.267824
      2478.00     0.267431
      2479.00     0.266971
      2480.00     0.266528
      2481.00     0.266128
      2482.00     0.265805
      2483.00     0.265569
      2484.00     0.265390
      2485.00     0.265390
      2486.00     0.265302
      2487.00     0.265011
      2488.00     0.264614
      2489.00     0.264268
      2490.00     0.264050
      2491.00     0.263826
      2492.00     0.263684
      2493.00     0.263514
      2494.00     0.263303
      2495.00     0.263081
      2496.00     0.262866
      2497.00     0.262489
      2498.00     0.262022
      2499.00     0.261618
      2500.00     0.261377
