WL_SR	B1	B2	B3	B4	B5	B7
400	0.0	0.0	0.0	0.0	0.0	0.0
401	0.0	0.0	0.0	0.0	0.0	0.0
402	0.0	0.0	0.0	0.0	0.0	0.0
403	0.0	0.0	0.0	0.0	0.0	0.0
404	0.0	0.0	0.0	0.0	0.0	0.0
405	0.0	0.0	0.0	0.0	0.0	0.0
406	0.0	0.0	0.0	0.0	0.0	0.0
407	0.0	0.0	0.0	0.0	0.0	0.0
408	0.0	0.0	0.0	0.0	0.0	0.0
409	0.0	0.0	0.0	0.0	0.0	0.0
410	0.0	0.0	0.0	0.0	0.0	0.0
411	0.0	0.0	0.0	0.0	0.0	0.0
412	0.0	0.0	0.0	0.0	0.0	0.0
413	0.0	0.0	0.0	0.0	0.0	0.0
414	0.0	0.0	0.0	0.0	0.0	0.0
415	0.0	0.0	0.0	0.0	0.0	0.0
416	0.0	0.0	0.0	0.0	0.0	0.0
417	0.0	0.0	0.0	0.0	0.0	0.0
418	0.0	0.0	0.0	0.0	0.0	0.0
419	0.0	0.0	0.0	0.0	0.0	0.0
420	0.0	0.0	0.0	0.0	0.0	0.0
421	0.0	0.0	0.0	0.0	0.0	0.0
422	0.0	0.0	0.0	0.0	0.0	0.0
423	0.0	0.0	0.0	0.0	0.0	0.0
424	0.0	0.0	0.0	0.0	0.0	0.0
425	0.0	0.0	0.0	0.0	0.0	0.0
426	0.0	0.0	0.0	0.0	0.0	0.0
427	0.0	0.0	0.0	0.0	0.0	0.0
428	0.0	0.0	0.0	0.0	0.0	0.0
429	0.0	0.0	0.0	0.0	0.0	0.0
430	0.0	0.0	0.0	0.0	0.0	0.0
431	0.0	0.0	0.0	0.0	0.0	0.0
432	0.0	0.0	0.0	0.0	0.0	0.0
433	0.0	0.0	0.0	0.0	0.0	0.0
434	0.0	0.0	0.0	0.0	0.0	0.0
435	0.016	0.0	0.0	0.0	0.0	0.0
436	0.027	0.0	0.0	0.0	0.0	0.0
437	0.048	0.0	0.0	0.0	0.0	0.0
438	0.094	0.0	0.0	0.0	0.0	0.0
439	0.167	0.0	0.0	0.0	0.0	0.0
440	0.287	0.0	0.0	0.0	0.0	0.0
441	0.459	0.0	0.0	0.0	0.0	0.0
442	0.605	0.0	0.0	0.0	0.0	0.0
443	0.728	0.0	0.0	0.0	0.0	0.0
444	0.769	0.0	0.0	0.0	0.0	0.0
445	0.792	0.0	0.0	0.0	0.0	0.0
446	0.821	0.0	0.0	0.0	0.0	0.0
447	0.857	0.0	0.0	0.0	0.0	0.0
448	0.857	0.0	0.0	0.0	0.0	0.0
449	0.862	0.0	0.0	0.0	0.0	0.0
450	0.839	0.0	0.0	0.0	0.0	0.0
451	0.845	0.0	0.0	0.0	0.0	0.0
452	0.81	0.0	0.0	0.0	0.0	0.0
453	0.802	0.0	0.0	0.0	0.0	0.0
454	0.804	0.0	0.0	0.0	0.0	0.0
455	0.779	0.0	0.0	0.0	0.0	0.0
456	0.798	0.0	0.0	0.0	0.0	0.0
457	0.816	0.0	0.0	0.0	0.0	0.0
458	0.876	0.0	0.0	0.0	0.0	0.0
459	0.888	0.0	0.0	0.0	0.0	0.0
460	0.901	0.0	0.0	0.0	0.0	0.0
461	0.918	0.0	0.0	0.0	0.0	0.0
462	0.896	0.0	0.0	0.0	0.0	0.0
463	0.903	0.0	0.0	0.0	0.0	0.0
464	0.888	0.0	0.0	0.0	0.0	0.0
465	0.89	0.0	0.0	0.0	0.0	0.0
466	0.863	0.0	0.0	0.0	0.0	0.0
467	0.86	0.0	0.0	0.0	0.0	0.0
468	0.842	0.0	0.0	0.0	0.0	0.0
469	0.866	0.0	0.0	0.0	0.0	0.0
470	0.875	0.0	0.0	0.0	0.0	0.0
471	0.881	0.0	0.0	0.0	0.0	0.0
472	0.888	0.0	0.0	0.0	0.0	0.0
473	0.898	0.0	0.0	0.0	0.0	0.0
474	0.879	0.0	0.0	0.0	0.0	0.0
475	0.884	0.0	0.0	0.0	0.0	0.0
476	0.907	0.0	0.0	0.0	0.0	0.0
477	0.928	0.0	0.0	0.0	0.0	0.0
478	0.932	0.0	0.0	0.0	0.0	0.0
479	0.955	0.0	0.0	0.0	0.0	0.0
480	0.958	0.0	0.0	0.0	0.0	0.0
481	0.948	0.0	0.0	0.0	0.0	0.0
482	0.952	0.0	0.0	0.0	0.0	0.0
483	0.956	0.0	0.0	0.0	0.0	0.0
484	0.98	0.0	0.0	0.0	0.0	0.0
485	0.98	0.0	0.0	0.0	0.0	0.0
486	0.975	0.0	0.0	0.0	0.0	0.0
487	0.973	0.0	0.0	0.0	0.0	0.0
488	0.977	0.0	0.0	0.0	0.0	0.0
489	0.958	0.0	0.0	0.0	0.0	0.0
490	0.965	0.0	0.0	0.0	0.0	0.0
491	0.957	0.0	0.0	0.0	0.0	0.0
492	0.952	0.0	0.0	0.0	0.0	0.0
493	0.973	0.0	0.0	0.0	0.0	0.0
494	0.974	0.0	0.0	0.0	0.0	0.0
495	0.995	0.0	0.0	0.0	0.0	0.0
496	0.986	0.0	0.0	0.0	0.0	0.0
497	0.986	0.0	0.0	0.0	0.0	0.0
498	0.994	0.0	0.0	0.0	0.0	0.0
499	1.0	0.0	0.0	0.0	0.0	0.0
500	0.99	0.0006	0.0	0.0	0.0	0.0
501	0.99	0.0009	0.0	0.0	0.0	0.0
502	0.976	0.001	0.0	0.0	0.0	0.0
503	0.983	0.002	0.0	0.0	0.0	0.0
504	0.976	0.002	0.0	0.0	0.0	0.0
505	0.983	0.003	0.0	0.0	0.0	0.0
506	0.96	0.005	0.0	0.0	0.0	0.0
507	0.973	0.009	0.0	0.0	0.0	0.0
508	0.964	0.0145	0.0	0.0	0.0	0.0
509	0.975	0.0236	0.0	0.0	0.0	0.0
510	0.96	0.026	0.0	0.0	0.0	0.0
511	0.932	0.041	0.0	0.0	0.0	0.0
512	0.853	0.06	0.0	0.0	0.0	0.0
513	0.684	0.088	0.0	0.0	0.0	0.0
514	0.486	0.126	0.0	0.0	0.0	0.0
515	0.293	0.174	0.0	0.0	0.0	0.0
516	0.15	0.236	0.0	0.0	0.0	0.0
517	0.073	0.308	0.0	0.0	0.0	0.0
518	0.036	0.388	0.0	0.0	0.0	0.0
519	0.019	0.472	0.0	0.0	0.0	0.0
520	0.009	0.552	0.0	0.0	0.0	0.0
521	0.0	0.621	0.0	0.0	0.0	0.0
522	0.0	0.676	0.0	0.0	0.0	0.0
523	0.0	0.716	0.0	0.0	0.0	0.0
524	0.0	0.743	0.0	0.0	0.0	0.0
525	0.0	0.759	0.0	0.0	0.0	0.0
526	0.0	0.769	0.0	0.0	0.0	0.0
527	0.0	0.779	0.0	0.0	0.0	0.0
528	0.0	0.79	0.0	0.0	0.0	0.0
529	0.0	0.805	0.0	0.0	0.0	0.0
530	0.0	0.822	0.0	0.0	0.0	0.0
531	0.0	0.842	0.0	0.0	0.0	0.0
532	0.0	0.861	0.0	0.0	0.0	0.0
533	0.0	0.878	0.0	0.0	0.0	0.0
534	0.0	0.893	0.0	0.0	0.0	0.0
535	0.0	0.905	0.0	0.0	0.0	0.0
536	0.0	0.916	0.0	0.0	0.0	0.0
537	0.0	0.924	0.0	0.0	0.0	0.0
538	0.0	0.933	0.0	0.0	0.0	0.0
539	0.0	0.942	0.0	0.0	0.0	0.0
540	0.0	0.947	0.0	0.0	0.0	0.0
541	0.0	0.951	0.0	0.0	0.0	0.0
542	0.0	0.953	0.0	0.0	0.0	0.0
543	0.0	0.952	0.0	0.0	0.0	0.0
544	0.0	0.951	0.0	0.0	0.0	0.0
545	0.0	0.952	0.0	0.0	0.0	0.0
546	0.0	0.951	0.0	0.0	0.0	0.0
547	0.0	0.951	0.0	0.0	0.0	0.0
548	0.0	0.952	0.0	0.0	0.0	0.0
549	0.0	0.952	0.0	0.0	0.0	0.0
550	0.0	0.953	0.0	0.0	0.0	0.0
551	0.0	0.951	0.0	0.0	0.0	0.0
552	0.0	0.95	0.0	0.0	0.0	0.0
553	0.0	0.95	0.0	0.0	0.0	0.0
554	0.0	0.951	0.0	0.0	0.0	0.0
555	0.0	0.954	0.0	0.0	0.0	0.0
556	0.0	0.96	0.0	0.0	0.0	0.0
557	0.0	0.966	0.0	0.0	0.0	0.0
558	0.0	0.968	0.0	0.0	0.0	0.0
559	0.0	0.965	0.0	0.0	0.0	0.0
560	0.0	0.959	0.0	0.0	0.0	0.0
561	0.0	0.951	0.0	0.0	0.0	0.0
562	0.0	0.944	0.0	0.0	0.0	0.0
563	0.0	0.937	0.0	0.0	0.0	0.0
564	0.0	0.932	0.0	0.0	0.0	0.0
565	0.0	0.933	0.0	0.0	0.0	0.0
566	0.0	0.935	0.0	0.0	0.0	0.0
567	0.0	0.937	0.0	0.0	0.0	0.0
568	0.0	0.94	0.0	0.0	0.0	0.0
569	0.0	0.945	0.0	0.0	0.0	0.0
570	0.0	0.951	0.0	0.0	0.0	0.0
571	0.0	0.955	0.0	0.0	0.0	0.0
572	0.0	0.957	0.0	0.0	0.0	0.0
573	0.0	0.956	0.0	0.0	0.0	0.0
574	0.0	0.957	0.0	0.0	0.0	0.0
575	0.0	0.955	0.0	0.0	0.0	0.0
576	0.0	0.952	0.0	0.0	0.0	0.0
577	0.0	0.954	0.0	0.0	0.0	0.0
578	0.0	0.958	0.0	0.0	0.0	0.0
579	0.0	0.963	0.0	0.0	0.0	0.0
580	0.0	0.973	0.0	0.0	0.0	0.0
581	0.0	0.981	0.0	0.0	0.0	0.0
582	0.0	0.988	0.0	0.0	0.0	0.0
583	0.0	0.995	0.0	0.0	0.0	0.0
584	0.0	1.0	0.0	0.0	0.0	0.0
585	0.0	1.0	0.0	0.0	0.0	0.0
586	0.0	0.994	0.0	0.0	0.0	0.0
587	0.0	0.983	0.0	0.0	0.0	0.0
588	0.0	0.969	0.0	0.0	0.0	0.0
589	0.0	0.954	0.0	0.0	0.0	0.0
590	0.0	0.942	0.0	0.0	0.0	0.0
591	0.0	0.936	0.0	0.0	0.0	0.0
592	0.0	0.932	0.0	0.0	0.0	0.0
593	0.0	0.928	0.0	0.0	0.0	0.0
594	0.0	0.924	0.0	0.0	0.0	0.0
595	0.0	0.912	0.0	0.0	0.0	0.0
596	0.0	0.883	0.0	0.0	0.0	0.0
597	0.0	0.834	0.0	0.0	0.0	0.0
598	0.0	0.763	0.0	0.0	0.0	0.0
599	0.0	0.674	0.0	0.0	0.0	0.0
600	0.0	0.574	0.0	0.0	0.0	0.0
601	0.0	0.473	0.0	0.0	0.0	0.0
602	0.0	0.38	0.0	0.0	0.0	0.0
603	0.0	0.3	0.0	0.0	0.0	0.0
604	0.0	0.235	0.0	0.0	0.0	0.0
605	0.0	0.185	0.0	0.0	0.0	0.0
606	0.0	0.146	0.0	0.0	0.0	0.0
607	0.0	0.117	0.0	0.0	0.0	0.0
608	0.0	0.094	0.0	0.0	0.0	0.0
609	0.0	0.077	0.0	0.0	0.0	0.0
610	0.0	0.062	0.0	0.0	0.0	0.0
611	0.0	0.052	0.0	0.0	0.0	0.0
612	0.0	0.042	0.0	0.0	0.0	0.0
613	0.0	0.033	0.0	0.0	0.0	0.0
614	0.0	0.026	0.0005	0.0	0.0	0.0
615	0.0	0.021	9.999999999999999e-05	0.0	0.0	0.0
616	0.0	0.0158	0.0	0.0	0.0	0.0
617	0.0	0.01235	0.0005	0.0	0.0	0.0
618	0.0	0.0094	0.0006	0.0	0.0	0.0
619	0.0	0.00717	0.0014	0.0	0.0	0.0
620	0.0	0.0048	0.002	0.0	0.0	0.0
621	0.0	0.0037	0.003	0.0	0.0	0.0
622	0.0	0.0026	0.006	0.0	0.0	0.0
623	0.0	0.0017	0.013	0.0	0.0	0.0
624	0.0	0.0014	0.025	0.0	0.0	0.0
625	0.0	0.0	0.047	0.0	0.0	0.0
626	0.0	0.0	0.083	0.0	0.0	0.0
627	0.0	0.0	0.137	0.0	0.0	0.0
628	0.0	0.0	0.211	0.0	0.0	0.0
629	0.0	0.0	0.306	0.0	0.0	0.0
630	0.0	0.0	0.419	0.0	0.0	0.0
631	0.0	0.0	0.545	0.0	0.0	0.0
632	0.0	0.0	0.674	0.0	0.0	0.0
633	0.0	0.0	0.788	0.0	0.0	0.0
634	0.0	0.0	0.873	0.0	0.0	0.0
635	0.0	0.0	0.921	0.0	0.0	0.0
636	0.0	0.0	0.941	0.0	0.0	0.0
637	0.0	0.0	0.943	0.0	0.0	0.0
638	0.0	0.0	0.942	0.0	0.0	0.0
639	0.0	0.0	0.939	0.0	0.0	0.0
640	0.0	0.0	0.937	0.0	0.0	0.0
641	0.0	0.0	0.935	0.0	0.0	0.0
642	0.0	0.0	0.935	0.0	0.0	0.0
643	0.0	0.0	0.938	0.0	0.0	0.0
644	0.0	0.0	0.943	0.0	0.0	0.0
645	0.0	0.0	0.949	0.0	0.0	0.0
646	0.0	0.0	0.953	0.0	0.0	0.0
647	0.0	0.0	0.961	0.0	0.0	0.0
648	0.0	0.0	0.968	0.0	0.0	0.0
649	0.0	0.0	0.971	0.0	0.0	0.0
650	0.0	0.0	0.973	0.0	0.0	0.0
651	0.0	0.0	0.974	0.0	0.0	0.0
652	0.0	0.0	0.972	0.0	0.0	0.0
653	0.0	0.0	0.969	0.0	0.0	0.0
654	0.0	0.0	0.963	0.0	0.0	0.0
655	0.0	0.0	0.958	0.0	0.0	0.0
656	0.0	0.0	0.956	0.0	0.0	0.0
657	0.0	0.0	0.955	0.0	0.0	0.0
658	0.0	0.0	0.955	0.0	0.0	0.0
659	0.0	0.0	0.956	0.0	0.0	0.0
660	0.0	0.0	0.962	0.0	0.0	0.0
661	0.0	0.0	0.969	0.0	0.0	0.0
662	0.0	0.0	0.977	0.0	0.0	0.0
663	0.0	0.0	0.983	0.0	0.0	0.0
664	0.0	0.0	0.988	0.0	0.0	0.0
665	0.0	0.0	0.993	0.0	0.0	0.0
666	0.0	0.0	0.996	0.0	0.0	0.0
667	0.0	0.0	0.997	0.0	0.0	0.0
668	0.0	0.0	0.999	0.0	0.0	0.0
669	0.0	0.0	1.0	0.0	0.0	0.0
670	0.0	0.0	1.0	0.0	0.0	0.0
671	0.0	0.0	0.998	0.0	0.0	0.0
672	0.0	0.0	0.996	0.0	0.0	0.0
673	0.0	0.0	0.995	0.0	0.0	0.0
674	0.0	0.0	0.993	0.0	0.0	0.0
675	0.0	0.0	0.992	0.0	0.0	0.0
676	0.0	0.0	0.991	0.0	0.0	0.0
677	0.0	0.0	0.989	0.0	0.0	0.0
678	0.0	0.0	0.988	0.0	0.0	0.0
679	0.0	0.0	0.984	0.0	0.0	0.0
680	0.0	0.0	0.977	0.0	0.0	0.0
681	0.0	0.0	0.97	0.0	0.0	0.0
682	0.0	0.0	0.96	0.0	0.0	0.0
683	0.0	0.0	0.949	0.0	0.0	0.0
684	0.0	0.0	0.94	0.0	0.0	0.0
685	0.0	0.0	0.932	0.0	0.0	0.0
686	0.0	0.0	0.919	0.0	0.0	0.0
687	0.0	0.0	0.898	0.0	0.0	0.0
688	0.0	0.0	0.863	0.0	0.0	0.0
689	0.0	0.0	0.809	0.0	0.0	0.0
690	0.0	0.0	0.729	0.0	0.0	0.0
691	0.0	0.0	0.625	0.0	0.0	0.0
692	0.0	0.0	0.506	0.0	0.0	0.0
693	0.0	0.0	0.382	0.0	0.0	0.0
694	0.0	0.0	0.272	0.0	0.0	0.0
695	0.0	0.0	0.183	0.0	0.0	0.0
696	0.0	0.0	0.12	0.0	0.0	0.0
697	0.0	0.0	0.079	0.0	0.0	0.0
698	0.0	0.0	0.053	0.0	0.0	0.0
699	0.0	0.0	0.036	0.0	0.0	0.0
700	0.0	0.0	0.025	0.0	0.0	0.0
701	0.0	0.0	0.0196	0.0	0.0	0.0
702	0.0	0.0	0.0142	0.0	0.0	0.0
703	0.0	0.0	0.0101	0.0	0.0	0.0
704	0.0	0.0	0.0075	0.0	0.0	0.0
705	0.0	0.0	0.0	0.0	0.0	0.0
706	0.0	0.0	0.0	0.0	0.0	0.0
707	0.0	0.0	0.0	0.0	0.0	0.0
708	0.0	0.0	0.0	0.0	0.0	0.0
709	0.0	0.0	0.0	0.0	0.0	0.0
710	0.0	0.0	0.0	0.0	0.0	0.0
711	0.0	0.0	0.0	0.0	0.0	0.0
712	0.0	0.0	0.0	0.0	0.0	0.0
713	0.0	0.0	0.0	0.0	0.0	0.0
714	0.0	0.0	0.0	0.0	0.0	0.0
715	0.0	0.0	0.0	0.0	0.0	0.0
716	0.0	0.0	0.0	0.0	0.0	0.0
717	0.0	0.0	0.0	0.0	0.0	0.0
718	0.0	0.0	0.0	0.0	0.0	0.0
719	0.0	0.0	0.0	0.0	0.0	0.0
720	0.0	0.0	0.0	0.0	0.0	0.0
721	0.0	0.0	0.0	0.0	0.0	0.0
722	0.0	0.0	0.0	0.0	0.0	0.0
723	0.0	0.0	0.0	0.0	0.0	0.0
724	0.0	0.0	0.0	0.0	0.0	0.0
725	0.0	0.0	0.0	0.0	0.0	0.0
726	0.0	0.0	0.0	0.0	0.0	0.0
727	0.0	0.0	0.0	0.0	0.0	0.0
728	0.0	0.0	0.0	0.0	0.0	0.0
729	0.0	0.0	0.0	0.0	0.0	0.0
730	0.0	0.0	0.0	0.0	0.0	0.0
731	0.0	0.0	0.0	0.0	0.0	0.0
732	0.0	0.0	0.0	0.0	0.0	0.0
733	0.0	0.0	0.0	0.0	0.0	0.0
734	0.0	0.0	0.0	0.0	0.0	0.0
735	0.0	0.0	0.0	0.0	0.0	0.0
736	0.0	0.0	0.0	8e-05	0.0	0.0
737	0.0	0.0	0.0	0.00016	0.0	0.0
738	0.0	0.0	0.0	0.00024000000000000003	0.0	0.0
739	0.0	0.0	0.0	0.00032	0.0	0.0
740	0.0	0.0	0.0	0.0004	0.0	0.0
741	0.0	0.0	0.0	0.00106	0.0	0.0
742	0.0	0.0	0.0	0.00172	0.0	0.0
743	0.0	0.0	0.0	0.00238	0.0	0.0
744	0.0	0.0	0.0	0.00304	0.0	0.0
745	0.0	0.0	0.0	0.0037	0.0	0.0
746	0.0	0.0	0.0	0.00316	0.0	0.0
747	0.0	0.0	0.0	0.00262	0.0	0.0
748	0.0	0.0	0.0	0.0020800000000000003	0.0	0.0
749	0.0	0.0	0.0	0.0015400000000000001	0.0	0.0
750	0.0	0.0	0.0	0.001	0.0	0.0
751	0.0	0.0	0.0	0.0144	0.0	0.0
752	0.0	0.0	0.0	0.0182	0.0	0.0
753	0.0	0.0	0.0	0.0216	0.0	0.0
754	0.0	0.0	0.0	0.0269	0.0	0.0
755	0.0	0.0	0.0	0.0315	0.0	0.0
756	0.0	0.0	0.0	0.0377	0.0	0.0
757	0.0	0.0	0.0	0.0474	0.0	0.0
758	0.0	0.0	0.0	0.0562	0.0	0.0
759	0.0	0.0	0.0	0.0688	0.0	0.0
760	0.0	0.0	0.0	0.069	0.0	0.0
761	0.0	0.0	0.0	0.083	0.0	0.0
762	0.0	0.0	0.0	0.099	0.0	0.0
763	0.0	0.0	0.0	0.121	0.0	0.0
764	0.0	0.0	0.0	0.146	0.0	0.0
765	0.0	0.0	0.0	0.175	0.0	0.0
766	0.0	0.0	0.0	0.209	0.0	0.0
767	0.0	0.0	0.0	0.248	0.0	0.0
768	0.0	0.0	0.0	0.294	0.0	0.0
769	0.0	0.0	0.0	0.346	0.0	0.0
770	0.0	0.0	0.0	0.402	0.0	0.0
771	0.0	0.0	0.0	0.463	0.0	0.0
772	0.0	0.0	0.0	0.523	0.0	0.0
773	0.0	0.0	0.0	0.588	0.0	0.0
774	0.0	0.0	0.0	0.649	0.0	0.0
775	0.0	0.0	0.0	0.705	0.0	0.0
776	0.0	0.0	0.0	0.757	0.0	0.0
777	0.0	0.0	0.0	0.797	0.0	0.0
778	0.0	0.0	0.0	0.827	0.0	0.0
779	0.0	0.0	0.0	0.853	0.0	0.0
780	0.0	0.0	0.0	0.871	0.0	0.0
781	0.0	0.0	0.0	0.884	0.0	0.0
782	0.0	0.0	0.0	0.892	0.0	0.0
783	0.0	0.0	0.0	0.899	0.0	0.0
784	0.0	0.0	0.0	0.903	0.0	0.0
785	0.0	0.0	0.0	0.908	0.0	0.0
786	0.0	0.0	0.0	0.911	0.0	0.0
787	0.0	0.0	0.0	0.916	0.0	0.0
788	0.0	0.0	0.0	0.92	0.0	0.0
789	0.0	0.0	0.0	0.925	0.0	0.0
790	0.0	0.0	0.0	0.926	0.0	0.0
791	0.0	0.0	0.0	0.927	0.0	0.0
792	0.0	0.0	0.0	0.927	0.0	0.0
793	0.0	0.0	0.0	0.929	0.0	0.0
794	0.0	0.0	0.0	0.932	0.0	0.0
795	0.0	0.0	0.0	0.93	0.0	0.0
796	0.0	0.0	0.0	0.926	0.0	0.0
797	0.0	0.0	0.0	0.926	0.0	0.0
798	0.0	0.0	0.0	0.925	0.0	0.0
799	0.0	0.0	0.0	0.928	0.0	0.0
800	0.0	0.0	0.0	0.925	0.0	0.0
801	0.0	0.0	0.0	0.926	0.0	0.0
802	0.0	0.0	0.0	0.928	0.0	0.0
803	0.0	0.0	0.0	0.928	0.0	0.0
804	0.0	0.0	0.0	0.928	0.0	0.0
805	0.0	0.0	0.0	0.923	0.0	0.0
806	0.0	0.0	0.0	0.92	0.0	0.0
807	0.0	0.0	0.0	0.919	0.0	0.0
808	0.0	0.0	0.0	0.914	0.0	0.0
809	0.0	0.0	0.0	0.91	0.0	0.0
810	0.0	0.0	0.0	0.908	0.0	0.0
811	0.0	0.0	0.0	0.905	0.0	0.0
812	0.0	0.0	0.0	0.903	0.0	0.0
813	0.0	0.0	0.0	0.904	0.0	0.0
814	0.0	0.0	0.0	0.902	0.0	0.0
815	0.0	0.0	0.0	0.909	0.0	0.0
816	0.0	0.0	0.0	0.917	0.0	0.0
817	0.0	0.0	0.0	0.92	0.0	0.0
818	0.0	0.0	0.0	0.928	0.0	0.0
819	0.0	0.0	0.0	0.938	0.0	0.0
820	0.0	0.0	0.0	0.946	0.0	0.0
821	0.0	0.0	0.0	0.953	0.0	0.0
822	0.0	0.0	0.0	0.962	0.0	0.0
823	0.0	0.0	0.0	0.969	0.0	0.0
824	0.0	0.0	0.0	0.971	0.0	0.0
825	0.0	0.0	0.0	0.971	0.0	0.0
826	0.0	0.0	0.0	0.97	0.0	0.0
827	0.0	0.0	0.0	0.969	0.0	0.0
828	0.0	0.0	0.0	0.969	0.0	0.0
829	0.0	0.0	0.0	0.97	0.0	0.0
830	0.0	0.0	0.0	0.967	0.0	0.0
831	0.0	0.0	0.0	0.969	0.0	0.0
832	0.0	0.0	0.0	0.968	0.0	0.0
833	0.0	0.0	0.0	0.963	0.0	0.0
834	0.0	0.0	0.0	0.965	0.0	0.0
835	0.0	0.0	0.0	0.967	0.0	0.0
836	0.0	0.0	0.0	0.965	0.0	0.0
837	0.0	0.0	0.0	0.963	0.0	0.0
838	0.0	0.0	0.0	0.958	0.0	0.0
839	0.0	0.0	0.0	0.95	0.0	0.0
840	0.0	0.0	0.0	0.949	0.0	0.0
841	0.0	0.0	0.0	0.943	0.0	0.0
842	0.0	0.0	0.0	0.933	0.0	0.0
843	0.0	0.0	0.0	0.929	0.0	0.0
844	0.0	0.0	0.0	0.928	0.0	0.0
845	0.0	0.0	0.0	0.925	0.0	0.0
846	0.0	0.0	0.0	0.924	0.0	0.0
847	0.0	0.0	0.0	0.927	0.0	0.0
848	0.0	0.0	0.0	0.932	0.0	0.0
849	0.0	0.0	0.0	0.934	0.0	0.0
850	0.0	0.0	0.0	0.943	0.0	0.0
851	0.0	0.0	0.0	0.952	0.0	0.0
852	0.0	0.0	0.0	0.956	0.0	0.0
853	0.0	0.0	0.0	0.966	0.0	0.0
854	0.0	0.0	0.0	0.977	0.0	0.0
855	0.0	0.0	0.0	0.985	0.0	0.0
856	0.0	0.0	0.0	0.99	0.0	0.0
857	0.0	0.0	0.0	0.992	0.0	0.0
858	0.0	0.0	0.0	0.993	0.0	0.0
859	0.0	0.0	0.0	0.994	0.0	0.0
860	0.0	0.0	0.0	0.998	0.0	0.0
861	0.0	0.0	0.0	0.996	0.0	0.0
862	0.0	0.0	0.0	0.992	0.0	0.0
863	0.0	0.0	0.0	0.991	0.0	0.0
864	0.0	0.0	0.0	0.992	0.0	0.0
865	0.0	0.0	0.0	0.994	0.0	0.0
866	0.0	0.0	0.0	0.993	0.0	0.0
867	0.0	0.0	0.0	0.997	0.0	0.0
868	0.0	0.0	0.0	0.997	0.0	0.0
869	0.0	0.0	0.0	0.996	0.0	0.0
870	0.0	0.0	0.0	0.998	0.0	0.0
871	0.0	0.0	0.0	0.999	0.0	0.0
872	0.0	0.0	0.0	1.0	0.0	0.0
873	0.0	0.0	0.0	0.999	0.0	0.0
874	0.0	0.0	0.0	0.996	0.0	0.0
875	0.0	0.0	0.0	0.991	0.0	0.0
876	0.0	0.0	0.0	0.99	0.0	0.0
877	0.0	0.0	0.0	0.991	0.0	0.0
878	0.0	0.0	0.0	0.985	0.0	0.0
879	0.0	0.0	0.0	0.978	0.0	0.0
880	0.0	0.0	0.0	0.969	0.0	0.0
881	0.0	0.0	0.0	0.955	0.0	0.0
882	0.0	0.0	0.0	0.937	0.0	0.0
883	0.0	0.0	0.0	0.916	0.0	0.0
884	0.0	0.0	0.0	0.892	0.0	0.0
885	0.0	0.0	0.0	0.868	0.0	0.0
886	0.0	0.0	0.0	0.845	0.0	0.0
887	0.0	0.0	0.0	0.824	0.0	0.0
888	0.0	0.0	0.0	0.811	0.0	0.0
889	0.0	0.0	0.0	0.807	0.0	0.0
890	0.0	0.0	0.0	0.819	0.0	0.0
891	0.0	0.0	0.0	0.841	0.0	0.0
892	0.0	0.0	0.0	0.868	0.0	0.0
893	0.0	0.0	0.0	0.892	0.0	0.0
894	0.0	0.0	0.0	0.892	0.0	0.0
895	0.0	0.0	0.0	0.854	0.0	0.0
896	0.0	0.0	0.0	0.77	0.0	0.0
897	0.0	0.0	0.0	0.644	0.0	0.0
898	0.0	0.0	0.0	0.501	0.0	0.0
899	0.0	0.0	0.0	0.365	0.0	0.0
900	0.0	0.0	0.0	0.256	0.0	0.0
901	0.0	0.0	0.0	0.177	0.0	0.0
902	0.0	0.0	0.0	0.122	0.0	0.0
903	0.0	0.0	0.0	0.085	0.0	0.0
904	0.0	0.0	0.0	0.061	0.0	0.0
905	0.0	0.0	0.0	0.044	0.0	0.0
906	0.0	0.0	0.0	0.032	0.0	0.0
907	0.0	0.0	0.0	0.025	0.0	0.0
908	0.0	0.0	0.0	0.019	0.0	0.0
909	0.0	0.0	0.0	0.014	0.0	0.0
910	0.0	0.0	0.0	0.011	0.0	0.0
911	0.0	0.0	0.0	0.0107	0.0	0.0
912	0.0	0.0	0.0	0.008	0.0	0.0
913	0.0	0.0	0.0	0.0061	0.0	0.0
914	0.0	0.0	0.0	0.0052	0.0	0.0
915	0.0	0.0	0.0	0.0	0.0	0.0
916	0.0	0.0	0.0	0.0	0.0	0.0
917	0.0	0.0	0.0	0.0	0.0	0.0
918	0.0	0.0	0.0	0.0	0.0	0.0
919	0.0	0.0	0.0	0.0	0.0	0.0
920	0.0	0.0	0.0	0.0	0.0	0.0
921	0.0	0.0	0.0	0.0	0.0	0.0
922	0.0	0.0	0.0	0.0	0.0	0.0
923	0.0	0.0	0.0	0.0	0.0	0.0
924	0.0	0.0	0.0	0.0	0.0	0.0
925	0.0	0.0	0.0	0.0	0.0	0.0
926	0.0	0.0	0.0	0.0	0.0	0.0
927	0.0	0.0	0.0	0.0	0.0	0.0
928	0.0	0.0	0.0	0.0	0.0	0.0
929	0.0	0.0	0.0	0.0	0.0	0.0
930	0.0	0.0	0.0	0.0	0.0	0.0
931	0.0	0.0	0.0	0.0	0.0	0.0
932	0.0	0.0	0.0	0.0	0.0	0.0
933	0.0	0.0	0.0	0.0	0.0	0.0
934	0.0	0.0	0.0	0.0	0.0	0.0
935	0.0	0.0	0.0	0.0	0.0	0.0
936	0.0	0.0	0.0	0.0	0.0	0.0
937	0.0	0.0	0.0	0.0	0.0	0.0
938	0.0	0.0	0.0	0.0	0.0	0.0
939	0.0	0.0	0.0	0.0	0.0	0.0
940	0.0	0.0	0.0	0.0	0.0	0.0
941	0.0	0.0	0.0	0.0	0.0	0.0
942	0.0	0.0	0.0	0.0	0.0	0.0
943	0.0	0.0	0.0	0.0	0.0	0.0
944	0.0	0.0	0.0	0.0	0.0	0.0
945	0.0	0.0	0.0	0.0	0.0	0.0
946	0.0	0.0	0.0	0.0	0.0	0.0
947	0.0	0.0	0.0	0.0	0.0	0.0
948	0.0	0.0	0.0	0.0	0.0	0.0
949	0.0	0.0	0.0	0.0	0.0	0.0
950	0.0	0.0	0.0	0.0	0.0	0.0
951	0.0	0.0	0.0	0.0	0.0	0.0
952	0.0	0.0	0.0	0.0	0.0	0.0
953	0.0	0.0	0.0	0.0	0.0	0.0
954	0.0	0.0	0.0	0.0	0.0	0.0
955	0.0	0.0	0.0	0.0	0.0	0.0
956	0.0	0.0	0.0	0.0	0.0	0.0
957	0.0	0.0	0.0	0.0	0.0	0.0
958	0.0	0.0	0.0	0.0	0.0	0.0
959	0.0	0.0	0.0	0.0	0.0	0.0
960	0.0	0.0	0.0	0.0	0.0	0.0
961	0.0	0.0	0.0	0.0	0.0	0.0
962	0.0	0.0	0.0	0.0	0.0	0.0
963	0.0	0.0	0.0	0.0	0.0	0.0
964	0.0	0.0	0.0	0.0	0.0	0.0
965	0.0	0.0	0.0	0.0	0.0	0.0
966	0.0	0.0	0.0	0.0	0.0	0.0
967	0.0	0.0	0.0	0.0	0.0	0.0
968	0.0	0.0	0.0	0.0	0.0	0.0
969	0.0	0.0	0.0	0.0	0.0	0.0
970	0.0	0.0	0.0	0.0	0.0	0.0
971	0.0	0.0	0.0	0.0	0.0	0.0
972	0.0	0.0	0.0	0.0	0.0	0.0
973	0.0	0.0	0.0	0.0	0.0	0.0
974	0.0	0.0	0.0	0.0	0.0	0.0
975	0.0	0.0	0.0	0.0	0.0	0.0
976	0.0	0.0	0.0	0.0	0.0	0.0
977	0.0	0.0	0.0	0.0	0.0	0.0
978	0.0	0.0	0.0	0.0	0.0	0.0
979	0.0	0.0	0.0	0.0	0.0	0.0
980	0.0	0.0	0.0	0.0	0.0	0.0
981	0.0	0.0	0.0	0.0	0.0	0.0
982	0.0	0.0	0.0	0.0	0.0	0.0
983	0.0	0.0	0.0	0.0	0.0	0.0
984	0.0	0.0	0.0	0.0	0.0	0.0
985	0.0	0.0	0.0	0.0	0.0	0.0
986	0.0	0.0	0.0	0.0	0.0	0.0
987	0.0	0.0	0.0	0.0	0.0	0.0
988	0.0	0.0	0.0	0.0	0.0	0.0
989	0.0	0.0	0.0	0.0	0.0	0.0
990	0.0	0.0	0.0	0.0	0.0	0.0
991	0.0	0.0	0.0	0.0	0.0	0.0
992	0.0	0.0	0.0	0.0	0.0	0.0
993	0.0	0.0	0.0	0.0	0.0	0.0
994	0.0	0.0	0.0	0.0	0.0	0.0
995	0.0	0.0	0.0	0.0	0.0	0.0
996	0.0	0.0	0.0	0.0	0.0	0.0
997	0.0	0.0	0.0	0.0	0.0	0.0
998	0.0	0.0	0.0	0.0	0.0	0.0
999	0.0	0.0	0.0	0.0	0.0	0.0
1000	0.0	0.0	0.0	0.0	0.0	0.0
1001	0.0	0.0	0.0	0.0	0.0	0.0
1002	0.0	0.0	0.0	0.0	0.0	0.0
1003	0.0	0.0	0.0	0.0	0.0	0.0
1004	0.0	0.0	0.0	0.0	0.0	0.0
1005	0.0	0.0	0.0	0.0	0.0	0.0
1006	0.0	0.0	0.0	0.0	0.0	0.0
1007	0.0	0.0	0.0	0.0	0.0	0.0
1008	0.0	0.0	0.0	0.0	0.0	0.0
1009	0.0	0.0	0.0	0.0	0.0	0.0
1010	0.0	0.0	0.0	0.0	0.0	0.0
1011	0.0	0.0	0.0	0.0	0.0	0.0
1012	0.0	0.0	0.0	0.0	0.0	0.0
1013	0.0	0.0	0.0	0.0	0.0	0.0
1014	0.0	0.0	0.0	0.0	0.0	0.0
1015	0.0	0.0	0.0	0.0	0.0	0.0
1016	0.0	0.0	0.0	0.0	0.0	0.0
1017	0.0	0.0	0.0	0.0	0.0	0.0
1018	0.0	0.0	0.0	0.0	0.0	0.0
1019	0.0	0.0	0.0	0.0	0.0	0.0
1020	0.0	0.0	0.0	0.0	0.0	0.0
1021	0.0	0.0	0.0	0.0	0.0	0.0
1022	0.0	0.0	0.0	0.0	0.0	0.0
1023	0.0	0.0	0.0	0.0	0.0	0.0
1024	0.0	0.0	0.0	0.0	0.0	0.0
1025	0.0	0.0	0.0	0.0	0.0	0.0
1026	0.0	0.0	0.0	0.0	0.0	0.0
1027	0.0	0.0	0.0	0.0	0.0	0.0
1028	0.0	0.0	0.0	0.0	0.0	0.0
1029	0.0	0.0	0.0	0.0	0.0	0.0
1030	0.0	0.0	0.0	0.0	0.0	0.0
1031	0.0	0.0	0.0	0.0	0.0	0.0
1032	0.0	0.0	0.0	0.0	0.0	0.0
1033	0.0	0.0	0.0	0.0	0.0	0.0
1034	0.0	0.0	0.0	0.0	0.0	0.0
1035	0.0	0.0	0.0	0.0	0.0	0.0
1036	0.0	0.0	0.0	0.0	0.0	0.0
1037	0.0	0.0	0.0	0.0	0.0	0.0
1038	0.0	0.0	0.0	0.0	0.0	0.0
1039	0.0	0.0	0.0	0.0	0.0	0.0
1040	0.0	0.0	0.0	0.0	0.0	0.0
1041	0.0	0.0	0.0	0.0	0.0	0.0
1042	0.0	0.0	0.0	0.0	0.0	0.0
1043	0.0	0.0	0.0	0.0	0.0	0.0
1044	0.0	0.0	0.0	0.0	0.0	0.0
1045	0.0	0.0	0.0	0.0	0.0	0.0
1046	0.0	0.0	0.0	0.0	0.0	0.0
1047	0.0	0.0	0.0	0.0	0.0	0.0
1048	0.0	0.0	0.0	0.0	0.0	0.0
1049	0.0	0.0	0.0	0.0	0.0	0.0
1050	0.0	0.0	0.0	0.0	0.0	0.0
1051	0.0	0.0	0.0	0.0	0.0	0.0
1052	0.0	0.0	0.0	0.0	0.0	0.0
1053	0.0	0.0	0.0	0.0	0.0	0.0
1054	0.0	0.0	0.0	0.0	0.0	0.0
1055	0.0	0.0	0.0	0.0	0.0	0.0
1056	0.0	0.0	0.0	0.0	0.0	0.0
1057	0.0	0.0	0.0	0.0	0.0	0.0
1058	0.0	0.0	0.0	0.0	0.0	0.0
1059	0.0	0.0	0.0	0.0	0.0	0.0
1060	0.0	0.0	0.0	0.0	0.0	0.0
1061	0.0	0.0	0.0	0.0	0.0	0.0
1062	0.0	0.0	0.0	0.0	0.0	0.0
1063	0.0	0.0	0.0	0.0	0.0	0.0
1064	0.0	0.0	0.0	0.0	0.0	0.0
1065	0.0	0.0	0.0	0.0	0.0	0.0
1066	0.0	0.0	0.0	0.0	0.0	0.0
1067	0.0	0.0	0.0	0.0	0.0	0.0
1068	0.0	0.0	0.0	0.0	0.0	0.0
1069	0.0	0.0	0.0	0.0	0.0	0.0
1070	0.0	0.0	0.0	0.0	0.0	0.0
1071	0.0	0.0	0.0	0.0	0.0	0.0
1072	0.0	0.0	0.0	0.0	0.0	0.0
1073	0.0	0.0	0.0	0.0	0.0	0.0
1074	0.0	0.0	0.0	0.0	0.0	0.0
1075	0.0	0.0	0.0	0.0	0.0	0.0
1076	0.0	0.0	0.0	0.0	0.0	0.0
1077	0.0	0.0	0.0	0.0	0.0	0.0
1078	0.0	0.0	0.0	0.0	0.0	0.0
1079	0.0	0.0	0.0	0.0	0.0	0.0
1080	0.0	0.0	0.0	0.0	0.0	0.0
1081	0.0	0.0	0.0	0.0	0.0	0.0
1082	0.0	0.0	0.0	0.0	0.0	0.0
1083	0.0	0.0	0.0	0.0	0.0	0.0
1084	0.0	0.0	0.0	0.0	0.0	0.0
1085	0.0	0.0	0.0	0.0	0.0	0.0
1086	0.0	0.0	0.0	0.0	0.0	0.0
1087	0.0	0.0	0.0	0.0	0.0	0.0
1088	0.0	0.0	0.0	0.0	0.0	0.0
1089	0.0	0.0	0.0	0.0	0.0	0.0
1090	0.0	0.0	0.0	0.0	0.0	0.0
1091	0.0	0.0	0.0	0.0	0.0	0.0
1092	0.0	0.0	0.0	0.0	0.0	0.0
1093	0.0	0.0	0.0	0.0	0.0	0.0
1094	0.0	0.0	0.0	0.0	0.0	0.0
1095	0.0	0.0	0.0	0.0	0.0	0.0
1096	0.0	0.0	0.0	0.0	0.0	0.0
1097	0.0	0.0	0.0	0.0	0.0	0.0
1098	0.0	0.0	0.0	0.0	0.0	0.0
1099	0.0	0.0	0.0	0.0	0.0	0.0
1100	0.0	0.0	0.0	0.0	0.0	0.0
1101	0.0	0.0	0.0	0.0	0.0	0.0
1102	0.0	0.0	0.0	0.0	0.0	0.0
1103	0.0	0.0	0.0	0.0	0.0	0.0
1104	0.0	0.0	0.0	0.0	0.0	0.0
1105	0.0	0.0	0.0	0.0	0.0	0.0
1106	0.0	0.0	0.0	0.0	0.0	0.0
1107	0.0	0.0	0.0	0.0	0.0	0.0
1108	0.0	0.0	0.0	0.0	0.0	0.0
1109	0.0	0.0	0.0	0.0	0.0	0.0
1110	0.0	0.0	0.0	0.0	0.0	0.0
1111	0.0	0.0	0.0	0.0	0.0	0.0
1112	0.0	0.0	0.0	0.0	0.0	0.0
1113	0.0	0.0	0.0	0.0	0.0	0.0
1114	0.0	0.0	0.0	0.0	0.0	0.0
1115	0.0	0.0	0.0	0.0	0.0	0.0
1116	0.0	0.0	0.0	0.0	0.0	0.0
1117	0.0	0.0	0.0	0.0	0.0	0.0
1118	0.0	0.0	0.0	0.0	0.0	0.0
1119	0.0	0.0	0.0	0.0	0.0	0.0
1120	0.0	0.0	0.0	0.0	0.0	0.0
1121	0.0	0.0	0.0	0.0	0.0	0.0
1122	0.0	0.0	0.0	0.0	0.0	0.0
1123	0.0	0.0	0.0	0.0	0.0	0.0
1124	0.0	0.0	0.0	0.0	0.0	0.0
1125	0.0	0.0	0.0	0.0	0.0	0.0
1126	0.0	0.0	0.0	0.0	0.0	0.0
1127	0.0	0.0	0.0	0.0	0.0	0.0
1128	0.0	0.0	0.0	0.0	0.0	0.0
1129	0.0	0.0	0.0	0.0	0.0	0.0
1130	0.0	0.0	0.0	0.0	0.0	0.0
1131	0.0	0.0	0.0	0.0	0.0	0.0
1132	0.0	0.0	0.0	0.0	0.0	0.0
1133	0.0	0.0	0.0	0.0	0.0	0.0
1134	0.0	0.0	0.0	0.0	0.0	0.0
1135	0.0	0.0	0.0	0.0	0.0	0.0
1136	0.0	0.0	0.0	0.0	0.0	0.0
1137	0.0	0.0	0.0	0.0	0.0	0.0
1138	0.0	0.0	0.0	0.0	0.0	0.0
1139	0.0	0.0	0.0	0.0	0.0	0.0
1140	0.0	0.0	0.0	0.0	0.0	0.0
1141	0.0	0.0	0.0	0.0	0.0	0.0
1142	0.0	0.0	0.0	0.0	0.0	0.0
1143	0.0	0.0	0.0	0.0	0.0	0.0
1144	0.0	0.0	0.0	0.0	0.0	0.0
1145	0.0	0.0	0.0	0.0	0.0	0.0
1146	0.0	0.0	0.0	0.0	0.0	0.0
1147	0.0	0.0	0.0	0.0	0.0	0.0
1148	0.0	0.0	0.0	0.0	0.0	0.0
1149	0.0	0.0	0.0	0.0	0.0	0.0
1150	0.0	0.0	0.0	0.0	0.0	0.0
1151	0.0	0.0	0.0	0.0	0.0	0.0
1152	0.0	0.0	0.0	0.0	0.0	0.0
1153	0.0	0.0	0.0	0.0	0.0	0.0
1154	0.0	0.0	0.0	0.0	0.0	0.0
1155	0.0	0.0	0.0	0.0	0.0	0.0
1156	0.0	0.0	0.0	0.0	0.0	0.0
1157	0.0	0.0	0.0	0.0	0.0	0.0
1158	0.0	0.0	0.0	0.0	0.0	0.0
1159	0.0	0.0	0.0	0.0	0.0	0.0
1160	0.0	0.0	0.0	0.0	0.0	0.0
1161	0.0	0.0	0.0	0.0	0.0	0.0
1162	0.0	0.0	0.0	0.0	0.0	0.0
1163	0.0	0.0	0.0	0.0	0.0	0.0
1164	0.0	0.0	0.0	0.0	0.0	0.0
1165	0.0	0.0	0.0	0.0	0.0	0.0
1166	0.0	0.0	0.0	0.0	0.0	0.0
1167	0.0	0.0	0.0	0.0	0.0	0.0
1168	0.0	0.0	0.0	0.0	0.0	0.0
1169	0.0	0.0	0.0	0.0	0.0	0.0
1170	0.0	0.0	0.0	0.0	0.0	0.0
1171	0.0	0.0	0.0	0.0	0.0	0.0
1172	0.0	0.0	0.0	0.0	0.0	0.0
1173	0.0	0.0	0.0	0.0	0.0	0.0
1174	0.0	0.0	0.0	0.0	0.0	0.0
1175	0.0	0.0	0.0	0.0	0.0	0.0
1176	0.0	0.0	0.0	0.0	0.0	0.0
1177	0.0	0.0	0.0	0.0	0.0	0.0
1178	0.0	0.0	0.0	0.0	0.0	0.0
1179	0.0	0.0	0.0	0.0	0.0	0.0
1180	0.0	0.0	0.0	0.0	0.0	0.0
1181	0.0	0.0	0.0	0.0	0.0	0.0
1182	0.0	0.0	0.0	0.0	0.0	0.0
1183	0.0	0.0	0.0	0.0	0.0	0.0
1184	0.0	0.0	0.0	0.0	0.0	0.0
1185	0.0	0.0	0.0	0.0	0.0	0.0
1186	0.0	0.0	0.0	0.0	0.0	0.0
1187	0.0	0.0	0.0	0.0	0.0	0.0
1188	0.0	0.0	0.0	0.0	0.0	0.0
1189	0.0	0.0	0.0	0.0	0.0	0.0
1190	0.0	0.0	0.0	0.0	0.0	0.0
1191	0.0	0.0	0.0	0.0	0.0	0.0
1192	0.0	0.0	0.0	0.0	0.0	0.0
1193	0.0	0.0	0.0	0.0	0.0	0.0
1194	0.0	0.0	0.0	0.0	0.0	0.0
1195	0.0	0.0	0.0	0.0	0.0	0.0
1196	0.0	0.0	0.0	0.0	0.0	0.0
1197	0.0	0.0	0.0	0.0	0.0	0.0
1198	0.0	0.0	0.0	0.0	0.0	0.0
1199	0.0	0.0	0.0	0.0	0.0	0.0
1200	0.0	0.0	0.0	0.0	0.0	0.0
1201	0.0	0.0	0.0	0.0	0.0	0.0
1202	0.0	0.0	0.0	0.0	0.0	0.0
1203	0.0	0.0	0.0	0.0	0.0	0.0
1204	0.0	0.0	0.0	0.0	0.0	0.0
1205	0.0	0.0	0.0	0.0	0.0	0.0
1206	0.0	0.0	0.0	0.0	0.0	0.0
1207	0.0	0.0	0.0	0.0	0.0	0.0
1208	0.0	0.0	0.0	0.0	0.0	0.0
1209	0.0	0.0	0.0	0.0	0.0	0.0
1210	0.0	0.0	0.0	0.0	0.0	0.0
1211	0.0	0.0	0.0	0.0	0.0	0.0
1212	0.0	0.0	0.0	0.0	0.0	0.0
1213	0.0	0.0	0.0	0.0	0.0	0.0
1214	0.0	0.0	0.0	0.0	0.0	0.0
1215	0.0	0.0	0.0	0.0	0.0	0.0
1216	0.0	0.0	0.0	0.0	0.0	0.0
1217	0.0	0.0	0.0	0.0	0.0	0.0
1218	0.0	0.0	0.0	0.0	0.0	0.0
1219	0.0	0.0	0.0	0.0	0.0	0.0
1220	0.0	0.0	0.0	0.0	0.0	0.0
1221	0.0	0.0	0.0	0.0	0.0	0.0
1222	0.0	0.0	0.0	0.0	0.0	0.0
1223	0.0	0.0	0.0	0.0	0.0	0.0
1224	0.0	0.0	0.0	0.0	0.0	0.0
1225	0.0	0.0	0.0	0.0	0.0	0.0
1226	0.0	0.0	0.0	0.0	0.0	0.0
1227	0.0	0.0	0.0	0.0	0.0	0.0
1228	0.0	0.0	0.0	0.0	0.0	0.0
1229	0.0	0.0	0.0	0.0	0.0	0.0
1230	0.0	0.0	0.0	0.0	0.0	0.0
1231	0.0	0.0	0.0	0.0	0.0	0.0
1232	0.0	0.0	0.0	0.0	0.0	0.0
1233	0.0	0.0	0.0	0.0	0.0	0.0
1234	0.0	0.0	0.0	0.0	0.0	0.0
1235	0.0	0.0	0.0	0.0	0.0	0.0
1236	0.0	0.0	0.0	0.0	0.0	0.0
1237	0.0	0.0	0.0	0.0	0.0	0.0
1238	0.0	0.0	0.0	0.0	0.0	0.0
1239	0.0	0.0	0.0	0.0	0.0	0.0
1240	0.0	0.0	0.0	0.0	0.0	0.0
1241	0.0	0.0	0.0	0.0	0.0	0.0
1242	0.0	0.0	0.0	0.0	0.0	0.0
1243	0.0	0.0	0.0	0.0	0.0	0.0
1244	0.0	0.0	0.0	0.0	0.0	0.0
1245	0.0	0.0	0.0	0.0	0.0	0.0
1246	0.0	0.0	0.0	0.0	0.0	0.0
1247	0.0	0.0	0.0	0.0	0.0	0.0
1248	0.0	0.0	0.0	0.0	0.0	0.0
1249	0.0	0.0	0.0	0.0	0.0	0.0
1250	0.0	0.0	0.0	0.0	0.0	0.0
1251	0.0	0.0	0.0	0.0	0.0	0.0
1252	0.0	0.0	0.0	0.0	0.0	0.0
1253	0.0	0.0	0.0	0.0	0.0	0.0
1254	0.0	0.0	0.0	0.0	0.0	0.0
1255	0.0	0.0	0.0	0.0	0.0	0.0
1256	0.0	0.0	0.0	0.0	0.0	0.0
1257	0.0	0.0	0.0	0.0	0.0	0.0
1258	0.0	0.0	0.0	0.0	0.0	0.0
1259	0.0	0.0	0.0	0.0	0.0	0.0
1260	0.0	0.0	0.0	0.0	0.0	0.0
1261	0.0	0.0	0.0	0.0	0.0	0.0
1262	0.0	0.0	0.0	0.0	0.0	0.0
1263	0.0	0.0	0.0	0.0	0.0	0.0
1264	0.0	0.0	0.0	0.0	0.0	0.0
1265	0.0	0.0	0.0	0.0	0.0	0.0
1266	0.0	0.0	0.0	0.0	0.0	0.0
1267	0.0	0.0	0.0	0.0	0.0	0.0
1268	0.0	0.0	0.0	0.0	0.0	0.0
1269	0.0	0.0	0.0	0.0	0.0	0.0
1270	0.0	0.0	0.0	0.0	0.0	0.0
1271	0.0	0.0	0.0	0.0	0.0	0.0
1272	0.0	0.0	0.0	0.0	0.0	0.0
1273	0.0	0.0	0.0	0.0	0.0	0.0
1274	0.0	0.0	0.0	0.0	0.0	0.0
1275	0.0	0.0	0.0	0.0	0.0	0.0
1276	0.0	0.0	0.0	0.0	0.0	0.0
1277	0.0	0.0	0.0	0.0	0.0	0.0
1278	0.0	0.0	0.0	0.0	0.0	0.0
1279	0.0	0.0	0.0	0.0	0.0	0.0
1280	0.0	0.0	0.0	0.0	0.0	0.0
1281	0.0	0.0	0.0	0.0	0.0	0.0
1282	0.0	0.0	0.0	0.0	0.0	0.0
1283	0.0	0.0	0.0	0.0	0.0	0.0
1284	0.0	0.0	0.0	0.0	0.0	0.0
1285	0.0	0.0	0.0	0.0	0.0	0.0
1286	0.0	0.0	0.0	0.0	0.0	0.0
1287	0.0	0.0	0.0	0.0	0.0	0.0
1288	0.0	0.0	0.0	0.0	0.0	0.0
1289	0.0	0.0	0.0	0.0	0.0	0.0
1290	0.0	0.0	0.0	0.0	0.0	0.0
1291	0.0	0.0	0.0	0.0	0.0	0.0
1292	0.0	0.0	0.0	0.0	0.0	0.0
1293	0.0	0.0	0.0	0.0	0.0	0.0
1294	0.0	0.0	0.0	0.0	0.0	0.0
1295	0.0	0.0	0.0	0.0	0.0	0.0
1296	0.0	0.0	0.0	0.0	0.0	0.0
1297	0.0	0.0	0.0	0.0	0.0	0.0
1298	0.0	0.0	0.0	0.0	0.0	0.0
1299	0.0	0.0	0.0	0.0	0.0	0.0
1300	0.0	0.0	0.0	0.0	0.0	0.0
1301	0.0	0.0	0.0	0.0	0.0	0.0
1302	0.0	0.0	0.0	0.0	0.0	0.0
1303	0.0	0.0	0.0	0.0	0.0	0.0
1304	0.0	0.0	0.0	0.0	0.0	0.0
1305	0.0	0.0	0.0	0.0	0.0	0.0
1306	0.0	0.0	0.0	0.0	0.0	0.0
1307	0.0	0.0	0.0	0.0	0.0	0.0
1308	0.0	0.0	0.0	0.0	0.0	0.0
1309	0.0	0.0	0.0	0.0	0.0	0.0
1310	0.0	0.0	0.0	0.0	0.0	0.0
1311	0.0	0.0	0.0	0.0	0.0	0.0
1312	0.0	0.0	0.0	0.0	0.0	0.0
1313	0.0	0.0	0.0	0.0	0.0	0.0
1314	0.0	0.0	0.0	0.0	0.0	0.0
1315	0.0	0.0	0.0	0.0	0.0	0.0
1316	0.0	0.0	0.0	0.0	0.0	0.0
1317	0.0	0.0	0.0	0.0	0.0	0.0
1318	0.0	0.0	0.0	0.0	0.0	0.0
1319	0.0	0.0	0.0	0.0	0.0	0.0
1320	0.0	0.0	0.0	0.0	0.0	0.0
1321	0.0	0.0	0.0	0.0	0.0	0.0
1322	0.0	0.0	0.0	0.0	0.0	0.0
1323	0.0	0.0	0.0	0.0	0.0	0.0
1324	0.0	0.0	0.0	0.0	0.0	0.0
1325	0.0	0.0	0.0	0.0	0.0	0.0
1326	0.0	0.0	0.0	0.0	0.0	0.0
1327	0.0	0.0	0.0	0.0	0.0	0.0
1328	0.0	0.0	0.0	0.0	0.0	0.0
1329	0.0	0.0	0.0	0.0	0.0	0.0
1330	0.0	0.0	0.0	0.0	0.0	0.0
1331	0.0	0.0	0.0	0.0	0.0	0.0
1332	0.0	0.0	0.0	0.0	0.0	0.0
1333	0.0	0.0	0.0	0.0	0.0	0.0
1334	0.0	0.0	0.0	0.0	0.0	0.0
1335	0.0	0.0	0.0	0.0	0.0	0.0
1336	0.0	0.0	0.0	0.0	0.0	0.0
1337	0.0	0.0	0.0	0.0	0.0	0.0
1338	0.0	0.0	0.0	0.0	0.0	0.0
1339	0.0	0.0	0.0	0.0	0.0	0.0
1340	0.0	0.0	0.0	0.0	0.0	0.0
1341	0.0	0.0	0.0	0.0	0.0	0.0
1342	0.0	0.0	0.0	0.0	0.0	0.0
1343	0.0	0.0	0.0	0.0	0.0	0.0
1344	0.0	0.0	0.0	0.0	0.0	0.0
1345	0.0	0.0	0.0	0.0	0.0	0.0
1346	0.0	0.0	0.0	0.0	0.0	0.0
1347	0.0	0.0	0.0	0.0	0.0	0.0
1348	0.0	0.0	0.0	0.0	0.0	0.0
1349	0.0	0.0	0.0	0.0	0.0	0.0
1350	0.0	0.0	0.0	0.0	0.0	0.0
1351	0.0	0.0	0.0	0.0	0.0	0.0
1352	0.0	0.0	0.0	0.0	0.0	0.0
1353	0.0	0.0	0.0	0.0	0.0	0.0
1354	0.0	0.0	0.0	0.0	0.0	0.0
1355	0.0	0.0	0.0	0.0	0.0	0.0
1356	0.0	0.0	0.0	0.0	0.0	0.0
1357	0.0	0.0	0.0	0.0	0.0	0.0
1358	0.0	0.0	0.0	0.0	0.0	0.0
1359	0.0	0.0	0.0	0.0	0.0	0.0
1360	0.0	0.0	0.0	0.0	0.0	0.0
1361	0.0	0.0	0.0	0.0	0.0	0.0
1362	0.0	0.0	0.0	0.0	0.0	0.0
1363	0.0	0.0	0.0	0.0	0.0	0.0
1364	0.0	0.0	0.0	0.0	0.0	0.0
1365	0.0	0.0	0.0	0.0	0.0	0.0
1366	0.0	0.0	0.0	0.0	0.0	0.0
1367	0.0	0.0	0.0	0.0	0.0	0.0
1368	0.0	0.0	0.0	0.0	0.0	0.0
1369	0.0	0.0	0.0	0.0	0.0	0.0
1370	0.0	0.0	0.0	0.0	0.0	0.0
1371	0.0	0.0	0.0	0.0	0.0	0.0
1372	0.0	0.0	0.0	0.0	0.0	0.0
1373	0.0	0.0	0.0	0.0	0.0	0.0
1374	0.0	0.0	0.0	0.0	0.0	0.0
1375	0.0	0.0	0.0	0.0	0.0	0.0
1376	0.0	0.0	0.0	0.0	0.0	0.0
1377	0.0	0.0	0.0	0.0	0.0	0.0
1378	0.0	0.0	0.0	0.0	0.0	0.0
1379	0.0	0.0	0.0	0.0	0.0	0.0
1380	0.0	0.0	0.0	0.0	0.0	0.0
1381	0.0	0.0	0.0	0.0	0.0	0.0
1382	0.0	0.0	0.0	0.0	0.0	0.0
1383	0.0	0.0	0.0	0.0	0.0	0.0
1384	0.0	0.0	0.0	0.0	0.0	0.0
1385	0.0	0.0	0.0	0.0	0.0	0.0
1386	0.0	0.0	0.0	0.0	0.0	0.0
1387	0.0	0.0	0.0	0.0	0.0	0.0
1388	0.0	0.0	0.0	0.0	0.0	0.0
1389	0.0	0.0	0.0	0.0	0.0	0.0
1390	0.0	0.0	0.0	0.0	0.0	0.0
1391	0.0	0.0	0.0	0.0	0.0	0.0
1392	0.0	0.0	0.0	0.0	0.0	0.0
1393	0.0	0.0	0.0	0.0	0.0	0.0
1394	0.0	0.0	0.0	0.0	0.0	0.0
1395	0.0	0.0	0.0	0.0	0.0	0.0
1396	0.0	0.0	0.0	0.0	0.0	0.0
1397	0.0	0.0	0.0	0.0	0.0	0.0
1398	0.0	0.0	0.0	0.0	0.0	0.0
1399	0.0	0.0	0.0	0.0	0.0	0.0
1400	0.0	0.0	0.0	0.0	0.0	0.0
1401	0.0	0.0	0.0	0.0	0.0	0.0
1402	0.0	0.0	0.0	0.0	0.0	0.0
1403	0.0	0.0	0.0	0.0	0.0	0.0
1404	0.0	0.0	0.0	0.0	0.0	0.0
1405	0.0	0.0	0.0	0.0	0.0	0.0
1406	0.0	0.0	0.0	0.0	0.0	0.0
1407	0.0	0.0	0.0	0.0	0.0	0.0
1408	0.0	0.0	0.0	0.0	0.0	0.0
1409	0.0	0.0	0.0	0.0	0.0	0.0
1410	0.0	0.0	0.0	0.0	0.0	0.0
1411	0.0	0.0	0.0	0.0	0.0	0.0
1412	0.0	0.0	0.0	0.0	0.0	0.0
1413	0.0	0.0	0.0	0.0	0.0	0.0
1414	0.0	0.0	0.0	0.0	0.0	0.0
1415	0.0	0.0	0.0	0.0	0.0	0.0
1416	0.0	0.0	0.0	0.0	0.0	0.0
1417	0.0	0.0	0.0	0.0	0.0	0.0
1418	0.0	0.0	0.0	0.0	0.0	0.0
1419	0.0	0.0	0.0	0.0	0.0	0.0
1420	0.0	0.0	0.0	0.0	0.0	0.0
1421	0.0	0.0	0.0	0.0	0.0	0.0
1422	0.0	0.0	0.0	0.0	0.0	0.0
1423	0.0	0.0	0.0	0.0	0.0	0.0
1424	0.0	0.0	0.0	0.0	0.0	0.0
1425	0.0	0.0	0.0	0.0	0.0	0.0
1426	0.0	0.0	0.0	0.0	0.0	0.0
1427	0.0	0.0	0.0	0.0	0.0	0.0
1428	0.0	0.0	0.0	0.0	0.0	0.0
1429	0.0	0.0	0.0	0.0	0.0	0.0
1430	0.0	0.0	0.0	0.0	0.0	0.0
1431	0.0	0.0	0.0	0.0	0.0	0.0
1432	0.0	0.0	0.0	0.0	0.0	0.0
1433	0.0	0.0	0.0	0.0	0.0	0.0
1434	0.0	0.0	0.0	0.0	0.0	0.0
1435	0.0	0.0	0.0	0.0	0.0	0.0
1436	0.0	0.0	0.0	0.0	0.0	0.0
1437	0.0	0.0	0.0	0.0	0.0	0.0
1438	0.0	0.0	0.0	0.0	0.0	0.0
1439	0.0	0.0	0.0	0.0	0.0	0.0
1440	0.0	0.0	0.0	0.0	0.0	0.0
1441	0.0	0.0	0.0	0.0	0.0	0.0
1442	0.0	0.0	0.0	0.0	0.0	0.0
1443	0.0	0.0	0.0	0.0	0.0	0.0
1444	0.0	0.0	0.0	0.0	0.0	0.0
1445	0.0	0.0	0.0	0.0	0.0	0.0
1446	0.0	0.0	0.0	0.0	0.0	0.0
1447	0.0	0.0	0.0	0.0	0.0	0.0
1448	0.0	0.0	0.0	0.0	0.0	0.0
1449	0.0	0.0	0.0	0.0	0.0	0.0
1450	0.0	0.0	0.0	0.0	0.0	0.0
1451	0.0	0.0	0.0	0.0	0.0	0.0
1452	0.0	0.0	0.0	0.0	0.0	0.0
1453	0.0	0.0	0.0	0.0	0.0	0.0
1454	0.0	0.0	0.0	0.0	0.0	0.0
1455	0.0	0.0	0.0	0.0	0.0	0.0
1456	0.0	0.0	0.0	0.0	0.0	0.0
1457	0.0	0.0	0.0	0.0	0.0	0.0
1458	0.0	0.0	0.0	0.0	0.0	0.0
1459	0.0	0.0	0.0	0.0	0.0	0.0
1460	0.0	0.0	0.0	0.0	0.0	0.0
1461	0.0	0.0	0.0	0.0	0.0	0.0
1462	0.0	0.0	0.0	0.0	0.0	0.0
1463	0.0	0.0	0.0	0.0	0.0	0.0
1464	0.0	0.0	0.0	0.0	0.0	0.0
1465	0.0	0.0	0.0	0.0	0.0	0.0
1466	0.0	0.0	0.0	0.0	0.0	0.0
1467	0.0	0.0	0.0	0.0	0.0	0.0
1468	0.0	0.0	0.0	0.0	0.0	0.0
1469	0.0	0.0	0.0	0.0	0.0	0.0
1470	0.0	0.0	0.0	0.0	0.0	0.0
1471	0.0	0.0	0.0	0.0	0.0	0.0
1472	0.0	0.0	0.0	0.0	0.0	0.0
1473	0.0	0.0	0.0	0.0	0.0	0.0
1474	0.0	0.0	0.0	0.0	0.0	0.0
1475	0.0	0.0	0.0	0.0	0.0	0.0
1476	0.0	0.0	0.0	0.0	0.0	0.0
1477	0.0	0.0	0.0	0.0	0.0	0.0
1478	0.0	0.0	0.0	0.0	0.0	0.0
1479	0.0	0.0	0.0	0.0	0.0	0.0
1480	0.0	0.0	0.0	0.0	0.0	0.0
1481	0.0	0.0	0.0	0.0	0.0	0.0
1482	0.0	0.0	0.0	0.0	0.0	0.0
1483	0.0	0.0	0.0	0.0	0.0	0.0
1484	0.0	0.0	0.0	0.0	0.0	0.0
1485	0.0	0.0	0.0	0.0	0.0	0.0
1486	0.0	0.0	0.0	0.0	0.0	0.0
1487	0.0	0.0	0.0	0.0	0.0	0.0
1488	0.0	0.0	0.0	0.0	0.0	0.0
1489	0.0	0.0	0.0	0.0	0.0	0.0
1490	0.0	0.0	0.0	0.0	0.0	0.0
1491	0.0	0.0	0.0	0.0	0.0	0.0
1492	0.0	0.0	0.0	0.0	0.0	0.0
1493	0.0	0.0	0.0	0.0	0.0	0.0
1494	0.0	0.0	0.0	0.0	0.0	0.0
1495	0.0	0.0	0.0	0.0	0.0	0.0
1496	0.0	0.0	0.0	0.0	0.0	0.0
1497	0.0	0.0	0.0	0.0	0.0	0.0
1498	0.0	0.0	0.0	0.0	0.0	0.0
1499	0.0	0.0	0.0	0.0	0.0	0.0
1500	0.0	0.0	0.0	0.0	0.0	0.0
1501	0.0	0.0	0.0	0.0	0.0	0.0
1502	0.0	0.0	0.0	0.0	0.0	0.0
1503	0.0	0.0	0.0	0.0	0.0	0.0
1504	0.0	0.0	0.0	0.0	0.006	0.0
1505	0.0	0.0	0.0	0.0	0.003	0.0
1506	0.0	0.0	0.0	0.0	0.0	0.0
1507	0.0	0.0	0.0	0.0	0.0005	0.0
1508	0.0	0.0	0.0	0.0	0.001	0.0
1509	0.0	0.0	0.0	0.0	0.001	0.0
1510	0.0	0.0	0.0	0.0	0.001	0.0
1511	0.0	0.0	0.0	0.0	0.007	0.0
1512	0.0	0.0	0.0	0.0	0.013000000000000001	0.0
1513	0.0	0.0	0.0	0.0	0.0095	0.0
1514	0.0	0.0	0.0	0.0	0.006	0.0
1515	0.0	0.0	0.0	0.0	0.012	0.0
1516	0.0	0.0	0.0	0.0	0.0075	0.0
1517	0.0	0.0	0.0	0.0	0.002999999999999999	0.0
1518	0.0	0.0	0.0	0.0	0.009000000000000001	0.0
1519	0.0	0.0	0.0	0.0	0.015	0.0
1520	0.0	0.0	0.0	0.0	0.0135	0.0
1521	0.0	0.0	0.0	0.0	0.012	0.0
1522	0.0	0.0	0.0	0.0	0.018000000000000002	0.0
1523	0.0	0.0	0.0	0.0	0.024	0.0
1524	0.0	0.0	0.0	0.0	0.032	0.0
1525	0.0	0.0	0.0	0.0	0.04	0.0
1526	0.0	0.0	0.0	0.0	0.041	0.0
1527	0.0	0.0	0.0	0.0	0.049	0.0
1528	0.0	0.0	0.0	0.0	0.057	0.0
1529	0.0	0.0	0.0	0.0	0.0665	0.0
1530	0.0	0.0	0.0	0.0	0.076	0.0
1531	0.0	0.0	0.0	0.0	0.0865	0.0
1532	0.0	0.0	0.0	0.0	0.097	0.0
1533	0.0	0.0	0.0	0.0	0.1085	0.0
1534	0.0	0.0	0.0	0.0	0.12	0.0
1535	0.0	0.0	0.0	0.0	0.148	0.0
1536	0.0	0.0	0.0	0.0	0.176	0.0
1537	0.0	0.0	0.0	0.0	0.1955	0.0
1538	0.0	0.0	0.0	0.0	0.215	0.0
1539	0.0	0.0	0.0	0.0	0.2445	0.0
1540	0.0	0.0	0.0	0.0	0.274	0.0
1541	0.0	0.0	0.0	0.0	0.3065	0.0
1542	0.0	0.0	0.0	0.0	0.339	0.0
1543	0.0	0.0	0.0	0.0	0.393	0.0
1544	0.0	0.0	0.0	0.0	0.4275	0.0
1545	0.0	0.0	0.0	0.0	0.462	0.0
1546	0.0	0.0	0.0	0.0	0.48050000000000004	0.0
1547	0.0	0.0	0.0	0.0	0.499	0.0
1548	0.0	0.0	0.0	0.0	0.5285	0.0
1549	0.0	0.0	0.0	0.0	0.558	0.0
1550	0.0	0.0	0.0	0.0	0.5780000000000001	0.0
1551	0.0	0.0	0.0	0.0	0.598	0.0
1552	0.0	0.0	0.0	0.0	0.616	0.0
1553	0.0	0.0	0.0	0.0	0.634	0.0
1554	0.0	0.0	0.0	0.0	0.6505000000000001	0.0
1555	0.0	0.0	0.0	0.0	0.667	0.0
1556	0.0	0.0	0.0	0.0	0.6855	0.0
1557	0.0	0.0	0.0	0.0	0.704	0.0
1558	0.0	0.0	0.0	0.0	0.714	0.0
1559	0.0	0.0	0.0	0.0	0.724	0.0
1560	0.0	0.0	0.0	0.0	0.737	0.0
1561	0.0	0.0	0.0	0.0	0.75	0.0
1562	0.0	0.0	0.0	0.0	0.764	0.0
1563	0.0	0.0	0.0	0.0	0.778	0.0
1564	0.0	0.0	0.0	0.0	0.793	0.0
1565	0.0	0.0	0.0	0.0	0.808	0.0
1566	0.0	0.0	0.0	0.0	0.8165	0.0
1567	0.0	0.0	0.0	0.0	0.825	0.0
1568	0.0	0.0	0.0	0.0	0.838	0.0
1569	0.0	0.0	0.0	0.0	0.851	0.0
1570	0.0	0.0	0.0	0.0	0.859	0.0
1571	0.0	0.0	0.0	0.0	0.867	0.0
1572	0.0	0.0	0.0	0.0	0.872	0.0
1573	0.0	0.0	0.0	0.0	0.878	0.0
1574	0.0	0.0	0.0	0.0	0.884	0.0
1575	0.0	0.0	0.0	0.0	0.893	0.0
1576	0.0	0.0	0.0	0.0	0.902	0.0
1577	0.0	0.0	0.0	0.0	0.9015	0.0
1578	0.0	0.0	0.0	0.0	0.901	0.0
1579	0.0	0.0	0.0	0.0	0.8985000000000001	0.0
1580	0.0	0.0	0.0	0.0	0.896	0.0
1581	0.0	0.0	0.0	0.0	0.8965000000000001	0.0
1582	0.0	0.0	0.0	0.0	0.897	0.0
1583	0.0	0.0	0.0	0.0	0.8935	0.0
1584	0.0	0.0	0.0	0.0	0.89	0.0
1585	0.0	0.0	0.0	0.0	0.8945000000000001	0.0
1586	0.0	0.0	0.0	0.0	0.899	0.0
1587	0.0	0.0	0.0	0.0	0.8915	0.0
1588	0.0	0.0	0.0	0.0	0.884	0.0
1589	0.0	0.0	0.0	0.0	0.88	0.0
1590	0.0	0.0	0.0	0.0	0.876	0.0
1591	0.0	0.0	0.0	0.0	0.8714999999999999	0.0
1592	0.0	0.0	0.0	0.0	0.867	0.0
1593	0.0	0.0	0.0	0.0	0.87	0.0
1594	0.0	0.0	0.0	0.0	0.873	0.0
1595	0.0	0.0	0.0	0.0	0.8725	0.0
1596	0.0	0.0	0.0	0.0	0.872	0.0
1597	0.0	0.0	0.0	0.0	0.8755	0.0
1598	0.0	0.0	0.0	0.0	0.879	0.0
1599	0.0	0.0	0.0	0.0	0.8765000000000001	0.0
1600	0.0	0.0	0.0	0.0	0.874	0.0
1601	0.0	0.0	0.0	0.0	0.8674999999999999	0.0
1602	0.0	0.0	0.0	0.0	0.861	0.0
1603	0.0	0.0	0.0	0.0	0.86	0.0
1604	0.0	0.0	0.0	0.0	0.859	0.0
1605	0.0	0.0	0.0	0.0	0.868	0.0
1606	0.0	0.0	0.0	0.0	0.877	0.0
1607	0.0	0.0	0.0	0.0	0.878	0.0
1608	0.0	0.0	0.0	0.0	0.879	0.0
1609	0.0	0.0	0.0	0.0	0.889	0.0
1610	0.0	0.0	0.0	0.0	0.899	0.0
1611	0.0	0.0	0.0	0.0	0.897	0.0
1612	0.0	0.0	0.0	0.0	0.895	0.0
1613	0.0	0.0	0.0	0.0	0.893	0.0
1614	0.0	0.0	0.0	0.0	0.8965000000000001	0.0
1615	0.0	0.0	0.0	0.0	0.9	0.0
1616	0.0	0.0	0.0	0.0	0.8985000000000001	0.0
1617	0.0	0.0	0.0	0.0	0.897	0.0
1618	0.0	0.0	0.0	0.0	0.907	0.0
1619	0.0	0.0	0.0	0.0	0.917	0.0
1620	0.0	0.0	0.0	0.0	0.919	0.0
1621	0.0	0.0	0.0	0.0	0.921	0.0
1622	0.0	0.0	0.0	0.0	0.9235	0.0
1623	0.0	0.0	0.0	0.0	0.926	0.0
1624	0.0	0.0	0.0	0.0	0.9275	0.0
1625	0.0	0.0	0.0	0.0	0.929	0.0
1626	0.0	0.0	0.0	0.0	0.937	0.0
1627	0.0	0.0	0.0	0.0	0.945	0.0
1628	0.0	0.0	0.0	0.0	0.946	0.0
1629	0.0	0.0	0.0	0.0	0.947	0.0
1630	0.0	0.0	0.0	0.0	0.9475	0.0
1631	0.0	0.0	0.0	0.0	0.948	0.0
1632	0.0	0.0	0.0	0.0	0.9515	0.0
1633	0.0	0.0	0.0	0.0	0.955	0.0
1634	0.0	0.0	0.0	0.0	0.9535	0.0
1635	0.0	0.0	0.0	0.0	0.952	0.0
1636	0.0	0.0	0.0	0.0	0.9604999999999999	0.0
1637	0.0	0.0	0.0	0.0	0.969	0.0
1638	0.0	0.0	0.0	0.0	0.9644999999999999	0.0
1639	0.0	0.0	0.0	0.0	0.96	0.0
1640	0.0	0.0	0.0	0.0	0.961	0.0
1641	0.0	0.0	0.0	0.0	0.962	0.0
1642	0.0	0.0	0.0	0.0	0.9604999999999999	0.0
1643	0.0	0.0	0.0	0.0	0.959	0.0
1644	0.0	0.0	0.0	0.0	0.9684999999999999	0.0
1645	0.0	0.0	0.0	0.0	0.978	0.0
1646	0.0	0.0	0.0	0.0	0.969	0.0
1647	0.0	0.0	0.0	0.0	0.96	0.0
1648	0.0	0.0	0.0	0.0	0.9575	0.0
1649	0.0	0.0	0.0	0.0	0.955	0.0
1650	0.0	0.0	0.0	0.0	0.9535	0.0
1651	0.0	0.0	0.0	0.0	0.952	0.0
1652	0.0	0.0	0.0	0.0	0.9515	0.0
1653	0.0	0.0	0.0	0.0	0.951	0.0
1654	0.0	0.0	0.0	0.0	0.9513333333333333	0.0
1655	0.0	0.0	0.0	0.0	0.9516666666666667	0.0
1656	0.0	0.0	0.0	0.0	0.952	0.0
1657	0.0	0.0	0.0	0.0	0.954	0.0
1658	0.0	0.0	0.0	0.0	0.956	0.0
1659	0.0	0.0	0.0	0.0	0.95	0.0
1660	0.0	0.0	0.0	0.0	0.944	0.0
1661	0.0	0.0	0.0	0.0	0.9395	0.0
1662	0.0	0.0	0.0	0.0	0.935	0.0
1663	0.0	0.0	0.0	0.0	0.934	0.0
1664	0.0	0.0	0.0	0.0	0.933	0.0
1665	0.0	0.0	0.0	0.0	0.9305000000000001	0.0
1666	0.0	0.0	0.0	0.0	0.928	0.0
1667	0.0	0.0	0.0	0.0	0.935	0.0
1668	0.0	0.0	0.0	0.0	0.942	0.0
1669	0.0	0.0	0.0	0.0	0.945	0.0
1670	0.0	0.0	0.0	0.0	0.948	0.0
1671	0.0	0.0	0.0	0.0	0.945	0.0
1672	0.0	0.0	0.0	0.0	0.942	0.0
1673	0.0	0.0	0.0	0.0	0.9375	0.0
1674	0.0	0.0	0.0	0.0	0.933	0.0
1675	0.0	0.0	0.0	0.0	0.9385	0.0
1676	0.0	0.0	0.0	0.0	0.944	0.0
1677	0.0	0.0	0.0	0.0	0.946	0.0
1678	0.0	0.0	0.0	0.0	0.948	0.0
1679	0.0	0.0	0.0	0.0	0.9464999999999999	0.0
1680	0.0	0.0	0.0	0.0	0.945	0.0
1681	0.0	0.0	0.0	0.0	0.944	0.0
1682	0.0	0.0	0.0	0.0	0.943	0.0
1683	0.0	0.0	0.0	0.0	0.947	0.0
1684	0.0	0.0	0.0	0.0	0.951	0.0
1685	0.0	0.0	0.0	0.0	0.9553333333333333	0.0
1686	0.0	0.0	0.0	0.0	0.9596666666666667	0.0
1687	0.0	0.0	0.0	0.0	0.964	0.0
1688	0.0	0.0	0.0	0.0	0.9655	0.0
1689	0.0	0.0	0.0	0.0	0.967	0.0
1690	0.0	0.0	0.0	0.0	0.969	0.0
1691	0.0	0.0	0.0	0.0	0.971	0.0
1692	0.0	0.0	0.0	0.0	0.9724999999999999	0.0
1693	0.0	0.0	0.0	0.0	0.974	0.0
1694	0.0	0.0	0.0	0.0	0.9824999999999999	0.0
1695	0.0	0.0	0.0	0.0	0.991	0.0
1696	0.0	0.0	0.0	0.0	0.993	0.0
1697	0.0	0.0	0.0	0.0	0.995	0.0
1698	0.0	0.0	0.0	0.0	0.997	0.0
1699	0.0	0.0	0.0	0.0	0.999	0.0
1700	0.0	0.0	0.0	0.0	0.9975	0.0
1701	0.0	0.0	0.0	0.0	0.996	0.0
1702	0.0	0.0	0.0	0.0	0.995	0.0
1703	0.0	0.0	0.0	0.0	0.994	0.0
1704	0.0	0.0	0.0	0.0	0.997	0.0
1705	0.0	0.0	0.0	0.0	1.0	0.0
1706	0.0	0.0	0.0	0.0	0.997	0.0
1707	0.0	0.0	0.0	0.0	0.994	0.0
1708	0.0	0.0	0.0	0.0	0.9884999999999999	0.0
1709	0.0	0.0	0.0	0.0	0.983	0.0
1710	0.0	0.0	0.0	0.0	0.9864999999999999	0.0
1711	0.0	0.0	0.0	0.0	0.99	0.0
1712	0.0	0.0	0.0	0.0	0.989	0.0
1713	0.0	0.0	0.0	0.0	0.988	0.0
1714	0.0	0.0	0.0	0.0	0.987	0.0
1715	0.0	0.0	0.0	0.0	0.9895	0.0
1716	0.0	0.0	0.0	0.0	0.992	0.0
1717	0.0	0.0	0.0	0.0	0.989	0.0
1718	0.0	0.0	0.0	0.0	0.986	0.0
1719	0.0	0.0	0.0	0.0	0.9835	0.0
1720	0.0	0.0	0.0	0.0	0.981	0.0
1721	0.0	0.0	0.0	0.0	0.982	0.0
1722	0.0	0.0	0.0	0.0	0.983	0.0
1723	0.0	0.0	0.0	0.0	0.9795	0.0
1724	0.0	0.0	0.0	0.0	0.976	0.0
1725	0.0	0.0	0.0	0.0	0.978	0.0
1726	0.0	0.0	0.0	0.0	0.97	0.0
1727	0.0	0.0	0.0	0.0	0.969	0.0
1728	0.0	0.0	0.0	0.0	0.968	0.0
1729	0.0	0.0	0.0	0.0	0.964	0.0
1730	0.0	0.0	0.0	0.0	0.96	0.0
1731	0.0	0.0	0.0	0.0	0.952	0.0
1732	0.0	0.0	0.0	0.0	0.944	0.0
1733	0.0	0.0	0.0	0.0	0.9325	0.0
1734	0.0	0.0	0.0	0.0	0.921	0.0
1735	0.0	0.0	0.0	0.0	0.902	0.0
1736	0.0	0.0	0.0	0.0	0.883	0.0
1737	0.0	0.0	0.0	0.0	0.864	0.0
1738	0.0	0.0	0.0	0.0	0.845	0.0
1739	0.0	0.0	0.0	0.0	0.8180000000000001	0.0
1740	0.0	0.0	0.0	0.0	0.791	0.0
1741	0.0	0.0	0.0	0.0	0.751	0.0
1742	0.0	0.0	0.0	0.0	0.711	0.0
1743	0.0	0.0	0.0	0.0	0.6745	0.0
1744	0.0	0.0	0.0	0.0	0.638	0.0
1745	0.0	0.0	0.0	0.0	0.6076666666666667	0.0
1746	0.0	0.0	0.0	0.0	0.5773333333333334	0.0
1747	0.0	0.0	0.0	0.0	0.547	0.0
1748	0.0	0.0	0.0	0.0	0.5045000000000001	0.0
1749	0.0	0.0	0.0	0.0	0.462	0.0
1750	0.0	0.0	0.0	0.0	0.4275	0.0
1751	0.0	0.0	0.0	0.0	0.393	0.0
1752	0.0	0.0	0.0	0.0	0.359	0.0
1753	0.0	0.0	0.0	0.0	0.325	0.0
1754	0.0	0.0	0.0	0.0	0.29600000000000004	0.0
1755	0.0	0.0	0.0	0.0	0.267	0.0
1756	0.0	0.0	0.0	0.0	0.2395	0.0
1757	0.0	0.0	0.0	0.0	0.212	0.0
1758	0.0	0.0	0.0	0.0	0.1935	0.0
1759	0.0	0.0	0.0	0.0	0.175	0.0
1760	0.0	0.0	0.0	0.0	0.15849999999999997	0.0
1761	0.0	0.0	0.0	0.0	0.142	0.0
1762	0.0	0.0	0.0	0.0	0.1265	0.0
1763	0.0	0.0	0.0	0.0	0.111	0.0
1764	0.0	0.0	0.0	0.0	0.0975	0.0
1765	0.0	0.0	0.0	0.0	0.084	0.0
1766	0.0	0.0	0.0	0.0	0.0805	0.0
1767	0.0	0.0	0.0	0.0	0.077	0.0
1768	0.0	0.0	0.0	0.0	0.0675	0.0
1769	0.0	0.0	0.0	0.0	0.058	0.0
1770	0.0	0.0	0.0	0.0	0.053500000000000006	0.0
1771	0.0	0.0	0.0	0.0	0.049	0.0
1772	0.0	0.0	0.0	0.0	0.0455	0.0
1773	0.0	0.0	0.0	0.0	0.042	0.0
1774	0.0	0.0	0.0	0.0	0.0405	0.0
1775	0.0	0.0	0.0	0.0	0.039	0.0
1776	0.0	0.0	0.0	0.0	0.036500000000000005	0.0
1777	0.0	0.0	0.0	0.0	0.034	0.0
1778	0.0	0.0	0.0	0.0	0.027000000000000003	0.0
1779	0.0	0.0	0.0	0.0	0.02	0.0
1780	0.0	0.0	0.0	0.0	0.0205	0.0
1781	0.0	0.0	0.0	0.0	0.021	0.0
1782	0.0	0.0	0.0	0.0	0.0215	0.0
1783	0.0	0.0	0.0	0.0	0.022	0.0
1784	0.0	0.0	0.0	0.0	0.0165	0.0
1785	0.0	0.0	0.0	0.0	0.011	0.0
1786	0.0	0.0	0.0	0.0	0.0115	0.0
1787	0.0	0.0	0.0	0.0	0.012	0.0
1788	0.0	0.0	0.0	0.0	0.008	0.0
1789	0.0	0.0	0.0	0.0	0.004	0.0
1790	0.0	0.0	0.0	0.0	0.006	0.0
1791	0.0	0.0	0.0	0.0	0.008	0.0
1792	0.0	0.0	0.0	0.0	0.004	0.0
1793	0.0	0.0	0.0	0.0	0.0	0.0
1794	0.0	0.0	0.0	0.0	0.0	0.0
1795	0.0	0.0	0.0	0.0	0.0	0.0
1796	0.0	0.0	0.0	0.0	0.0	0.0
1797	0.0	0.0	0.0	0.0	0.0	0.0
1798	0.0	0.0	0.0	0.0	0.0	0.0
1799	0.0	0.0	0.0	0.0	0.0	0.0
1800	0.0	0.0	0.0	0.0	0.0	0.0
1801	0.0	0.0	0.0	0.0	0.0	0.0
1802	0.0	0.0	0.0	0.0	0.0	0.0
1803	0.0	0.0	0.0	0.0	0.0	0.0
1804	0.0	0.0	0.0	0.0	0.0	0.0
1805	0.0	0.0	0.0	0.0	0.0	0.0
1806	0.0	0.0	0.0	0.0	0.0	0.0
1807	0.0	0.0	0.0	0.0	0.0	0.0
1808	0.0	0.0	0.0	0.0	0.0	0.0
1809	0.0	0.0	0.0	0.0	0.0	0.0
1810	0.0	0.0	0.0	0.0	0.0	0.0
1811	0.0	0.0	0.0	0.0	0.0	0.0
1812	0.0	0.0	0.0	0.0	0.0	0.0
1813	0.0	0.0	0.0	0.0	0.0	0.0
1814	0.0	0.0	0.0	0.0	0.0	0.0
1815	0.0	0.0	0.0	0.0	0.0	0.0
1816	0.0	0.0	0.0	0.0	0.0	0.0
1817	0.0	0.0	0.0	0.0	0.0	0.0
1818	0.0	0.0	0.0	0.0	0.0	0.0
1819	0.0	0.0	0.0	0.0	0.0	0.0
1820	0.0	0.0	0.0	0.0	0.0	0.0
1821	0.0	0.0	0.0	0.0	0.0	0.0
1822	0.0	0.0	0.0	0.0	0.0	0.0
1823	0.0	0.0	0.0	0.0	0.0	0.0
1824	0.0	0.0	0.0	0.0	0.0	0.0
1825	0.0	0.0	0.0	0.0	0.0	0.0
1826	0.0	0.0	0.0	0.0	0.0	0.0
1827	0.0	0.0	0.0	0.0	0.0	0.0
1828	0.0	0.0	0.0	0.0	0.0	0.0
1829	0.0	0.0	0.0	0.0	0.0	0.0
1830	0.0	0.0	0.0	0.0	0.0	0.0
1831	0.0	0.0	0.0	0.0	0.0	0.0
1832	0.0	0.0	0.0	0.0	0.0	0.0
1833	0.0	0.0	0.0	0.0	0.0	0.0
1834	0.0	0.0	0.0	0.0	0.0	0.0
1835	0.0	0.0	0.0	0.0	0.0	0.0
1836	0.0	0.0	0.0	0.0	0.0	0.0
1837	0.0	0.0	0.0	0.0	0.0	0.0
1838	0.0	0.0	0.0	0.0	0.0	0.0
1839	0.0	0.0	0.0	0.0	0.0	0.0
1840	0.0	0.0	0.0	0.0	0.0	0.0
1841	0.0	0.0	0.0	0.0	0.0	0.0
1842	0.0	0.0	0.0	0.0	0.0	0.0
1843	0.0	0.0	0.0	0.0	0.0	0.0
1844	0.0	0.0	0.0	0.0	0.0	0.0
1845	0.0	0.0	0.0	0.0	0.0	0.0
1846	0.0	0.0	0.0	0.0	0.0	0.0
1847	0.0	0.0	0.0	0.0	0.0	0.0
1848	0.0	0.0	0.0	0.0	0.0	0.0
1849	0.0	0.0	0.0	0.0	0.0	0.0
1850	0.0	0.0	0.0	0.0	0.0	0.0
1851	0.0	0.0	0.0	0.0	0.0	0.0
1852	0.0	0.0	0.0	0.0	0.0	0.0
1853	0.0	0.0	0.0	0.0	0.0	0.0
1854	0.0	0.0	0.0	0.0	0.0	0.0
1855	0.0	0.0	0.0	0.0	0.0	0.0
1856	0.0	0.0	0.0	0.0	0.0	0.0
1857	0.0	0.0	0.0	0.0	0.0	0.0
1858	0.0	0.0	0.0	0.0	0.0	0.0
1859	0.0	0.0	0.0	0.0	0.0	0.0
1860	0.0	0.0	0.0	0.0	0.0	0.0
1861	0.0	0.0	0.0	0.0	0.0	0.0
1862	0.0	0.0	0.0	0.0	0.0	0.0
1863	0.0	0.0	0.0	0.0	0.0	0.0
1864	0.0	0.0	0.0	0.0	0.0	0.0
1865	0.0	0.0	0.0	0.0	0.0	0.0
1866	0.0	0.0	0.0	0.0	0.0	0.0
1867	0.0	0.0	0.0	0.0	0.0	0.0
1868	0.0	0.0	0.0	0.0	0.0	0.0
1869	0.0	0.0	0.0	0.0	0.0	0.0
1870	0.0	0.0	0.0	0.0	0.0	0.0
1871	0.0	0.0	0.0	0.0	0.0	0.0
1872	0.0	0.0	0.0	0.0	0.0	0.0
1873	0.0	0.0	0.0	0.0	0.0	0.0
1874	0.0	0.0	0.0	0.0	0.0	0.0
1875	0.0	0.0	0.0	0.0	0.0	0.0
1876	0.0	0.0	0.0	0.0	0.0	0.0
1877	0.0	0.0	0.0	0.0	0.0	0.0
1878	0.0	0.0	0.0	0.0	0.0	0.0
1879	0.0	0.0	0.0	0.0	0.0	0.0
1880	0.0	0.0	0.0	0.0	0.0	0.0
1881	0.0	0.0	0.0	0.0	0.0	0.0
1882	0.0	0.0	0.0	0.0	0.0	0.0
1883	0.0	0.0	0.0	0.0	0.0	0.0
1884	0.0	0.0	0.0	0.0	0.0	0.0
1885	0.0	0.0	0.0	0.0	0.0	0.0
1886	0.0	0.0	0.0	0.0	0.0	0.0
1887	0.0	0.0	0.0	0.0	0.0	0.0
1888	0.0	0.0	0.0	0.0	0.0	0.0
1889	0.0	0.0	0.0	0.0	0.0	0.0
1890	0.0	0.0	0.0	0.0	0.0	0.0
1891	0.0	0.0	0.0	0.0	0.0	0.0
1892	0.0	0.0	0.0	0.0	0.0	0.0
1893	0.0	0.0	0.0	0.0	0.0	0.0
1894	0.0	0.0	0.0	0.0	0.0	0.0
1895	0.0	0.0	0.0	0.0	0.0	0.0
1896	0.0	0.0	0.0	0.0	0.0	0.0
1897	0.0	0.0	0.0	0.0	0.0	0.0
1898	0.0	0.0	0.0	0.0	0.0	0.0
1899	0.0	0.0	0.0	0.0	0.0	0.0
1900	0.0	0.0	0.0	0.0	0.0	0.0
1901	0.0	0.0	0.0	0.0	0.0	0.0
1902	0.0	0.0	0.0	0.0	0.0	0.0
1903	0.0	0.0	0.0	0.0	0.0	0.0
1904	0.0	0.0	0.0	0.0	0.0	0.0
1905	0.0	0.0	0.0	0.0	0.0	0.0
1906	0.0	0.0	0.0	0.0	0.0	0.0
1907	0.0	0.0	0.0	0.0	0.0	0.0
1908	0.0	0.0	0.0	0.0	0.0	0.0
1909	0.0	0.0	0.0	0.0	0.0	0.0
1910	0.0	0.0	0.0	0.0	0.0	0.0
1911	0.0	0.0	0.0	0.0	0.0	0.0
1912	0.0	0.0	0.0	0.0	0.0	0.0
1913	0.0	0.0	0.0	0.0	0.0	0.0
1914	0.0	0.0	0.0	0.0	0.0	0.0
1915	0.0	0.0	0.0	0.0	0.0	0.0
1916	0.0	0.0	0.0	0.0	0.0	0.0
1917	0.0	0.0	0.0	0.0	0.0	0.0
1918	0.0	0.0	0.0	0.0	0.0	0.0
1919	0.0	0.0	0.0	0.0	0.0	0.0
1920	0.0	0.0	0.0	0.0	0.0	0.0
1921	0.0	0.0	0.0	0.0	0.0	0.0
1922	0.0	0.0	0.0	0.0	0.0	0.0
1923	0.0	0.0	0.0	0.0	0.0	0.0
1924	0.0	0.0	0.0	0.0	0.0	0.0
1925	0.0	0.0	0.0	0.0	0.0	0.0
1926	0.0	0.0	0.0	0.0	0.0	0.0
1927	0.0	0.0	0.0	0.0	0.0	0.0
1928	0.0	0.0	0.0	0.0	0.0	0.0
1929	0.0	0.0	0.0	0.0	0.0	0.0
1930	0.0	0.0	0.0	0.0	0.0	0.0
1931	0.0	0.0	0.0	0.0	0.0	0.0
1932	0.0	0.0	0.0	0.0	0.0	0.0
1933	0.0	0.0	0.0	0.0	0.0	0.0
1934	0.0	0.0	0.0	0.0	0.0	0.0
1935	0.0	0.0	0.0	0.0	0.0	0.0
1936	0.0	0.0	0.0	0.0	0.0	0.0
1937	0.0	0.0	0.0	0.0	0.0	0.0
1938	0.0	0.0	0.0	0.0	0.0	0.0
1939	0.0	0.0	0.0	0.0	0.0	0.0
1940	0.0	0.0	0.0	0.0	0.0	0.0
1941	0.0	0.0	0.0	0.0	0.0	0.0
1942	0.0	0.0	0.0	0.0	0.0	0.0
1943	0.0	0.0	0.0	0.0	0.0	0.0
1944	0.0	0.0	0.0	0.0	0.0	0.0
1945	0.0	0.0	0.0	0.0	0.0	0.0
1946	0.0	0.0	0.0	0.0	0.0	0.0
1947	0.0	0.0	0.0	0.0	0.0	0.0
1948	0.0	0.0	0.0	0.0	0.0	0.0
1949	0.0	0.0	0.0	0.0	0.0	0.0
1950	0.0	0.0	0.0	0.0	0.0	0.0
1951	0.0	0.0	0.0	0.0	0.0	0.0
1952	0.0	0.0	0.0	0.0	0.0	0.0
1953	0.0	0.0	0.0	0.0	0.0	0.0
1954	0.0	0.0	0.0	0.0	0.0	0.0
1955	0.0	0.0	0.0	0.0	0.0	0.0
1956	0.0	0.0	0.0	0.0	0.0	0.0
1957	0.0	0.0	0.0	0.0	0.0	0.0
1958	0.0	0.0	0.0	0.0	0.0	0.0
1959	0.0	0.0	0.0	0.0	0.0	0.0
1960	0.0	0.0	0.0	0.0	0.0	0.0
1961	0.0	0.0	0.0	0.0	0.0	0.0
1962	0.0	0.0	0.0	0.0	0.0	0.0
1963	0.0	0.0	0.0	0.0	0.0	0.0
1964	0.0	0.0	0.0	0.0	0.0	0.0
1965	0.0	0.0	0.0	0.0	0.0	0.0
1966	0.0	0.0	0.0	0.0	0.0	0.0
1967	0.0	0.0	0.0	0.0	0.0	0.0
1968	0.0	0.0	0.0	0.0	0.0	0.0
1969	0.0	0.0	0.0	0.0	0.0	0.0
1970	0.0	0.0	0.0	0.0	0.0	0.0
1971	0.0	0.0	0.0	0.0	0.0	0.0
1972	0.0	0.0	0.0	0.0	0.0	0.0
1973	0.0	0.0	0.0	0.0	0.0	0.0
1974	0.0	0.0	0.0	0.0	0.0	0.0
1975	0.0	0.0	0.0	0.0	0.0	0.0
1976	0.0	0.0	0.0	0.0	0.0	0.0
1977	0.0	0.0	0.0	0.0	0.0	0.0
1978	0.0	0.0	0.0	0.0	0.0	0.0
1979	0.0	0.0	0.0	0.0	0.0	0.0
1980	0.0	0.0	0.0	0.0	0.0	0.0
1981	0.0	0.0	0.0	0.0	0.0	0.0
1982	0.0	0.0	0.0	0.0	0.0	0.0
1983	0.0	0.0	0.0	0.0	0.0	0.0
1984	0.0	0.0	0.0	0.0	0.0	0.0
1985	0.0	0.0	0.0	0.0	0.0	0.0
1986	0.0	0.0	0.0	0.0	0.0	0.0
1987	0.0	0.0	0.0	0.0	0.0	0.0
1988	0.0	0.0	0.0	0.0	0.0	0.0
1989	0.0	0.0	0.0	0.0	0.0	0.0
1990	0.0	0.0	0.0	0.0	0.0	0.0
1991	0.0	0.0	0.0	0.0	0.0	0.0
1992	0.0	0.0	0.0	0.0	0.0	0.0
1993	0.0	0.0	0.0	0.0	0.0	0.0
1994	0.0	0.0	0.0	0.0	0.0	0.0
1995	0.0	0.0	0.0	0.0	0.0	0.0
1996	0.0	0.0	0.0	0.0	0.0	0.0
1997	0.0	0.0	0.0	0.0	0.0	0.0
1998	0.0	0.0	0.0	0.0	0.0	0.0
1999	0.0	0.0	0.0	0.0	0.0	0.0
2000	0.0	0.0	0.0	0.0	0.0	0.0
2001	0.0	0.0	0.0	0.0	0.0	0.003
2002	0.0	0.0	0.0	0.0	0.0	0.0015
2003	0.0	0.0	0.0	0.0	0.0	0.0
2004	0.0	0.0	0.0	0.0	0.0	0.0015
2005	0.0	0.0	0.0	0.0	0.0	0.003
2006	0.0	0.0	0.0	0.0	0.0	0.0015
2007	0.0	0.0	0.0	0.0	0.0	0.0
2008	0.0	0.0	0.0	0.0	0.0	0.0
2009	0.0	0.0	0.0	0.0	0.0	0.0
2010	0.0	0.0	0.0	0.0	0.0	0.002
2011	0.0	0.0	0.0	0.0	0.0	0.004
2012	0.0	0.0	0.0	0.0	0.0	0.002
2013	0.0	0.0	0.0	0.0	0.0	0.0
2014	0.0	0.0	0.0	0.0	0.0	0.001
2015	0.0	0.0	0.0	0.0	0.0	0.002
2016	0.0	0.0	0.0	0.0	0.0	0.002
2017	0.0	0.0	0.0	0.0	0.0	0.002
2018	0.0	0.0	0.0	0.0	0.0	0.002
2019	0.0	0.0	0.0	0.0	0.0	0.007
2020	0.0	0.0	0.0	0.0	0.0	0.012
2021	0.0	0.0	0.0	0.0	0.0	0.010499999999999999
2022	0.0	0.0	0.0	0.0	0.0	0.009
2023	0.0	0.0	0.0	0.0	0.0	0.008
2024	0.0	0.0	0.0	0.0	0.0	0.007
2025	0.0	0.0	0.0	0.0	0.0	0.009
2026	0.0	0.0	0.0	0.0	0.0	0.011
2027	0.0	0.0	0.0	0.0	0.0	0.0155
2028	0.0	0.0	0.0	0.0	0.0	0.02
2029	0.0	0.0	0.0	0.0	0.0	0.018500000000000003
2030	0.0	0.0	0.0	0.0	0.0	0.017
2031	0.0	0.0	0.0	0.0	0.0	0.0235
2032	0.0	0.0	0.0	0.0	0.0	0.03
2033	0.0	0.0	0.0	0.0	0.0	0.0325
2034	0.0	0.0	0.0	0.0	0.0	0.035
2035	0.0	0.0	0.0	0.0	0.0	0.037
2036	0.0	0.0	0.0	0.0	0.0	0.040499999999999994
2037	0.0	0.0	0.0	0.0	0.0	0.044
2038	0.0	0.0	0.0	0.0	0.0	0.0475
2039	0.0	0.0	0.0	0.0	0.0	0.051
2040	0.0	0.0	0.0	0.0	0.0	0.057999999999999996
2041	0.0	0.0	0.0	0.0	0.0	0.065
2042	0.0	0.0	0.0	0.0	0.0	0.07250000000000001
2043	0.0	0.0	0.0	0.0	0.0	0.08
2044	0.0	0.0	0.0	0.0	0.0	0.08399999999999999
2045	0.0	0.0	0.0	0.0	0.0	0.088
2046	0.0	0.0	0.0	0.0	0.0	0.095
2047	0.0	0.0	0.0	0.0	0.0	0.102
2048	0.0	0.0	0.0	0.0	0.0	0.1175
2049	0.0	0.0	0.0	0.0	0.0	0.133
2050	0.0	0.0	0.0	0.0	0.0	0.14900000000000002
2051	0.0	0.0	0.0	0.0	0.0	0.165
2052	0.0	0.0	0.0	0.0	0.0	0.188
2053	0.0	0.0	0.0	0.0	0.0	0.20400000000000001
2054	0.0	0.0	0.0	0.0	0.0	0.22
2055	0.0	0.0	0.0	0.0	0.0	0.242
2056	0.0	0.0	0.0	0.0	0.0	0.264
2057	0.0	0.0	0.0	0.0	0.0	0.29000000000000004
2058	0.0	0.0	0.0	0.0	0.0	0.316
2059	0.0	0.0	0.0	0.0	0.0	0.3415
2060	0.0	0.0	0.0	0.0	0.0	0.367
2061	0.0	0.0	0.0	0.0	0.0	0.394
2062	0.0	0.0	0.0	0.0	0.0	0.421
2063	0.0	0.0	0.0	0.0	0.0	0.4525
2064	0.0	0.0	0.0	0.0	0.0	0.484
2065	0.0	0.0	0.0	0.0	0.0	0.519
2066	0.0	0.0	0.0	0.0	0.0	0.554
2067	0.0	0.0	0.0	0.0	0.0	0.59
2068	0.0	0.0	0.0	0.0	0.0	0.63
2069	0.0	0.0	0.0	0.0	0.0	0.67
2070	0.0	0.0	0.0	0.0	0.0	0.6765000000000001
2071	0.0	0.0	0.0	0.0	0.0	0.683
2072	0.0	0.0	0.0	0.0	0.0	0.7065
2073	0.0	0.0	0.0	0.0	0.0	0.73
2074	0.0	0.0	0.0	0.0	0.0	0.743
2075	0.0	0.0	0.0	0.0	0.0	0.756
2076	0.0	0.0	0.0	0.0	0.0	0.7615000000000001
2077	0.0	0.0	0.0	0.0	0.0	0.767
2078	0.0	0.0	0.0	0.0	0.0	0.7805
2079	0.0	0.0	0.0	0.0	0.0	0.794
2080	0.0	0.0	0.0	0.0	0.0	0.784
2081	0.0	0.0	0.0	0.0	0.0	0.774
2082	0.0	0.0	0.0	0.0	0.0	0.775
2083	0.0	0.0	0.0	0.0	0.0	0.776
2084	0.0	0.0	0.0	0.0	0.0	0.7825
2085	0.0	0.0	0.0	0.0	0.0	0.789
2086	0.0	0.0	0.0	0.0	0.0	0.775
2087	0.0	0.0	0.0	0.0	0.0	0.7795000000000001
2088	0.0	0.0	0.0	0.0	0.0	0.784
2089	0.0	0.0	0.0	0.0	0.0	0.781
2090	0.0	0.0	0.0	0.0	0.0	0.778
2091	0.0	0.0	0.0	0.0	0.0	0.773
2092	0.0	0.0	0.0	0.0	0.0	0.768
2093	0.0	0.0	0.0	0.0	0.0	0.765
2094	0.0	0.0	0.0	0.0	0.0	0.762
2095	0.0	0.0	0.0	0.0	0.0	0.7615000000000001
2096	0.0	0.0	0.0	0.0	0.0	0.761
2097	0.0	0.0	0.0	0.0	0.0	0.7656666666666667
2098	0.0	0.0	0.0	0.0	0.0	0.7703333333333333
2099	0.0	0.0	0.0	0.0	0.0	0.775
2100	0.0	0.0	0.0	0.0	0.0	0.775
2101	0.0	0.0	0.0	0.0	0.0	0.7695000000000001
2102	0.0	0.0	0.0	0.0	0.0	0.764
2103	0.0	0.0	0.0	0.0	0.0	0.774
2104	0.0	0.0	0.0	0.0	0.0	0.784
2105	0.0	0.0	0.0	0.0	0.0	0.788
2106	0.0	0.0	0.0	0.0	0.0	0.792
2107	0.0	0.0	0.0	0.0	0.0	0.8029999999999999
2108	0.0	0.0	0.0	0.0	0.0	0.814
2109	0.0	0.0	0.0	0.0	0.0	0.804
2110	0.0	0.0	0.0	0.0	0.0	0.794
2111	0.0	0.0	0.0	0.0	0.0	0.8095
2112	0.0	0.0	0.0	0.0	0.0	0.825
2113	0.0	0.0	0.0	0.0	0.0	0.821
2114	0.0	0.0	0.0	0.0	0.0	0.817
2115	0.0	0.0	0.0	0.0	0.0	0.8115
2116	0.0	0.0	0.0	0.0	0.0	0.806
2117	0.0	0.0	0.0	0.0	0.0	0.819
2118	0.0	0.0	0.0	0.0	0.0	0.82
2119	0.0	0.0	0.0	0.0	0.0	0.821
2120	0.0	0.0	0.0	0.0	0.0	0.8365
2121	0.0	0.0	0.0	0.0	0.0	0.852
2122	0.0	0.0	0.0	0.0	0.0	0.842
2123	0.0	0.0	0.0	0.0	0.0	0.832
2124	0.0	0.0	0.0	0.0	0.0	0.834
2125	0.0	0.0	0.0	0.0	0.0	0.836
2126	0.0	0.0	0.0	0.0	0.0	0.843
2127	0.0	0.0	0.0	0.0	0.0	0.85
2128	0.0	0.0	0.0	0.0	0.0	0.8525
2129	0.0	0.0	0.0	0.0	0.0	0.855
2130	0.0	0.0	0.0	0.0	0.0	0.8585
2131	0.0	0.0	0.0	0.0	0.0	0.862
2132	0.0	0.0	0.0	0.0	0.0	0.8574999999999999
2133	0.0	0.0	0.0	0.0	0.0	0.853
2134	0.0	0.0	0.0	0.0	0.0	0.862
2135	0.0	0.0	0.0	0.0	0.0	0.871
2136	0.0	0.0	0.0	0.0	0.0	0.848
2137	0.0	0.0	0.0	0.0	0.0	0.865
2138	0.0	0.0	0.0	0.0	0.0	0.882
2139	0.0	0.0	0.0	0.0	0.0	0.8785000000000001
2140	0.0	0.0	0.0	0.0	0.0	0.875
2141	0.0	0.0	0.0	0.0	0.0	0.8674999999999999
2142	0.0	0.0	0.0	0.0	0.0	0.86
2143	0.0	0.0	0.0	0.0	0.0	0.858
2144	0.0	0.0	0.0	0.0	0.0	0.856
2145	0.0	0.0	0.0	0.0	0.0	0.8714999999999999
2146	0.0	0.0	0.0	0.0	0.0	0.887
2147	0.0	0.0	0.0	0.0	0.0	0.8685
2148	0.0	0.0	0.0	0.0	0.0	0.85
2149	0.0	0.0	0.0	0.0	0.0	0.861
2150	0.0	0.0	0.0	0.0	0.0	0.872
2151	0.0	0.0	0.0	0.0	0.0	0.879
2152	0.0	0.0	0.0	0.0	0.0	0.868
2153	0.0	0.0	0.0	0.0	0.0	0.857
2154	0.0	0.0	0.0	0.0	0.0	0.861
2155	0.0	0.0	0.0	0.0	0.0	0.865
2156	0.0	0.0	0.0	0.0	0.0	0.866
2157	0.0	0.0	0.0	0.0	0.0	0.867
2158	0.0	0.0	0.0	0.0	0.0	0.869
2159	0.0	0.0	0.0	0.0	0.0	0.871
2160	0.0	0.0	0.0	0.0	0.0	0.8765000000000001
2161	0.0	0.0	0.0	0.0	0.0	0.882
2162	0.0	0.0	0.0	0.0	0.0	0.876
2163	0.0	0.0	0.0	0.0	0.0	0.87
2164	0.0	0.0	0.0	0.0	0.0	0.8694999999999999
2165	0.0	0.0	0.0	0.0	0.0	0.869
2166	0.0	0.0	0.0	0.0	0.0	0.873
2167	0.0	0.0	0.0	0.0	0.0	0.875
2168	0.0	0.0	0.0	0.0	0.0	0.877
2169	0.0	0.0	0.0	0.0	0.0	0.8725
2170	0.0	0.0	0.0	0.0	0.0	0.868
2171	0.0	0.0	0.0	0.0	0.0	0.874
2172	0.0	0.0	0.0	0.0	0.0	0.88
2173	0.0	0.0	0.0	0.0	0.0	0.8785000000000001
2174	0.0	0.0	0.0	0.0	0.0	0.877
2175	0.0	0.0	0.0	0.0	0.0	0.8734999999999999
2176	0.0	0.0	0.0	0.0	0.0	0.87
2177	0.0	0.0	0.0	0.0	0.0	0.874
2178	0.0	0.0	0.0	0.0	0.0	0.878
2179	0.0	0.0	0.0	0.0	0.0	0.879
2180	0.0	0.0	0.0	0.0	0.0	0.88
2181	0.0	0.0	0.0	0.0	0.0	0.874
2182	0.0	0.0	0.0	0.0	0.0	0.868
2183	0.0	0.0	0.0	0.0	0.0	0.881
2184	0.0	0.0	0.0	0.0	0.0	0.8755
2185	0.0	0.0	0.0	0.0	0.0	0.87
2186	0.0	0.0	0.0	0.0	0.0	0.863
2187	0.0	0.0	0.0	0.0	0.0	0.856
2188	0.0	0.0	0.0	0.0	0.0	0.8594999999999999
2189	0.0	0.0	0.0	0.0	0.0	0.863
2190	0.0	0.0	0.0	0.0	0.0	0.863
2191	0.0	0.0	0.0	0.0	0.0	0.863
2192	0.0	0.0	0.0	0.0	0.0	0.86
2193	0.0	0.0	0.0	0.0	0.0	0.857
2194	0.0	0.0	0.0	0.0	0.0	0.8505
2195	0.0	0.0	0.0	0.0	0.0	0.844
2196	0.0	0.0	0.0	0.0	0.0	0.8514999999999999
2197	0.0	0.0	0.0	0.0	0.0	0.859
2198	0.0	0.0	0.0	0.0	0.0	0.858
2199	0.0	0.0	0.0	0.0	0.0	0.857
2200	0.0	0.0	0.0	0.0	0.0	0.8545
2201	0.0	0.0	0.0	0.0	0.0	0.852
2202	0.0	0.0	0.0	0.0	0.0	0.859
2203	0.0	0.0	0.0	0.0	0.0	0.866
2204	0.0	0.0	0.0	0.0	0.0	0.867
2205	0.0	0.0	0.0	0.0	0.0	0.868
2206	0.0	0.0	0.0	0.0	0.0	0.862
2207	0.0	0.0	0.0	0.0	0.0	0.856
2208	0.0	0.0	0.0	0.0	0.0	0.856
2209	0.0	0.0	0.0	0.0	0.0	0.856
2210	0.0	0.0	0.0	0.0	0.0	0.847
2211	0.0	0.0	0.0	0.0	0.0	0.854
2212	0.0	0.0	0.0	0.0	0.0	0.861
2213	0.0	0.0	0.0	0.0	0.0	0.8614999999999999
2214	0.0	0.0	0.0	0.0	0.0	0.862
2215	0.0	0.0	0.0	0.0	0.0	0.851
2216	0.0	0.0	0.0	0.0	0.0	0.84
2217	0.0	0.0	0.0	0.0	0.0	0.848
2218	0.0	0.0	0.0	0.0	0.0	0.856
2219	0.0	0.0	0.0	0.0	0.0	0.847
2220	0.0	0.0	0.0	0.0	0.0	0.838
2221	0.0	0.0	0.0	0.0	0.0	0.847
2222	0.0	0.0	0.0	0.0	0.0	0.856
2223	0.0	0.0	0.0	0.0	0.0	0.837
2224	0.0	0.0	0.0	0.0	0.0	0.8386666666666667
2225	0.0	0.0	0.0	0.0	0.0	0.8403333333333333
2226	0.0	0.0	0.0	0.0	0.0	0.842
2227	0.0	0.0	0.0	0.0	0.0	0.826
2228	0.0	0.0	0.0	0.0	0.0	0.835
2229	0.0	0.0	0.0	0.0	0.0	0.844
2230	0.0	0.0	0.0	0.0	0.0	0.8354999999999999
2231	0.0	0.0	0.0	0.0	0.0	0.827
2232	0.0	0.0	0.0	0.0	0.0	0.8345
2233	0.0	0.0	0.0	0.0	0.0	0.842
2234	0.0	0.0	0.0	0.0	0.0	0.832
2235	0.0	0.0	0.0	0.0	0.0	0.822
2236	0.0	0.0	0.0	0.0	0.0	0.8325
2237	0.0	0.0	0.0	0.0	0.0	0.843
2238	0.0	0.0	0.0	0.0	0.0	0.833
2239	0.0	0.0	0.0	0.0	0.0	0.823
2240	0.0	0.0	0.0	0.0	0.0	0.8385
2241	0.0	0.0	0.0	0.0	0.0	0.854
2242	0.0	0.0	0.0	0.0	0.0	0.839
2243	0.0	0.0	0.0	0.0	0.0	0.846
2244	0.0	0.0	0.0	0.0	0.0	0.853
2245	0.0	0.0	0.0	0.0	0.0	0.8534999999999999
2246	0.0	0.0	0.0	0.0	0.0	0.854
2247	0.0	0.0	0.0	0.0	0.0	0.8594999999999999
2248	0.0	0.0	0.0	0.0	0.0	0.865
2249	0.0	0.0	0.0	0.0	0.0	0.869
2250	0.0	0.0	0.0	0.0	0.0	0.873
2251	0.0	0.0	0.0	0.0	0.0	0.871
2252	0.0	0.0	0.0	0.0	0.0	0.869
2253	0.0	0.0	0.0	0.0	0.0	0.867
2254	0.0	0.0	0.0	0.0	0.0	0.865
2255	0.0	0.0	0.0	0.0	0.0	0.879
2256	0.0	0.0	0.0	0.0	0.0	0.893
2257	0.0	0.0	0.0	0.0	0.0	0.8915
2258	0.0	0.0	0.0	0.0	0.0	0.89
2259	0.0	0.0	0.0	0.0	0.0	0.89
2260	0.0	0.0	0.0	0.0	0.0	0.898
2261	0.0	0.0	0.0	0.0	0.0	0.906
2262	0.0	0.0	0.0	0.0	0.0	0.915
2263	0.0	0.0	0.0	0.0	0.0	0.924
2264	0.0	0.0	0.0	0.0	0.0	0.922
2265	0.0	0.0	0.0	0.0	0.0	0.92
2266	0.0	0.0	0.0	0.0	0.0	0.921
2267	0.0	0.0	0.0	0.0	0.0	0.922
2268	0.0	0.0	0.0	0.0	0.0	0.9305
2269	0.0	0.0	0.0	0.0	0.0	0.939
2270	0.0	0.0	0.0	0.0	0.0	0.9275
2271	0.0	0.0	0.0	0.0	0.0	0.916
2272	0.0	0.0	0.0	0.0	0.0	0.9279999999999999
2273	0.0	0.0	0.0	0.0	0.0	0.94
2274	0.0	0.0	0.0	0.0	0.0	0.93
2275	0.0	0.0	0.0	0.0	0.0	0.9359999999999999
2276	0.0	0.0	0.0	0.0	0.0	0.942
2277	0.0	0.0	0.0	0.0	0.0	0.9495
2278	0.0	0.0	0.0	0.0	0.0	0.957
2279	0.0	0.0	0.0	0.0	0.0	0.9555
2280	0.0	0.0	0.0	0.0	0.0	0.954
2281	0.0	0.0	0.0	0.0	0.0	0.9524999999999999
2282	0.0	0.0	0.0	0.0	0.0	0.951
2283	0.0	0.0	0.0	0.0	0.0	0.9524999999999999
2284	0.0	0.0	0.0	0.0	0.0	0.954
2285	0.0	0.0	0.0	0.0	0.0	0.96
2286	0.0	0.0	0.0	0.0	0.0	0.966
2287	0.0	0.0	0.0	0.0	0.0	0.9704999999999999
2288	0.0	0.0	0.0	0.0	0.0	0.975
2289	0.0	0.0	0.0	0.0	0.0	0.98
2290	0.0	0.0	0.0	0.0	0.0	0.985
2291	0.0	0.0	0.0	0.0	0.0	0.978
2292	0.0	0.0	0.0	0.0	0.0	0.971
2293	0.0	0.0	0.0	0.0	0.0	0.973
2294	0.0	0.0	0.0	0.0	0.0	0.9715
2295	0.0	0.0	0.0	0.0	0.0	0.97
2296	0.0	0.0	0.0	0.0	0.0	0.9815
2297	0.0	0.0	0.0	0.0	0.0	0.993
2298	0.0	0.0	0.0	0.0	0.0	0.9944999999999999
2299	0.0	0.0	0.0	0.0	0.0	0.996
2300	0.0	0.0	0.0	0.0	0.0	0.9895
2301	0.0	0.0	0.0	0.0	0.0	0.983
2302	0.0	0.0	0.0	0.0	0.0	0.9775
2303	0.0	0.0	0.0	0.0	0.0	0.972
2304	0.0	0.0	0.0	0.0	0.0	0.986
2305	0.0	0.0	0.0	0.0	0.0	1.0
2306	0.0	0.0	0.0	0.0	0.0	0.999
2307	0.0	0.0	0.0	0.0	0.0	0.998
2308	0.0	0.0	0.0	0.0	0.0	0.9844999999999999
2309	0.0	0.0	0.0	0.0	0.0	0.971
2310	0.0	0.0	0.0	0.0	0.0	0.968
2311	0.0	0.0	0.0	0.0	0.0	0.9675
2312	0.0	0.0	0.0	0.0	0.0	0.967
2313	0.0	0.0	0.0	0.0	0.0	0.9644999999999999
2314	0.0	0.0	0.0	0.0	0.0	0.962
2315	0.0	0.0	0.0	0.0	0.0	0.9555
2316	0.0	0.0	0.0	0.0	0.0	0.949
2317	0.0	0.0	0.0	0.0	0.0	0.9359999999999999
2318	0.0	0.0	0.0	0.0	0.0	0.923
2319	0.0	0.0	0.0	0.0	0.0	0.926
2320	0.0	0.0	0.0	0.0	0.0	0.929
2321	0.0	0.0	0.0	0.0	0.0	0.923
2322	0.0	0.0	0.0	0.0	0.0	0.917
2323	0.0	0.0	0.0	0.0	0.0	0.934
2324	0.0	0.0	0.0	0.0	0.0	0.9185000000000001
2325	0.0	0.0	0.0	0.0	0.0	0.903
2326	0.0	0.0	0.0	0.0	0.0	0.9145000000000001
2327	0.0	0.0	0.0	0.0	0.0	0.926
2328	0.0	0.0	0.0	0.0	0.0	0.921
2329	0.0	0.0	0.0	0.0	0.0	0.916
2330	0.0	0.0	0.0	0.0	0.0	0.929
2331	0.0	0.0	0.0	0.0	0.0	0.942
2332	0.0	0.0	0.0	0.0	0.0	0.933
2333	0.0	0.0	0.0	0.0	0.0	0.924
2334	0.0	0.0	0.0	0.0	0.0	0.922
2335	0.0	0.0	0.0	0.0	0.0	0.92
2336	0.0	0.0	0.0	0.0	0.0	0.8915
2337	0.0	0.0	0.0	0.0	0.0	0.863
2338	0.0	0.0	0.0	0.0	0.0	0.8434999999999999
2339	0.0	0.0	0.0	0.0	0.0	0.824
2340	0.0	0.0	0.0	0.0	0.0	0.775
2341	0.0	0.0	0.0	0.0	0.0	0.7295
2342	0.0	0.0	0.0	0.0	0.0	0.684
2343	0.0	0.0	0.0	0.0	0.0	0.6335
2344	0.0	0.0	0.0	0.0	0.0	0.583
2345	0.0	0.0	0.0	0.0	0.0	0.5315
2346	0.0	0.0	0.0	0.0	0.0	0.48
2347	0.0	0.0	0.0	0.0	0.0	0.429
2348	0.0	0.0	0.0	0.0	0.0	0.378
2349	0.0	0.0	0.0	0.0	0.0	0.3265
2350	0.0	0.0	0.0	0.0	0.0	0.275
2351	0.0	0.0	0.0	0.0	0.0	0.254
2352	0.0	0.0	0.0	0.0	0.0	0.233
2353	0.0	0.0	0.0	0.0	0.0	0.202
2354	0.0	0.0	0.0	0.0	0.0	0.171
2355	0.0	0.0	0.0	0.0	0.0	0.131
2356	0.0	0.0	0.0	0.0	0.0	0.121
2357	0.0	0.0	0.0	0.0	0.0	0.111
2358	0.0	0.0	0.0	0.0	0.0	0.096
2359	0.0	0.0	0.0	0.0	0.0	0.081
2360	0.0	0.0	0.0	0.0	0.0	0.07500000000000001
2361	0.0	0.0	0.0	0.0	0.0	0.069
2362	0.0	0.0	0.0	0.0	0.0	0.0575
2363	0.0	0.0	0.0	0.0	0.0	0.046
2364	0.0	0.0	0.0	0.0	0.0	0.0375
2365	0.0	0.0	0.0	0.0	0.0	0.029
2366	0.0	0.0	0.0	0.0	0.0	0.0335
2367	0.0	0.0	0.0	0.0	0.0	0.038
2368	0.0	0.0	0.0	0.0	0.0	0.019
2369	0.0	0.0	0.0	0.0	0.0	0.0
2370	0.0	0.0	0.0	0.0	0.0	0.0145
2371	0.0	0.0	0.0	0.0	0.0	0.029
2372	0.0	0.0	0.0	0.0	0.0	0.0225
2373	0.0	0.0	0.0	0.0	0.0	0.016
2374	0.0	0.0	0.0	0.0	0.0	0.009
2375	0.0	0.0	0.0	0.0	0.0	0.013000000000000001
2376	0.0	0.0	0.0	0.0	0.0	0.017
2377	0.0	0.0	0.0	0.0	0.0	0.01
2378	0.0	0.0	0.0	0.0	0.0	0.002999999999999999
2379	0.0	0.0	0.0	0.0	0.0	0.009000000000000001
2380	0.0	0.0	0.0	0.0	0.0	0.015
2381	0.0	0.0	0.0	0.0	0.0	0.0075
2382	0.0	0.0	0.0	0.0	0.0	0.0
2383	0.0	0.0	0.0	0.0	0.0	0.0
2384	0.0	0.0	0.0	0.0	0.0	0.0
2385	0.0	0.0	0.0	0.0	0.0	0.0035
2386	0.0	0.0	0.0	0.0	0.0	0.007
2387	0.0	0.0	0.0	0.0	0.0	0.00525
2388	0.0	0.0	0.0	0.0	0.0	0.0035
2389	0.0	0.0	0.0	0.0	0.0	0.0017499999999999998
2390	0.0	0.0	0.0	0.0	0.0	0.0
2391	0.0	0.0	0.0	0.0	0.0	0.0
2392	0.0	0.0	0.0	0.0	0.0	0.0
2393	0.0	0.0	0.0	0.0	0.0	0.0
2394	0.0	0.0	0.0	0.0	0.0	0.0
2395	0.0	0.0	0.0	0.0	0.0	0.0
2396	0.0	0.0	0.0	0.0	0.0	0.0
2397	0.0	0.0	0.0	0.0	0.0	0.0
2398	0.0	0.0	0.0	0.0	0.0	0.0
2399	0.0	0.0	0.0	0.0	0.0	0.0
2400	0.0	0.0	0.0	0.0	0.0	0.0
2401	0.0	0.0	0.0	0.0	0.0	0.0
2402	0.0	0.0	0.0	0.0	0.0	0.0
2403	0.0	0.0	0.0	0.0	0.0	0.0
2404	0.0	0.0	0.0	0.0	0.0	0.0
2405	0.0	0.0	0.0	0.0	0.0	0.0
2406	0.0	0.0	0.0	0.0	0.0	0.0
2407	0.0	0.0	0.0	0.0	0.0	0.0
2408	0.0	0.0	0.0	0.0	0.0	0.0
2409	0.0	0.0	0.0	0.0	0.0	0.0
2410	0.0	0.0	0.0	0.0	0.0	0.0
2411	0.0	0.0	0.0	0.0	0.0	0.0
2412	0.0	0.0	0.0	0.0	0.0	0.0
2413	0.0	0.0	0.0	0.0	0.0	0.0
2414	0.0	0.0	0.0	0.0	0.0	0.0
2415	0.0	0.0	0.0	0.0	0.0	0.0
2416	0.0	0.0	0.0	0.0	0.0	0.0
2417	0.0	0.0	0.0	0.0	0.0	0.0
2418	0.0	0.0	0.0	0.0	0.0	0.0
2419	0.0	0.0	0.0	0.0	0.0	0.0
2420	0.0	0.0	0.0	0.0	0.0	0.0
2421	0.0	0.0	0.0	0.0	0.0	0.0
2422	0.0	0.0	0.0	0.0	0.0	0.0
2423	0.0	0.0	0.0	0.0	0.0	0.0
2424	0.0	0.0	0.0	0.0	0.0	0.0
2425	0.0	0.0	0.0	0.0	0.0	0.0
2426	0.0	0.0	0.0	0.0	0.0	0.0
2427	0.0	0.0	0.0	0.0	0.0	0.0
2428	0.0	0.0	0.0	0.0	0.0	0.0
2429	0.0	0.0	0.0	0.0	0.0	0.0
2430	0.0	0.0	0.0	0.0	0.0	0.0
2431	0.0	0.0	0.0	0.0	0.0	0.0
2432	0.0	0.0	0.0	0.0	0.0	0.0
2433	0.0	0.0	0.0	0.0	0.0	0.0
2434	0.0	0.0	0.0	0.0	0.0	0.0
2435	0.0	0.0	0.0	0.0	0.0	0.0
2436	0.0	0.0	0.0	0.0	0.0	0.0
2437	0.0	0.0	0.0	0.0	0.0	0.0
2438	0.0	0.0	0.0	0.0	0.0	0.0
2439	0.0	0.0	0.0	0.0	0.0	0.0
2440	0.0	0.0	0.0	0.0	0.0	0.0
2441	0.0	0.0	0.0	0.0	0.0	0.0
2442	0.0	0.0	0.0	0.0	0.0	0.0
2443	0.0	0.0	0.0	0.0	0.0	0.0
2444	0.0	0.0	0.0	0.0	0.0	0.0
2445	0.0	0.0	0.0	0.0	0.0	0.0
2446	0.0	0.0	0.0	0.0	0.0	0.0
2447	0.0	0.0	0.0	0.0	0.0	0.0
2448	0.0	0.0	0.0	0.0	0.0	0.0
2449	0.0	0.0	0.0	0.0	0.0	0.0
2450	0.0	0.0	0.0	0.0	0.0	0.0
2451	0.0	0.0	0.0	0.0	0.0	0.0
2452	0.0	0.0	0.0	0.0	0.0	0.0
2453	0.0	0.0	0.0	0.0	0.0	0.0
2454	0.0	0.0	0.0	0.0	0.0	0.0
2455	0.0	0.0	0.0	0.0	0.0	0.0
2456	0.0	0.0	0.0	0.0	0.0	0.0
2457	0.0	0.0	0.0	0.0	0.0	0.0
2458	0.0	0.0	0.0	0.0	0.0	0.0
2459	0.0	0.0	0.0	0.0	0.0	0.0
2460	0.0	0.0	0.0	0.0	0.0	0.0
2461	0.0	0.0	0.0	0.0	0.0	0.0
2462	0.0	0.0	0.0	0.0	0.0	0.0
2463	0.0	0.0	0.0	0.0	0.0	0.0
2464	0.0	0.0	0.0	0.0	0.0	0.0
2465	0.0	0.0	0.0	0.0	0.0	0.0
2466	0.0	0.0	0.0	0.0	0.0	0.0
2467	0.0	0.0	0.0	0.0	0.0	0.0
2468	0.0	0.0	0.0	0.0	0.0	0.0
2469	0.0	0.0	0.0	0.0	0.0	0.0
2470	0.0	0.0	0.0	0.0	0.0	0.0
2471	0.0	0.0	0.0	0.0	0.0	0.0
2472	0.0	0.0	0.0	0.0	0.0	0.0
2473	0.0	0.0	0.0	0.0	0.0	0.0
2474	0.0	0.0	0.0	0.0	0.0	0.0
2475	0.0	0.0	0.0	0.0	0.0	0.0
2476	0.0	0.0	0.0	0.0	0.0	0.0
2477	0.0	0.0	0.0	0.0	0.0	0.0
2478	0.0	0.0	0.0	0.0	0.0	0.0
2479	0.0	0.0	0.0	0.0	0.0	0.0
2480	0.0	0.0	0.0	0.0	0.0	0.0
2481	0.0	0.0	0.0	0.0	0.0	0.0
2482	0.0	0.0	0.0	0.0	0.0	0.0
2483	0.0	0.0	0.0	0.0	0.0	0.0
2484	0.0	0.0	0.0	0.0	0.0	0.0
2485	0.0	0.0	0.0	0.0	0.0	0.0
2486	0.0	0.0	0.0	0.0	0.0	0.0
2487	0.0	0.0	0.0	0.0	0.0	0.0
2488	0.0	0.0	0.0	0.0	0.0	0.0
2489	0.0	0.0	0.0	0.0	0.0	0.0
2490	0.0	0.0	0.0	0.0	0.0	0.0
2491	0.0	0.0	0.0	0.0	0.0	0.0
2492	0.0	0.0	0.0	0.0	0.0	0.0
2493	0.0	0.0	0.0	0.0	0.0	0.0
2494	0.0	0.0	0.0	0.0	0.0	0.0
2495	0.0	0.0	0.0	0.0	0.0	0.0
2496	0.0	0.0	0.0	0.0	0.0	0.0
2497	0.0	0.0	0.0	0.0	0.0	0.0
2498	0.0	0.0	0.0	0.0	0.0	0.0
2499	0.0	0.0	0.0	0.0	0.0	0.0
2500	0.0	0.0	0.0	0.0	0.0	0.0
