WL_SR	B1	B2	B3	B4	B5	B7
400	0.0	0.0	0.0	0.0	0.0	0.0
401	0.0	0.0	0.0	0.0	0.0	0.0
402	0.0	0.0	0.0	0.0	0.0	0.0
403	0.0	0.0	0.0	0.0	0.0	0.0
404	0.0	0.0	0.0	0.0	0.0	0.0
405	0.0	0.0	0.0	0.0	0.0	0.0
406	0.0	0.0	0.0	0.0	0.0	0.0
407	0.0	0.0	0.0	0.0	0.0	0.0
408	0.0	0.0	0.0	0.0	0.0	0.0
409	0.0	0.0	0.0	0.0	0.0	0.0
410	0.0	0.0	0.0	0.0	0.0	0.0
411	0.0	0.0	0.0	0.0	0.0	0.0
412	0.0	0.0	0.0	0.0	0.0	0.0
413	0.0	0.0	0.0	0.0	0.0	0.0
414	0.0	0.0	0.0	0.0	0.0	0.0
415	0.0	0.0	0.0	0.0	0.0	0.0
416	0.0	0.0	0.0	0.0	0.0	0.0
417	0.0	0.0	0.0	0.0	0.0	0.0
418	0.0	0.0	0.0	0.0	0.0	0.0
419	0.0	0.0	0.0	0.0	0.0	0.0
420	0.0007	0.0	0.0	0.0	0.0	0.0
421	0.0008	0.0	0.0	0.0	0.0	0.0
422	0.0008	0.0	0.0	0.0	0.0	0.0
423	0.0009	0.0	0.0	0.0	0.0	0.0
424	0.0009	0.0	0.0	0.0	0.0	0.0
425	0.001	0.0	0.0	0.0	0.0	0.0
426	0.0013	0.0	0.0	0.0	0.0	0.0
427	0.0016	0.0	0.0	0.0	0.0	0.0
428	0.002	0.0	0.0	0.0	0.0	0.0
429	0.0023	0.0	0.0	0.0	0.0	0.0
430	0.0027	0.0	0.0	0.0	0.0	0.0
431	0.0042	0.0	0.0	0.0	0.0	0.0
432	0.006	0.0	0.0	0.0	0.0	0.0
433	0.0086	0.0	0.0	0.0	0.0	0.0
434	0.0113	0.0	0.0	0.0	0.0	0.0
435	0.0141	0.0	0.0	0.0	0.0	0.0
436	0.017	0.0	0.0	0.0	0.0	0.0
437	0.0216	0.0	0.0	0.0	0.0	0.0
438	0.0268	0.0	0.0	0.0	0.0	0.0
439	0.0321	0.0	0.0	0.0	0.0	0.0
440	0.037	0.0	0.0	0.0	0.0	0.0
441	0.042	0.0	0.0	0.0	0.0	0.0
442	0.0471	0.0	0.0	0.0	0.0	0.0
443	0.0524	0.0	0.0	0.0	0.0	0.0
444	0.0577	0.0	0.0	0.0	0.0	0.0
445	0.0633	0.0	0.0	0.0	0.0	0.0
446	0.0746	0.0	0.0	0.0	0.0	0.0
447	0.1097	0.0	0.0	0.0	0.0	0.0
448	0.1564	0.0	0.0	0.0	0.0	0.0
449	0.2483	0.0	0.0	0.0	0.0	0.0
450	0.3391	0.0	0.0	0.0	0.0	0.0
451	0.4058	0.0	0.0	0.0	0.0	0.0
452	0.4741	0.0	0.0	0.0	0.0	0.0
453	0.5366	0.0	0.0	0.0	0.0	0.0
454	0.5856	0.0	0.0	0.0	0.0	0.0
455	0.6667	0.0	0.0	0.0	0.0	0.0
456	0.688	0.0	0.0	0.0	0.0	0.0
457	0.6993	0.0	0.0	0.0	0.0	0.0
458	0.7095	0.0	0.0	0.0	0.0	0.0
459	0.7165	0.0	0.0	0.0	0.0	0.0
460	0.72	0.0	0.0	0.0	0.0	0.0
461	0.7326	0.0	0.0	0.0	0.0	0.0
462	0.7475	0.0	0.0	0.0	0.0	0.0
463	0.7583	0.0	0.0	0.0	0.0	0.0
464	0.7714	0.0	0.0	0.0	0.0	0.0
465	0.7847	0.0	0.0	0.0	0.0	0.0
466	0.7924	0.0	0.0	0.0	0.0	0.0
467	0.8002	0.0	0.0	0.0	0.0	0.0
468	0.808	0.0	0.0	0.0	0.0	0.0
469	0.8156	0.0	0.0	0.0	0.0	0.0
470	0.8206	0.0	0.0	0.0	0.0	0.0
471	0.8257	0.0	0.0	0.0	0.0	0.0
472	0.8308	0.0	0.0	0.0	0.0	0.0
473	0.8359	0.0	0.0	0.0	0.0	0.0
474	0.8421	0.0	0.0	0.0	0.0	0.0
475	0.8526	0.0	0.0	0.0	0.0	0.0
476	0.8642	0.0	0.0	0.0	0.0	0.0
477	0.8724	0.0	0.0	0.0	0.0	0.0
478	0.8824	0.0	0.0	0.0	0.0	0.0
479	0.8925	0.0	0.0	0.0	0.0	0.0
480	0.9026	0.0	0.0	0.0	0.0	0.0
481	0.9069	0.0	0.0	0.0	0.0	0.0
482	0.9111	0.0	0.0	0.0	0.0	0.0
483	0.9154	0.0	0.0	0.0	0.0	0.0
484	0.9196	0.0	0.0	0.0	0.0	0.0
485	0.9238	0.0	0.0	0.0	0.0	0.0
486	0.9285	0.0	0.0	0.0	0.0	0.0
487	0.9332	0.0	0.0	0.0	0.0	0.0
488	0.9379	0.0	0.0	0.0	0.0	0.0
489	0.9425	0.0	0.0	0.0	0.0	0.0
490	0.9472	0.0	0.0	0.0	0.0	0.0
491	0.9548	0.0	0.0	0.0	0.0	0.0
492	0.9623	0.0	0.0	0.0	0.0	0.0
493	0.9698	0.0	0.0	0.0	0.0	0.0
494	0.9761	0.0	0.0	0.0	0.0	0.0
495	0.9775	0.0	0.0	0.0	0.0	0.0
496	0.9788	0.0	0.0	0.0	0.0	0.0
497	0.9802	0.0	0.0	0.0	0.0	0.0
498	0.9815	0.0	0.0	0.0	0.0	0.0
499	0.9837	0.0	0.0	0.0	0.0	0.0
500	0.9891	0.0	0.0	0.0	0.0	0.0
501	0.9935	0.0007	0.0	0.0	0.0	0.0
502	0.9978	0.0021	0.0	0.0	0.0	0.0
503	1.0	0.0036	0.0	0.0	0.0	0.0
504	0.9952	0.0032	0.0	0.0	0.0	0.0
505	0.9828	0.0065	0.0	0.0	0.0	0.0
506	0.9524	0.0089	0.0	0.0	0.0	0.0
507	0.9219	0.0139	0.0	0.0	0.0	0.0
508	0.8914	0.0164	0.0	0.0	0.0	0.0
509	0.8607	0.019	0.0	0.0	0.0	0.0
510	0.8293	0.0233	0.0	0.0	0.0	0.0
511	0.8021	0.0261	0.0	0.0	0.0	0.0
512	0.7877	0.029	0.0	0.0	0.0	0.0
513	0.7732	0.0318	0.0	0.0	0.0	0.0
514	0.7565	0.0347	0.0	0.0	0.0	0.0
515	0.7339	0.0377	0.0	0.0	0.0	0.0
516	0.6859	0.0544	0.0	0.0	0.0	0.0
517	0.5784	0.0713	0.0	0.0	0.0	0.0
518	0.4813	0.0982	0.0	0.0	0.0	0.0
519	0.4002	0.1297	0.0	0.0	0.0	0.0
520	0.3187	0.1635	0.0	0.0	0.0	0.0
521	0.2367	0.2055	0.0	0.0	0.0	0.0
522	0.1324	0.2479	0.0	0.0	0.0	0.0
523	0.1018	0.2908	0.0	0.0	0.0	0.0
524	0.0911	0.3341	0.0	0.0	0.0	0.0
525	0.0804	0.3779	0.0	0.0	0.0	0.0
526	0.0696	0.419	0.0	0.0	0.0	0.0
527	0.0588	0.4593	0.0	0.0	0.0	0.0
528	0.0532	0.4999	0.0	0.0	0.0	0.0
529	0.0498	0.5409	0.0	0.0	0.0	0.0
530	0.0465	0.5718	0.0	0.0	0.0	0.0
531	0.0431	0.5967	0.0	0.0	0.0	0.0
532	0.0397	0.6142	0.0	0.0	0.0	0.0
533	0.0364	0.6286	0.0	0.0	0.0	0.0
534	0.033	0.6431	0.0	0.0	0.0	0.0
535	0.0296	0.6578	0.0	0.0	0.0	0.0
536	0.0261	0.6722	0.0	0.0	0.0	0.0
537	0.0227	0.6868	0.0	0.0	0.0	0.0
538	0.0205	0.7015	0.0	0.0	0.0	0.0
539	0.0184	0.7163	0.0	0.0	0.0	0.0
540	0.0162	0.7312	0.0	0.0	0.0	0.0
541	0.014	0.7416	0.0	0.0	0.0	0.0
542	0.0119	0.752	0.0	0.0	0.0	0.0
543	0.0105	0.7625	0.0	0.0	0.0	0.0
544	0.0093	0.773	0.0	0.0	0.0	0.0
545	0.0081	0.7836	0.0	0.0	0.0	0.0
546	0.0069	0.7941	0.0	0.0	0.0	0.0
547	0.0058	0.8047	0.0	0.0	0.0	0.0
548	0.0056	0.8153	0.0	0.0	0.0	0.0
549	0.0054	0.826	0.0	0.0	0.0	0.0
550	0.0052	0.8367	0.0	0.0	0.0	0.0
551	0.0	0.8425	0.0	0.0	0.0	0.0
552	0.0	0.8483	0.0	0.0	0.0	0.0
553	0.0	0.8541	0.0	0.0	0.0	0.0
554	0.0	0.8594	0.0	0.0	0.0	0.0
555	0.0	0.8646	0.0	0.0	0.0	0.0
556	0.0	0.8695	0.0	0.0	0.0	0.0
557	0.0	0.8743	0.0	0.0	0.0	0.0
558	0.0	0.8792	0.0	0.0	0.0	0.0
559	0.0	0.8841	0.0	0.0	0.0	0.0
560	0.0	0.889	0.0	0.0	0.0	0.0
561	0.0	0.8937	0.0	0.0	0.0	0.0
562	0.0	0.8983	0.0	0.0	0.0	0.0
563	0.0	0.9029	0.0	0.0	0.0	0.0
564	0.0	0.9044	0.0	0.0	0.0	0.0
565	0.0	0.9044	0.0	0.0	0.0	0.0
566	0.0	0.905	0.0	0.0	0.0	0.0
567	0.0	0.9056	0.0	0.0	0.0	0.0
568	0.0	0.9063	0.0	0.0	0.0	0.0
569	0.0	0.9068	0.0	0.0	0.0	0.0
570	0.0	0.9074	0.0	0.0	0.0	0.0
571	0.0	0.9073	0.0	0.0	0.0	0.0
572	0.0	0.9072	0.0	0.0	0.0	0.0
573	0.0	0.907	0.0	0.0	0.0	0.0
574	0.0	0.9069	0.0	0.0	0.0	0.0
575	0.0	0.9067	0.0	0.0	0.0	0.0
576	0.0	0.9057	0.0	0.0	0.0	0.0
577	0.0	0.9047	0.0	0.0	0.0	0.0
578	0.0	0.9073	0.0	0.0	0.0	0.0
579	0.0	0.9098	0.0	0.0	0.0	0.0
580	0.0	0.9124	0.0018	0.0	0.0	0.0
581	0.0	0.9155	0.00182	0.0	0.0	0.0
582	0.0	0.9186	0.00184	0.0	0.0	0.0
583	0.0	0.9218	0.0018599999999999999	0.0	0.0	0.0
584	0.0	0.9392	0.00188	0.0	0.0	0.0
585	0.0	0.95	0.0019	0.0	0.0	0.0
586	0.0	0.9591	0.00192	0.0	0.0	0.0
587	0.0	0.9683	0.00194	0.0	0.0	0.0
588	0.0	0.9768	0.00196	0.0	0.0	0.0
589	0.0	0.9819	0.00198	0.0	0.0	0.0
590	0.0	0.9871	0.002	0.0	0.0	0.0
591	0.0	0.9913	0.0025900000000000003	0.0	0.0	0.0
592	0.0	0.9967	0.00318	0.0	0.0	0.0
593	0.0	0.9999	0.00377	0.0	0.0	0.0
594	0.0	1.0	0.00436	0.0	0.0	0.0
595	0.0	0.9978	0.00495	0.0	0.0	0.0
596	0.0	0.9961	0.00554	0.0	0.0	0.0
597	0.0	0.992	0.00613	0.0	0.0	0.0
598	0.0	0.9757	0.00672	0.0	0.0	0.0
599	0.0	0.9592	0.0073100000000000005	0.0	0.0	0.0
600	0.0	0.9428	0.0079	0.0	0.0	0.0
601	0.0	0.9199	0.01042	0.0	0.0	0.0
602	0.0	0.887	0.01294	0.0	0.0	0.0
603	0.0	0.854	0.015460000000000002	0.0	0.0	0.0
604	0.0	0.821	0.017980000000000003	0.0	0.0	0.0
605	0.0	0.7878	0.0205	0.0	0.0	0.0
606	0.0	0.7387	0.0239	0.0	0.0	0.0
607	0.0	0.6647	0.027299999999999998	0.0	0.0	0.0
608	0.0	0.5901	0.030699999999999998	0.0	0.0	0.0
609	0.0	0.5153	0.0341	0.0	0.0	0.0
610	0.0	0.4616	0.0375	0.0	0.0	0.0
611	0.0	0.4083	0.0409	0.0	0.0	0.0
612	0.0	0.3547	0.0555	0.0	0.0	0.0
613	0.0	0.3007	0.073	0.0	0.0	0.0
614	0.0	0.2464	0.0906	0.0	0.0	0.0
615	0.0	0.2039	0.1082	0.0	0.0	0.0
616	0.0	0.1796	0.1262	0.0	0.0	0.0
617	0.0	0.1552	0.1444	0.0	0.0	0.0
618	0.0	0.1306	0.1626	0.0	0.0	0.0
619	0.0	0.1072	0.2169	0.0	0.0	0.0
620	0.0	0.0969	0.2958	0.0	0.0	0.0
621	0.0	0.0865	0.3759	0.0	0.0	0.0
622	0.0	0.076	0.4086	0.0	0.0	0.0
623	0.0	0.0655	0.4293	0.0	0.0	0.0
624	0.0	0.0549	0.4503	0.0	0.0	0.0
625	0.0	0.0517	0.4715	0.0	0.0	0.0
626	0.0	0.0485	0.4923	0.0	0.0	0.0
627	0.0	0.0454	0.5132	0.0	0.0	0.0
628	0.0	0.0422	0.5343	0.0	0.0	0.0
629	0.0	0.0389	0.5555	0.0	0.0	0.0
630	0.0	0.0357	0.5774	0.0	0.0	0.0
631	0.0	0.0327	0.6031	0.0	0.0	0.0
632	0.0	0.0297	0.6374	0.0	0.0	0.0
633	0.0	0.0267	0.6848	0.0	0.0	0.0
634	0.0	0.0237	0.7325	0.0	0.0	0.0
635	0.0	0.0207	0.7482	0.0	0.0	0.0
636	0.0	0.01886	0.7642	0.0	0.0	0.0
637	0.0	0.01702	0.7802	0.0	0.0	0.0
638	0.0	0.015179999999999999	0.7947	0.0	0.0	0.0
639	0.0	0.01334	0.8065	0.0	0.0	0.0
640	0.0	0.0115	0.8184	0.0	0.0	0.0
641	0.0	0.01036	0.8304	0.0	0.0	0.0
642	0.0	0.009219999999999999	0.8424	0.0	0.0	0.0
643	0.0	0.00808	0.8545	0.0	0.0	0.0
644	0.0	0.00694	0.8614	0.0	0.0	0.0
645	0.0	0.0058	0.8678	0.0	0.0	0.0
646	0.0	0.00464	0.8743	0.0	0.0	0.0
647	0.0	0.0034799999999999996	0.8809	0.0	0.0	0.0
648	0.0	0.0023199999999999996	0.8875	0.0	0.0	0.0
649	0.0	0.0011599999999999996	0.8971	0.0	0.0	0.0
650	0.0	0.0	0.9008	0.0	0.0	0.0
651	0.0	0.0	0.9017	0.0	0.0	0.0
652	0.0	0.0	0.9026	0.0	0.0	0.0
653	0.0	0.0	0.9035	0.0	0.0	0.0
654	0.0	0.0	0.9044	0.0	0.0	0.0
655	0.0	0.0	0.9052	0.0	0.0	0.0
656	0.0	0.0	0.9055	0.0	0.0	0.0
657	0.0	0.0	0.9058	0.0	0.0	0.0
658	0.0	0.0	0.906	0.0	0.0	0.0
659	0.0	0.0	0.9062	0.0	0.0	0.0
660	0.0	0.0	0.9064	0.0	0.0	0.0
661	0.0	0.0	0.9104	0.0	0.0	0.0
662	0.0	0.0	0.9143	0.0	0.0	0.0
663	0.0	0.0	0.9195	0.0	0.0	0.0
664	0.0	0.0	0.9266	0.0	0.0	0.0
665	0.0	0.0	0.9338	0.0	0.0	0.0
666	0.0	0.0	0.9412	0.0	0.0	0.0
667	0.0	0.0	0.9488	0.0	0.0	0.0
668	0.0	0.0	0.9563	0.0	0.0	0.0
669	0.0	0.0	0.964	0.0	0.0	0.0
670	0.0	0.0	0.9699	0.0	0.0	0.0
671	0.0	0.0	0.9749	0.0	0.0	0.0
672	0.0	0.0	0.9799	0.0	0.0	0.0
673	0.0	0.0	0.9847	0.0	0.0	0.0
674	0.0	0.0	0.9895	0.0	0.0	0.0
675	0.0	0.0	0.9932	0.0	0.0	0.0
676	0.0	0.0	0.9966	0.0	0.0	0.0
677	0.0	0.0	1.0	0.0	0.0	0.0
678	0.0	0.0	0.9995	0.0	0.0	0.0
679	0.0	0.0	0.9989	0.0	0.0	0.0
680	0.0	0.0	0.9983	0.0	0.0	0.0
681	0.0	0.0	0.9784	0.0	0.0	0.0
682	0.0	0.0	0.9806	0.0	0.0	0.0
683	0.0	0.0	0.9827	0.0	0.0	0.0
684	0.0	0.0	0.9732	0.0	0.0	0.0
685	0.0	0.0	0.9558	0.0	0.0	0.0
686	0.0	0.0	0.9384	0.0	0.0	0.0
687	0.0	0.0	0.9209	0.0	0.0	0.0
688	0.0	0.0	0.885	0.0	0.0	0.0
689	0.0	0.0	0.8364	0.0	0.0	0.0
690	0.0	0.0	0.7874	0.0	0.0	0.0
691	0.0	0.0	0.7	0.0	0.0	0.0
692	0.0	0.0	0.6052	0.0	0.0	0.0
693	0.0	0.0	0.5144	0.0	0.0	0.0
694	0.0	0.0	0.4413	0.0	0.0	0.0
695	0.0	0.0	0.3678	0.0	0.0	0.0
696	0.0	0.0	0.2942	0.0	0.0	0.0
697	0.0	0.0	0.2277	0.0	0.0	0.0
698	0.0	0.0	0.1916	0.0	0.0	0.0
699	0.0	0.0	0.1552	0.0	0.0	0.0
700	0.0	0.0	0.1186	0.0	0.0	0.0
701	0.0	0.0	0.1079	0.0	0.0	0.0
702	0.0	0.0	0.0972	0.0	0.0	0.0
703	0.0	0.0	0.0864	0.0	0.0	0.0
704	0.0	0.0	0.0756	0.0	0.0	0.0
705	0.0	0.0	0.0646	0.0	0.0	0.0
706	0.0	0.0	0.06096	0.0	0.0	0.0
707	0.0	0.0	0.05732	0.0	0.0	0.0
708	0.0	0.0	0.05368	0.0	0.0	0.0
709	0.0	0.0	0.05004	0.0	0.0	0.0
710	0.0	0.0	0.0464	0.0	0.0	0.0
711	0.0	0.0	0.0433	0.0	0.0	0.0
712	0.0	0.0	0.0402	0.0	0.0	0.0
713	0.0	0.0	0.037099999999999994	0.0	0.0	0.0
714	0.0	0.0	0.034	0.0	0.0	0.0
715	0.0	0.0	0.0309	0.0	0.0	0.0
716	0.0	0.0	0.02872	0.0	0.0	0.0
717	0.0	0.0	0.02654	0.0	0.0	0.0
718	0.0	0.0	0.02436	0.0	0.0	0.0
719	0.0	0.0	0.02218	0.0	0.0	0.0
720	0.0	0.0	0.02	0.0	0.0	0.0
721	0.0	0.0	0.01846	0.0	0.0	0.0
722	0.0	0.0	0.01692	0.0	0.0	0.0
723	0.0	0.0	0.01538	0.0	0.0	0.0
724	0.0	0.0	0.01384	0.0	0.0	0.0
725	0.0	0.0	0.0123	0.0	0.0	0.0
726	0.0	0.0	0.01108	0.0	0.0	0.0
727	0.0	0.0	0.00986	0.0	0.0	0.0
728	0.0	0.0	0.00864	0.0	0.0	0.0
729	0.0	0.0	0.0074199999999999995	0.0	0.0	0.0
730	0.0	0.0	0.006199999999999999	0.0023	0.0	0.0
731	0.0	0.0	0.005889999999999999	0.00276	0.0	0.0
732	0.0	0.0	0.00558	0.0032199999999999998	0.0	0.0
733	0.0	0.0	0.0052699999999999995	0.00368	0.0	0.0
734	0.0	0.0	0.00496	0.00414	0.0	0.0
735	0.0	0.0	0.00465	0.0046	0.0	0.0
736	0.0	0.0	0.00434	0.00508	0.0	0.0
737	0.0	0.0	0.00403	0.00556	0.0	0.0
738	0.0	0.0	0.0037199999999999998	0.00604	0.0	0.0
739	0.0	0.0	0.00341	0.00652	0.0	0.0
740	0.0	0.0	0.0031	0.007	0.0	0.0
741	0.0	0.0	0.0	0.00746	0.0	0.0
742	0.0	0.0	0.0	0.00792	0.0	0.0
743	0.0	0.0	0.0	0.008379999999999999	0.0	0.0
744	0.0	0.0	0.0	0.008839999999999999	0.0	0.0
745	0.0	0.0	0.0	0.0093	0.0	0.0
746	0.0	0.0	0.0	0.01116	0.0	0.0
747	0.0	0.0	0.0	0.013019999999999999	0.0	0.0
748	0.0	0.0	0.0	0.014879999999999999	0.0	0.0
749	0.0	0.0	0.0	0.016739999999999998	0.0	0.0
750	0.0	0.0	0.0	0.0186	0.0	0.0
751	0.0	0.0	0.0	0.0214	0.0	0.0
752	0.0	0.0	0.0	0.0242	0.0	0.0
753	0.0	0.0	0.0	0.027	0.0	0.0
754	0.0	0.0	0.0	0.0298	0.0	0.0
755	0.0	0.0	0.0	0.0326	0.0	0.0
756	0.0	0.0	0.0	0.0402	0.0	0.0
757	0.0	0.0	0.0	0.0478	0.0	0.0
758	0.0	0.0	0.0	0.0554	0.0	0.0
759	0.0	0.0	0.0	0.063	0.0	0.0
760	0.0	0.0	0.0	0.0706	0.0	0.0
761	0.0	0.0	0.0	0.0784	0.0	0.0
762	0.0	0.0	0.0	0.0862	0.0	0.0
763	0.0	0.0	0.0	0.094	0.0	0.0
764	0.0	0.0	0.0	0.1152	0.0	0.0
765	0.0	0.0	0.0	0.1364	0.0	0.0
766	0.0	0.0	0.0	0.1577	0.0	0.0
767	0.0	0.0	0.0	0.1791	0.0	0.0
768	0.0	0.0	0.0	0.2069	0.0	0.0
769	0.0	0.0	0.0	0.2409	0.0	0.0
770	0.0	0.0	0.0	0.2752	0.0	0.0
771	0.0	0.0	0.0	0.3095	0.0	0.0
772	0.0	0.0	0.0	0.344	0.0	0.0
773	0.0	0.0	0.0	0.3786	0.0	0.0
774	0.0	0.0	0.0	0.4133	0.0	0.0
775	0.0	0.0	0.0	0.4482	0.0	0.0
776	0.0	0.0	0.0	0.4833	0.0	0.0
777	0.0	0.0	0.0	0.5259	0.0	0.0
778	0.0	0.0	0.0	0.5683	0.0	0.0
779	0.0	0.0	0.0	0.6108	0.0	0.0
780	0.0	0.0	0.0	0.6534	0.0	0.0
781	0.0	0.0	0.0	0.6963	0.0	0.0
782	0.0	0.0	0.0	0.7393	0.0	0.0
783	0.0	0.0	0.0	0.7745	0.0	0.0
784	0.0	0.0	0.0	0.8017	0.0	0.0
785	0.0	0.0	0.0	0.829	0.0	0.0
786	0.0	0.0	0.0	0.8564	0.0	0.0
787	0.0	0.0	0.0	0.8838	0.0	0.0
788	0.0	0.0	0.0	0.8992	0.0	0.0
789	0.0	0.0	0.0	0.9146	0.0	0.0
790	0.0	0.0	0.0	0.93	0.0	0.0
791	0.0	0.0	0.0	0.9418	0.0	0.0
792	0.0	0.0	0.0	0.9499	0.0	0.0
793	0.0	0.0	0.0	0.958	0.0	0.0
794	0.0	0.0	0.0	0.9661	0.0	0.0
795	0.0	0.0	0.0	0.9743	0.0	0.0
796	0.0	0.0	0.0	0.9794	0.0	0.0
797	0.0	0.0	0.0	0.9845	0.0	0.0
798	0.0	0.0	0.0	0.9897	0.0	0.0
799	0.0	0.0	0.0	0.9948	0.0	0.0
800	0.0	0.0	0.0	1.0	0.0	0.0
801	0.0	0.0	0.0	0.9982	0.0	0.0
802	0.0	0.0	0.0	0.9964	0.0	0.0
803	0.0	0.0	0.0	0.9946	0.0	0.0
804	0.0	0.0	0.0	0.9928	0.0	0.0
805	0.0	0.0	0.0	0.991	0.0	0.0
806	0.0	0.0	0.0	0.9889	0.0	0.0
807	0.0	0.0	0.0	0.9868	0.0	0.0
808	0.0	0.0	0.0	0.9846	0.0	0.0
809	0.0	0.0	0.0	0.9825	0.0	0.0
810	0.0	0.0	0.0	0.9804	0.0	0.0
811	0.0	0.0	0.0	0.9758	0.0	0.0
812	0.0	0.0	0.0	0.9712	0.0	0.0
813	0.0	0.0	0.0	0.9666	0.0	0.0
814	0.0	0.0	0.0	0.962	0.0	0.0
815	0.0	0.0	0.0	0.9574	0.0	0.0
816	0.0	0.0	0.0	0.9529	0.0	0.0
817	0.0	0.0	0.0	0.9483	0.0	0.0
818	0.0	0.0	0.0	0.9442	0.0	0.0
819	0.0	0.0	0.0	0.94	0.0	0.0
820	0.0	0.0	0.0	0.9359	0.0	0.0
821	0.0	0.0	0.0	0.9313	0.0	0.0
822	0.0	0.0	0.0	0.9268	0.0	0.0
823	0.0	0.0	0.0	0.9223	0.0	0.0
824	0.0	0.0	0.0	0.9178	0.0	0.0
825	0.0	0.0	0.0	0.9161	0.0	0.0
826	0.0	0.0	0.0	0.916	0.0	0.0
827	0.0	0.0	0.0	0.9164	0.0	0.0
828	0.0	0.0	0.0	0.9167	0.0	0.0
829	0.0	0.0	0.0	0.917	0.0	0.0
830	0.0	0.0	0.0	0.9173	0.0	0.0
831	0.0	0.0	0.0	0.9176	0.0	0.0
832	0.0	0.0	0.0	0.9178	0.0	0.0
833	0.0	0.0	0.0	0.9181	0.0	0.0
834	0.0	0.0	0.0	0.9183	0.0	0.0
835	0.0	0.0	0.0	0.9185	0.0	0.0
836	0.0	0.0	0.0	0.9188	0.0	0.0
837	0.0	0.0	0.0	0.919	0.0	0.0
838	0.0	0.0	0.0	0.9192	0.0	0.0
839	0.0	0.0	0.0	0.9194	0.0	0.0
840	0.0	0.0	0.0	0.9196	0.0	0.0
841	0.0	0.0	0.0	0.9202	0.0	0.0
842	0.0	0.0	0.0	0.9208	0.0	0.0
843	0.0	0.0	0.0	0.9214	0.0	0.0
844	0.0	0.0	0.0	0.922	0.0	0.0
845	0.0	0.0	0.0	0.9226	0.0	0.0
846	0.0	0.0	0.0	0.9232	0.0	0.0
847	0.0	0.0	0.0	0.9237	0.0	0.0
848	0.0	0.0	0.0	0.9243	0.0	0.0
849	0.0	0.0	0.0	0.9249	0.0	0.0
850	0.0	0.0	0.0	0.9254	0.0	0.0
851	0.0	0.0	0.0	0.9217	0.0	0.0
852	0.0	0.0	0.0	0.9179	0.0	0.0
853	0.0	0.0	0.0	0.9141	0.0	0.0
854	0.0	0.0	0.0	0.9104	0.0	0.0
855	0.0	0.0	0.0	0.9067	0.0	0.0
856	0.0	0.0	0.0	0.9029	0.0	0.0
857	0.0	0.0	0.0	0.8992	0.0	0.0
858	0.0	0.0	0.0	0.8947	0.0	0.0
859	0.0	0.0	0.0	0.8901	0.0	0.0
860	0.0	0.0	0.0	0.8856	0.0	0.0
861	0.0	0.0	0.0	0.8831	0.0	0.0
862	0.0	0.0	0.0	0.8815	0.0	0.0
863	0.0	0.0	0.0	0.881	0.0	0.0
864	0.0	0.0	0.0	0.8804	0.0	0.0
865	0.0	0.0	0.0	0.8811	0.0	0.0
866	0.0	0.0	0.0	0.8818	0.0	0.0
867	0.0	0.0	0.0	0.8824	0.0	0.0
868	0.0	0.0	0.0	0.8831	0.0	0.0
869	0.0	0.0	0.0	0.8838	0.0	0.0
870	0.0	0.0	0.0	0.8844	0.0	0.0
871	0.0	0.0	0.0	0.8858	0.0	0.0
872	0.0	0.0	0.0	0.8871	0.0	0.0
873	0.0	0.0	0.0	0.8853	0.0	0.0
874	0.0	0.0	0.0	0.8832	0.0	0.0
875	0.0	0.0	0.0	0.881	0.0	0.0
876	0.0	0.0	0.0	0.8768	0.0	0.0
877	0.0	0.0	0.0	0.8725	0.0	0.0
878	0.0	0.0	0.0	0.8683	0.0	0.0
879	0.0	0.0	0.0	0.8641	0.0	0.0
880	0.0	0.0	0.0	0.8599	0.0	0.0
881	0.0	0.0	0.0	0.853	0.0	0.0
882	0.0	0.0	0.0	0.8451	0.0	0.0
883	0.0	0.0	0.0	0.8372	0.0	0.0
884	0.0	0.0	0.0	0.8294	0.0	0.0
885	0.0	0.0	0.0	0.8217	0.0	0.0
886	0.0	0.0	0.0	0.8139	0.0	0.0
887	0.0	0.0	0.0	0.8063	0.0	0.0
888	0.0	0.0	0.0	0.7986	0.0	0.0
889	0.0	0.0	0.0	0.791	0.0	0.0
890	0.0	0.0	0.0	0.7835	0.0	0.0
891	0.0	0.0	0.0	0.7835	0.0	0.0
892	0.0	0.0	0.0	0.7836	0.0	0.0
893	0.0	0.0	0.0	0.7787	0.0	0.0
894	0.0	0.0	0.0	0.769	0.0	0.0
895	0.0	0.0	0.0	0.7592	0.0	0.0
896	0.0	0.0	0.0	0.7495	0.0	0.0
897	0.0	0.0	0.0	0.7398	0.0	0.0
898	0.0	0.0	0.0	0.7302	0.0	0.0
899	0.0	0.0	0.0	0.7208	0.0	0.0
900	0.0	0.0	0.0	0.7152	0.0	0.0
901	0.0	0.0	0.0	0.671	0.0	0.0
902	0.0	0.0	0.0	0.6299	0.0	0.0
903	0.0	0.0	0.0	0.5891	0.0	0.0
904	0.0	0.0	0.0	0.5299	0.0	0.0
905	0.0	0.0	0.0	0.4664	0.0	0.0
906	0.0	0.0	0.0	0.4033	0.0	0.0
907	0.0	0.0	0.0	0.3405	0.0	0.0
908	0.0	0.0	0.0	0.2945	0.0	0.0
909	0.0	0.0	0.0	0.2528	0.0	0.0
910	0.0	0.0	0.0	0.2114	0.0	0.0
911	0.0	0.0	0.0	0.1702	0.0	0.0
912	0.0	0.0	0.0	0.143	0.0	0.0
913	0.0	0.0	0.0	0.1195	0.0	0.0
914	0.0	0.0	0.0	0.0962	0.0	0.0
915	0.0	0.0	0.0	0.0772	0.0	0.0
916	0.0	0.0	0.0	0.06804	0.0	0.0
917	0.0	0.0	0.0	0.05888	0.0	0.0
918	0.0	0.0	0.0	0.04972	0.0	0.0
919	0.0	0.0	0.0	0.04056	0.0	0.0
920	0.0	0.0	0.0	0.0314	0.0	0.0
921	0.0	0.0	0.0	0.0282	0.0	0.0
922	0.0	0.0	0.0	0.024999999999999998	0.0	0.0
923	0.0	0.0	0.0	0.0218	0.0	0.0
924	0.0	0.0	0.0	0.0186	0.0	0.0
925	0.0	0.0	0.0	0.0154	0.0	0.0
926	0.0	0.0	0.0	0.01382	0.0	0.0
927	0.0	0.0	0.0	0.012240000000000001	0.0	0.0
928	0.0	0.0	0.0	0.01066	0.0	0.0
929	0.0	0.0	0.0	0.00908	0.0	0.0
930	0.0	0.0	0.0	0.0075	0.0	0.0
931	0.0	0.0	0.0	0.0070999999999999995	0.0	0.0
932	0.0	0.0	0.0	0.006699999999999999	0.0	0.0
933	0.0	0.0	0.0	0.0063	0.0	0.0
934	0.0	0.0	0.0	0.0059	0.0	0.0
935	0.0	0.0	0.0	0.0055	0.0	0.0
936	0.0	0.0	0.0	0.0050999999999999995	0.0	0.0
937	0.0	0.0	0.0	0.0047	0.0	0.0
938	0.0	0.0	0.0	0.0043	0.0	0.0
939	0.0	0.0	0.0	0.0039	0.0	0.0
940	0.0	0.0	0.0	0.0035	0.0	0.0
941	0.0	0.0	0.0	0.00314	0.0	0.0
942	0.0	0.0	0.0	0.00278	0.0	0.0
943	0.0	0.0	0.0	0.0024200000000000003	0.0	0.0
944	0.0	0.0	0.0	0.00206	0.0	0.0
945	0.0	0.0	0.0	0.0017	0.0	0.0
946	0.0	0.0	0.0	0.0	0.0	0.0
947	0.0	0.0	0.0	0.0	0.0	0.0
948	0.0	0.0	0.0	0.0	0.0	0.0
949	0.0	0.0	0.0	0.0	0.0	0.0
950	0.0	0.0	0.0	0.0	0.0	0.0
951	0.0	0.0	0.0	0.0	0.0	0.0
952	0.0	0.0	0.0	0.0	0.0	0.0
953	0.0	0.0	0.0	0.0	0.0	0.0
954	0.0	0.0	0.0	0.0	0.0	0.0
955	0.0	0.0	0.0	0.0	0.0	0.0
956	0.0	0.0	0.0	0.0	0.0	0.0
957	0.0	0.0	0.0	0.0	0.0	0.0
958	0.0	0.0	0.0	0.0	0.0	0.0
959	0.0	0.0	0.0	0.0	0.0	0.0
960	0.0	0.0	0.0	0.0	0.0	0.0
961	0.0	0.0	0.0	0.0	0.0	0.0
962	0.0	0.0	0.0	0.0	0.0	0.0
963	0.0	0.0	0.0	0.0	0.0	0.0
964	0.0	0.0	0.0	0.0	0.0	0.0
965	0.0	0.0	0.0	0.0	0.0	0.0
966	0.0	0.0	0.0	0.0	0.0	0.0
967	0.0	0.0	0.0	0.0	0.0	0.0
968	0.0	0.0	0.0	0.0	0.0	0.0
969	0.0	0.0	0.0	0.0	0.0	0.0
970	0.0	0.0	0.0	0.0	0.0	0.0
971	0.0	0.0	0.0	0.0	0.0	0.0
972	0.0	0.0	0.0	0.0	0.0	0.0
973	0.0	0.0	0.0	0.0	0.0	0.0
974	0.0	0.0	0.0	0.0	0.0	0.0
975	0.0	0.0	0.0	0.0	0.0	0.0
976	0.0	0.0	0.0	0.0	0.0	0.0
977	0.0	0.0	0.0	0.0	0.0	0.0
978	0.0	0.0	0.0	0.0	0.0	0.0
979	0.0	0.0	0.0	0.0	0.0	0.0
980	0.0	0.0	0.0	0.0	0.0	0.0
981	0.0	0.0	0.0	0.0	0.0	0.0
982	0.0	0.0	0.0	0.0	0.0	0.0
983	0.0	0.0	0.0	0.0	0.0	0.0
984	0.0	0.0	0.0	0.0	0.0	0.0
985	0.0	0.0	0.0	0.0	0.0	0.0
986	0.0	0.0	0.0	0.0	0.0	0.0
987	0.0	0.0	0.0	0.0	0.0	0.0
988	0.0	0.0	0.0	0.0	0.0	0.0
989	0.0	0.0	0.0	0.0	0.0	0.0
990	0.0	0.0	0.0	0.0	0.0	0.0
991	0.0	0.0	0.0	0.0	0.0	0.0
992	0.0	0.0	0.0	0.0	0.0	0.0
993	0.0	0.0	0.0	0.0	0.0	0.0
994	0.0	0.0	0.0	0.0	0.0	0.0
995	0.0	0.0	0.0	0.0	0.0	0.0
996	0.0	0.0	0.0	0.0	0.0	0.0
997	0.0	0.0	0.0	0.0	0.0	0.0
998	0.0	0.0	0.0	0.0	0.0	0.0
999	0.0	0.0	0.0	0.0	0.0	0.0
1000	0.0	0.0	0.0	0.0	0.0	0.0
1001	0.0	0.0	0.0	0.0	0.0	0.0
1002	0.0	0.0	0.0	0.0	0.0	0.0
1003	0.0	0.0	0.0	0.0	0.0	0.0
1004	0.0	0.0	0.0	0.0	0.0	0.0
1005	0.0	0.0	0.0	0.0	0.0	0.0
1006	0.0	0.0	0.0	0.0	0.0	0.0
1007	0.0	0.0	0.0	0.0	0.0	0.0
1008	0.0	0.0	0.0	0.0	0.0	0.0
1009	0.0	0.0	0.0	0.0	0.0	0.0
1010	0.0	0.0	0.0	0.0	0.0	0.0
1011	0.0	0.0	0.0	0.0	0.0	0.0
1012	0.0	0.0	0.0	0.0	0.0	0.0
1013	0.0	0.0	0.0	0.0	0.0	0.0
1014	0.0	0.0	0.0	0.0	0.0	0.0
1015	0.0	0.0	0.0	0.0	0.0	0.0
1016	0.0	0.0	0.0	0.0	0.0	0.0
1017	0.0	0.0	0.0	0.0	0.0	0.0
1018	0.0	0.0	0.0	0.0	0.0	0.0
1019	0.0	0.0	0.0	0.0	0.0	0.0
1020	0.0	0.0	0.0	0.0	0.0	0.0
1021	0.0	0.0	0.0	0.0	0.0	0.0
1022	0.0	0.0	0.0	0.0	0.0	0.0
1023	0.0	0.0	0.0	0.0	0.0	0.0
1024	0.0	0.0	0.0	0.0	0.0	0.0
1025	0.0	0.0	0.0	0.0	0.0	0.0
1026	0.0	0.0	0.0	0.0	0.0	0.0
1027	0.0	0.0	0.0	0.0	0.0	0.0
1028	0.0	0.0	0.0	0.0	0.0	0.0
1029	0.0	0.0	0.0	0.0	0.0	0.0
1030	0.0	0.0	0.0	0.0	0.0	0.0
1031	0.0	0.0	0.0	0.0	0.0	0.0
1032	0.0	0.0	0.0	0.0	0.0	0.0
1033	0.0	0.0	0.0	0.0	0.0	0.0
1034	0.0	0.0	0.0	0.0	0.0	0.0
1035	0.0	0.0	0.0	0.0	0.0	0.0
1036	0.0	0.0	0.0	0.0	0.0	0.0
1037	0.0	0.0	0.0	0.0	0.0	0.0
1038	0.0	0.0	0.0	0.0	0.0	0.0
1039	0.0	0.0	0.0	0.0	0.0	0.0
1040	0.0	0.0	0.0	0.0	0.0	0.0
1041	0.0	0.0	0.0	0.0	0.0	0.0
1042	0.0	0.0	0.0	0.0	0.0	0.0
1043	0.0	0.0	0.0	0.0	0.0	0.0
1044	0.0	0.0	0.0	0.0	0.0	0.0
1045	0.0	0.0	0.0	0.0	0.0	0.0
1046	0.0	0.0	0.0	0.0	0.0	0.0
1047	0.0	0.0	0.0	0.0	0.0	0.0
1048	0.0	0.0	0.0	0.0	0.0	0.0
1049	0.0	0.0	0.0	0.0	0.0	0.0
1050	0.0	0.0	0.0	0.0	0.0	0.0
1051	0.0	0.0	0.0	0.0	0.0	0.0
1052	0.0	0.0	0.0	0.0	0.0	0.0
1053	0.0	0.0	0.0	0.0	0.0	0.0
1054	0.0	0.0	0.0	0.0	0.0	0.0
1055	0.0	0.0	0.0	0.0	0.0	0.0
1056	0.0	0.0	0.0	0.0	0.0	0.0
1057	0.0	0.0	0.0	0.0	0.0	0.0
1058	0.0	0.0	0.0	0.0	0.0	0.0
1059	0.0	0.0	0.0	0.0	0.0	0.0
1060	0.0	0.0	0.0	0.0	0.0	0.0
1061	0.0	0.0	0.0	0.0	0.0	0.0
1062	0.0	0.0	0.0	0.0	0.0	0.0
1063	0.0	0.0	0.0	0.0	0.0	0.0
1064	0.0	0.0	0.0	0.0	0.0	0.0
1065	0.0	0.0	0.0	0.0	0.0	0.0
1066	0.0	0.0	0.0	0.0	0.0	0.0
1067	0.0	0.0	0.0	0.0	0.0	0.0
1068	0.0	0.0	0.0	0.0	0.0	0.0
1069	0.0	0.0	0.0	0.0	0.0	0.0
1070	0.0	0.0	0.0	0.0	0.0	0.0
1071	0.0	0.0	0.0	0.0	0.0	0.0
1072	0.0	0.0	0.0	0.0	0.0	0.0
1073	0.0	0.0	0.0	0.0	0.0	0.0
1074	0.0	0.0	0.0	0.0	0.0	0.0
1075	0.0	0.0	0.0	0.0	0.0	0.0
1076	0.0	0.0	0.0	0.0	0.0	0.0
1077	0.0	0.0	0.0	0.0	0.0	0.0
1078	0.0	0.0	0.0	0.0	0.0	0.0
1079	0.0	0.0	0.0	0.0	0.0	0.0
1080	0.0	0.0	0.0	0.0	0.0	0.0
1081	0.0	0.0	0.0	0.0	0.0	0.0
1082	0.0	0.0	0.0	0.0	0.0	0.0
1083	0.0	0.0	0.0	0.0	0.0	0.0
1084	0.0	0.0	0.0	0.0	0.0	0.0
1085	0.0	0.0	0.0	0.0	0.0	0.0
1086	0.0	0.0	0.0	0.0	0.0	0.0
1087	0.0	0.0	0.0	0.0	0.0	0.0
1088	0.0	0.0	0.0	0.0	0.0	0.0
1089	0.0	0.0	0.0	0.0	0.0	0.0
1090	0.0	0.0	0.0	0.0	0.0	0.0
1091	0.0	0.0	0.0	0.0	0.0	0.0
1092	0.0	0.0	0.0	0.0	0.0	0.0
1093	0.0	0.0	0.0	0.0	0.0	0.0
1094	0.0	0.0	0.0	0.0	0.0	0.0
1095	0.0	0.0	0.0	0.0	0.0	0.0
1096	0.0	0.0	0.0	0.0	0.0	0.0
1097	0.0	0.0	0.0	0.0	0.0	0.0
1098	0.0	0.0	0.0	0.0	0.0	0.0
1099	0.0	0.0	0.0	0.0	0.0	0.0
1100	0.0	0.0	0.0	0.0	0.0	0.0
1101	0.0	0.0	0.0	0.0	0.0	0.0
1102	0.0	0.0	0.0	0.0	0.0	0.0
1103	0.0	0.0	0.0	0.0	0.0	0.0
1104	0.0	0.0	0.0	0.0	0.0	0.0
1105	0.0	0.0	0.0	0.0	0.0	0.0
1106	0.0	0.0	0.0	0.0	0.0	0.0
1107	0.0	0.0	0.0	0.0	0.0	0.0
1108	0.0	0.0	0.0	0.0	0.0	0.0
1109	0.0	0.0	0.0	0.0	0.0	0.0
1110	0.0	0.0	0.0	0.0	0.0	0.0
1111	0.0	0.0	0.0	0.0	0.0	0.0
1112	0.0	0.0	0.0	0.0	0.0	0.0
1113	0.0	0.0	0.0	0.0	0.0	0.0
1114	0.0	0.0	0.0	0.0	0.0	0.0
1115	0.0	0.0	0.0	0.0	0.0	0.0
1116	0.0	0.0	0.0	0.0	0.0	0.0
1117	0.0	0.0	0.0	0.0	0.0	0.0
1118	0.0	0.0	0.0	0.0	0.0	0.0
1119	0.0	0.0	0.0	0.0	0.0	0.0
1120	0.0	0.0	0.0	0.0	0.0	0.0
1121	0.0	0.0	0.0	0.0	0.0	0.0
1122	0.0	0.0	0.0	0.0	0.0	0.0
1123	0.0	0.0	0.0	0.0	0.0	0.0
1124	0.0	0.0	0.0	0.0	0.0	0.0
1125	0.0	0.0	0.0	0.0	0.0	0.0
1126	0.0	0.0	0.0	0.0	0.0	0.0
1127	0.0	0.0	0.0	0.0	0.0	0.0
1128	0.0	0.0	0.0	0.0	0.0	0.0
1129	0.0	0.0	0.0	0.0	0.0	0.0
1130	0.0	0.0	0.0	0.0	0.0	0.0
1131	0.0	0.0	0.0	0.0	0.0	0.0
1132	0.0	0.0	0.0	0.0	0.0	0.0
1133	0.0	0.0	0.0	0.0	0.0	0.0
1134	0.0	0.0	0.0	0.0	0.0	0.0
1135	0.0	0.0	0.0	0.0	0.0	0.0
1136	0.0	0.0	0.0	0.0	0.0	0.0
1137	0.0	0.0	0.0	0.0	0.0	0.0
1138	0.0	0.0	0.0	0.0	0.0	0.0
1139	0.0	0.0	0.0	0.0	0.0	0.0
1140	0.0	0.0	0.0	0.0	0.0	0.0
1141	0.0	0.0	0.0	0.0	0.0	0.0
1142	0.0	0.0	0.0	0.0	0.0	0.0
1143	0.0	0.0	0.0	0.0	0.0	0.0
1144	0.0	0.0	0.0	0.0	0.0	0.0
1145	0.0	0.0	0.0	0.0	0.0	0.0
1146	0.0	0.0	0.0	0.0	0.0	0.0
1147	0.0	0.0	0.0	0.0	0.0	0.0
1148	0.0	0.0	0.0	0.0	0.0	0.0
1149	0.0	0.0	0.0	0.0	0.0	0.0
1150	0.0	0.0	0.0	0.0	0.0	0.0
1151	0.0	0.0	0.0	0.0	0.0	0.0
1152	0.0	0.0	0.0	0.0	0.0	0.0
1153	0.0	0.0	0.0	0.0	0.0	0.0
1154	0.0	0.0	0.0	0.0	0.0	0.0
1155	0.0	0.0	0.0	0.0	0.0	0.0
1156	0.0	0.0	0.0	0.0	0.0	0.0
1157	0.0	0.0	0.0	0.0	0.0	0.0
1158	0.0	0.0	0.0	0.0	0.0	0.0
1159	0.0	0.0	0.0	0.0	0.0	0.0
1160	0.0	0.0	0.0	0.0	0.0	0.0
1161	0.0	0.0	0.0	0.0	0.0	0.0
1162	0.0	0.0	0.0	0.0	0.0	0.0
1163	0.0	0.0	0.0	0.0	0.0	0.0
1164	0.0	0.0	0.0	0.0	0.0	0.0
1165	0.0	0.0	0.0	0.0	0.0	0.0
1166	0.0	0.0	0.0	0.0	0.0	0.0
1167	0.0	0.0	0.0	0.0	0.0	0.0
1168	0.0	0.0	0.0	0.0	0.0	0.0
1169	0.0	0.0	0.0	0.0	0.0	0.0
1170	0.0	0.0	0.0	0.0	0.0	0.0
1171	0.0	0.0	0.0	0.0	0.0	0.0
1172	0.0	0.0	0.0	0.0	0.0	0.0
1173	0.0	0.0	0.0	0.0	0.0	0.0
1174	0.0	0.0	0.0	0.0	0.0	0.0
1175	0.0	0.0	0.0	0.0	0.0	0.0
1176	0.0	0.0	0.0	0.0	0.0	0.0
1177	0.0	0.0	0.0	0.0	0.0	0.0
1178	0.0	0.0	0.0	0.0	0.0	0.0
1179	0.0	0.0	0.0	0.0	0.0	0.0
1180	0.0	0.0	0.0	0.0	0.0	0.0
1181	0.0	0.0	0.0	0.0	0.0	0.0
1182	0.0	0.0	0.0	0.0	0.0	0.0
1183	0.0	0.0	0.0	0.0	0.0	0.0
1184	0.0	0.0	0.0	0.0	0.0	0.0
1185	0.0	0.0	0.0	0.0	0.0	0.0
1186	0.0	0.0	0.0	0.0	0.0	0.0
1187	0.0	0.0	0.0	0.0	0.0	0.0
1188	0.0	0.0	0.0	0.0	0.0	0.0
1189	0.0	0.0	0.0	0.0	0.0	0.0
1190	0.0	0.0	0.0	0.0	0.0	0.0
1191	0.0	0.0	0.0	0.0	0.0	0.0
1192	0.0	0.0	0.0	0.0	0.0	0.0
1193	0.0	0.0	0.0	0.0	0.0	0.0
1194	0.0	0.0	0.0	0.0	0.0	0.0
1195	0.0	0.0	0.0	0.0	0.0	0.0
1196	0.0	0.0	0.0	0.0	0.0	0.0
1197	0.0	0.0	0.0	0.0	0.0	0.0
1198	0.0	0.0	0.0	0.0	0.0	0.0
1199	0.0	0.0	0.0	0.0	0.0	0.0
1200	0.0	0.0	0.0	0.0	0.0	0.0
1201	0.0	0.0	0.0	0.0	0.0	0.0
1202	0.0	0.0	0.0	0.0	0.0	0.0
1203	0.0	0.0	0.0	0.0	0.0	0.0
1204	0.0	0.0	0.0	0.0	0.0	0.0
1205	0.0	0.0	0.0	0.0	0.0	0.0
1206	0.0	0.0	0.0	0.0	0.0	0.0
1207	0.0	0.0	0.0	0.0	0.0	0.0
1208	0.0	0.0	0.0	0.0	0.0	0.0
1209	0.0	0.0	0.0	0.0	0.0	0.0
1210	0.0	0.0	0.0	0.0	0.0	0.0
1211	0.0	0.0	0.0	0.0	0.0	0.0
1212	0.0	0.0	0.0	0.0	0.0	0.0
1213	0.0	0.0	0.0	0.0	0.0	0.0
1214	0.0	0.0	0.0	0.0	0.0	0.0
1215	0.0	0.0	0.0	0.0	0.0	0.0
1216	0.0	0.0	0.0	0.0	0.0	0.0
1217	0.0	0.0	0.0	0.0	0.0	0.0
1218	0.0	0.0	0.0	0.0	0.0	0.0
1219	0.0	0.0	0.0	0.0	0.0	0.0
1220	0.0	0.0	0.0	0.0	0.0	0.0
1221	0.0	0.0	0.0	0.0	0.0	0.0
1222	0.0	0.0	0.0	0.0	0.0	0.0
1223	0.0	0.0	0.0	0.0	0.0	0.0
1224	0.0	0.0	0.0	0.0	0.0	0.0
1225	0.0	0.0	0.0	0.0	0.0	0.0
1226	0.0	0.0	0.0	0.0	0.0	0.0
1227	0.0	0.0	0.0	0.0	0.0	0.0
1228	0.0	0.0	0.0	0.0	0.0	0.0
1229	0.0	0.0	0.0	0.0	0.0	0.0
1230	0.0	0.0	0.0	0.0	0.0	0.0
1231	0.0	0.0	0.0	0.0	0.0	0.0
1232	0.0	0.0	0.0	0.0	0.0	0.0
1233	0.0	0.0	0.0	0.0	0.0	0.0
1234	0.0	0.0	0.0	0.0	0.0	0.0
1235	0.0	0.0	0.0	0.0	0.0	0.0
1236	0.0	0.0	0.0	0.0	0.0	0.0
1237	0.0	0.0	0.0	0.0	0.0	0.0
1238	0.0	0.0	0.0	0.0	0.0	0.0
1239	0.0	0.0	0.0	0.0	0.0	0.0
1240	0.0	0.0	0.0	0.0	0.0	0.0
1241	0.0	0.0	0.0	0.0	0.0	0.0
1242	0.0	0.0	0.0	0.0	0.0	0.0
1243	0.0	0.0	0.0	0.0	0.0	0.0
1244	0.0	0.0	0.0	0.0	0.0	0.0
1245	0.0	0.0	0.0	0.0	0.0	0.0
1246	0.0	0.0	0.0	0.0	0.0	0.0
1247	0.0	0.0	0.0	0.0	0.0	0.0
1248	0.0	0.0	0.0	0.0	0.0	0.0
1249	0.0	0.0	0.0	0.0	0.0	0.0
1250	0.0	0.0	0.0	0.0	0.0	0.0
1251	0.0	0.0	0.0	0.0	0.0	0.0
1252	0.0	0.0	0.0	0.0	0.0	0.0
1253	0.0	0.0	0.0	0.0	0.0	0.0
1254	0.0	0.0	0.0	0.0	0.0	0.0
1255	0.0	0.0	0.0	0.0	0.0	0.0
1256	0.0	0.0	0.0	0.0	0.0	0.0
1257	0.0	0.0	0.0	0.0	0.0	0.0
1258	0.0	0.0	0.0	0.0	0.0	0.0
1259	0.0	0.0	0.0	0.0	0.0	0.0
1260	0.0	0.0	0.0	0.0	0.0	0.0
1261	0.0	0.0	0.0	0.0	0.0	0.0
1262	0.0	0.0	0.0	0.0	0.0	0.0
1263	0.0	0.0	0.0	0.0	0.0	0.0
1264	0.0	0.0	0.0	0.0	0.0	0.0
1265	0.0	0.0	0.0	0.0	0.0	0.0
1266	0.0	0.0	0.0	0.0	0.0	0.0
1267	0.0	0.0	0.0	0.0	0.0	0.0
1268	0.0	0.0	0.0	0.0	0.0	0.0
1269	0.0	0.0	0.0	0.0	0.0	0.0
1270	0.0	0.0	0.0	0.0	0.0	0.0
1271	0.0	0.0	0.0	0.0	0.0	0.0
1272	0.0	0.0	0.0	0.0	0.0	0.0
1273	0.0	0.0	0.0	0.0	0.0	0.0
1274	0.0	0.0	0.0	0.0	0.0	0.0
1275	0.0	0.0	0.0	0.0	0.0	0.0
1276	0.0	0.0	0.0	0.0	0.0	0.0
1277	0.0	0.0	0.0	0.0	0.0	0.0
1278	0.0	0.0	0.0	0.0	0.0	0.0
1279	0.0	0.0	0.0	0.0	0.0	0.0
1280	0.0	0.0	0.0	0.0	0.0	0.0
1281	0.0	0.0	0.0	0.0	0.0	0.0
1282	0.0	0.0	0.0	0.0	0.0	0.0
1283	0.0	0.0	0.0	0.0	0.0	0.0
1284	0.0	0.0	0.0	0.0	0.0	0.0
1285	0.0	0.0	0.0	0.0	0.0	0.0
1286	0.0	0.0	0.0	0.0	0.0	0.0
1287	0.0	0.0	0.0	0.0	0.0	0.0
1288	0.0	0.0	0.0	0.0	0.0	0.0
1289	0.0	0.0	0.0	0.0	0.0	0.0
1290	0.0	0.0	0.0	0.0	0.0	0.0
1291	0.0	0.0	0.0	0.0	0.0	0.0
1292	0.0	0.0	0.0	0.0	0.0	0.0
1293	0.0	0.0	0.0	0.0	0.0	0.0
1294	0.0	0.0	0.0	0.0	0.0	0.0
1295	0.0	0.0	0.0	0.0	0.0	0.0
1296	0.0	0.0	0.0	0.0	0.0	0.0
1297	0.0	0.0	0.0	0.0	0.0	0.0
1298	0.0	0.0	0.0	0.0	0.0	0.0
1299	0.0	0.0	0.0	0.0	0.0	0.0
1300	0.0	0.0	0.0	0.0	0.0	0.0
1301	0.0	0.0	0.0	0.0	0.0	0.0
1302	0.0	0.0	0.0	0.0	0.0	0.0
1303	0.0	0.0	0.0	0.0	0.0	0.0
1304	0.0	0.0	0.0	0.0	0.0	0.0
1305	0.0	0.0	0.0	0.0	0.0	0.0
1306	0.0	0.0	0.0	0.0	0.0	0.0
1307	0.0	0.0	0.0	0.0	0.0	0.0
1308	0.0	0.0	0.0	0.0	0.0	0.0
1309	0.0	0.0	0.0	0.0	0.0	0.0
1310	0.0	0.0	0.0	0.0	0.0	0.0
1311	0.0	0.0	0.0	0.0	0.0	0.0
1312	0.0	0.0	0.0	0.0	0.0	0.0
1313	0.0	0.0	0.0	0.0	0.0	0.0
1314	0.0	0.0	0.0	0.0	0.0	0.0
1315	0.0	0.0	0.0	0.0	0.0	0.0
1316	0.0	0.0	0.0	0.0	0.0	0.0
1317	0.0	0.0	0.0	0.0	0.0	0.0
1318	0.0	0.0	0.0	0.0	0.0	0.0
1319	0.0	0.0	0.0	0.0	0.0	0.0
1320	0.0	0.0	0.0	0.0	0.0	0.0
1321	0.0	0.0	0.0	0.0	0.0	0.0
1322	0.0	0.0	0.0	0.0	0.0	0.0
1323	0.0	0.0	0.0	0.0	0.0	0.0
1324	0.0	0.0	0.0	0.0	0.0	0.0
1325	0.0	0.0	0.0	0.0	0.0	0.0
1326	0.0	0.0	0.0	0.0	0.0	0.0
1327	0.0	0.0	0.0	0.0	0.0	0.0
1328	0.0	0.0	0.0	0.0	0.0	0.0
1329	0.0	0.0	0.0	0.0	0.0	0.0
1330	0.0	0.0	0.0	0.0	0.0	0.0
1331	0.0	0.0	0.0	0.0	0.0	0.0
1332	0.0	0.0	0.0	0.0	0.0	0.0
1333	0.0	0.0	0.0	0.0	0.0	0.0
1334	0.0	0.0	0.0	0.0	0.0	0.0
1335	0.0	0.0	0.0	0.0	0.0	0.0
1336	0.0	0.0	0.0	0.0	0.0	0.0
1337	0.0	0.0	0.0	0.0	0.0	0.0
1338	0.0	0.0	0.0	0.0	0.0	0.0
1339	0.0	0.0	0.0	0.0	0.0	0.0
1340	0.0	0.0	0.0	0.0	0.0	0.0
1341	0.0	0.0	0.0	0.0	0.0	0.0
1342	0.0	0.0	0.0	0.0	0.0	0.0
1343	0.0	0.0	0.0	0.0	0.0	0.0
1344	0.0	0.0	0.0	0.0	0.0	0.0
1345	0.0	0.0	0.0	0.0	0.0	0.0
1346	0.0	0.0	0.0	0.0	0.0	0.0
1347	0.0	0.0	0.0	0.0	0.0	0.0
1348	0.0	0.0	0.0	0.0	0.0	0.0
1349	0.0	0.0	0.0	0.0	0.0	0.0
1350	0.0	0.0	0.0	0.0	0.0	0.0
1351	0.0	0.0	0.0	0.0	0.0	0.0
1352	0.0	0.0	0.0	0.0	0.0	0.0
1353	0.0	0.0	0.0	0.0	0.0	0.0
1354	0.0	0.0	0.0	0.0	0.0	0.0
1355	0.0	0.0	0.0	0.0	0.0	0.0
1356	0.0	0.0	0.0	0.0	0.0	0.0
1357	0.0	0.0	0.0	0.0	0.0	0.0
1358	0.0	0.0	0.0	0.0	0.0	0.0
1359	0.0	0.0	0.0	0.0	0.0	0.0
1360	0.0	0.0	0.0	0.0	0.0	0.0
1361	0.0	0.0	0.0	0.0	0.0	0.0
1362	0.0	0.0	0.0	0.0	0.0	0.0
1363	0.0	0.0	0.0	0.0	0.0	0.0
1364	0.0	0.0	0.0	0.0	0.0	0.0
1365	0.0	0.0	0.0	0.0	0.0	0.0
1366	0.0	0.0	0.0	0.0	0.0	0.0
1367	0.0	0.0	0.0	0.0	0.0	0.0
1368	0.0	0.0	0.0	0.0	0.0	0.0
1369	0.0	0.0	0.0	0.0	0.0	0.0
1370	0.0	0.0	0.0	0.0	0.0	0.0
1371	0.0	0.0	0.0	0.0	0.0	0.0
1372	0.0	0.0	0.0	0.0	0.0	0.0
1373	0.0	0.0	0.0	0.0	0.0	0.0
1374	0.0	0.0	0.0	0.0	0.0	0.0
1375	0.0	0.0	0.0	0.0	0.0	0.0
1376	0.0	0.0	0.0	0.0	0.0	0.0
1377	0.0	0.0	0.0	0.0	0.0	0.0
1378	0.0	0.0	0.0	0.0	0.0	0.0
1379	0.0	0.0	0.0	0.0	0.0	0.0
1380	0.0	0.0	0.0	0.0	0.0	0.0
1381	0.0	0.0	0.0	0.0	0.0	0.0
1382	0.0	0.0	0.0	0.0	0.0	0.0
1383	0.0	0.0	0.0	0.0	0.0	0.0
1384	0.0	0.0	0.0	0.0	0.0	0.0
1385	0.0	0.0	0.0	0.0	0.0	0.0
1386	0.0	0.0	0.0	0.0	0.0	0.0
1387	0.0	0.0	0.0	0.0	0.0	0.0
1388	0.0	0.0	0.0	0.0	0.0	0.0
1389	0.0	0.0	0.0	0.0	0.0	0.0
1390	0.0	0.0	0.0	0.0	0.0	0.0
1391	0.0	0.0	0.0	0.0	0.0	0.0
1392	0.0	0.0	0.0	0.0	0.0	0.0
1393	0.0	0.0	0.0	0.0	0.0	0.0
1394	0.0	0.0	0.0	0.0	0.0	0.0
1395	0.0	0.0	0.0	0.0	0.0	0.0
1396	0.0	0.0	0.0	0.0	0.0	0.0
1397	0.0	0.0	0.0	0.0	0.0	0.0
1398	0.0	0.0	0.0	0.0	0.0	0.0
1399	0.0	0.0	0.0	0.0	0.0	0.0
1400	0.0	0.0	0.0	0.0	0.0	0.0
1401	0.0	0.0	0.0	0.0	0.0	0.0
1402	0.0	0.0	0.0	0.0	0.0	0.0
1403	0.0	0.0	0.0	0.0	0.0	0.0
1404	0.0	0.0	0.0	0.0	0.0	0.0
1405	0.0	0.0	0.0	0.0	0.0	0.0
1406	0.0	0.0	0.0	0.0	0.0	0.0
1407	0.0	0.0	0.0	0.0	0.0	0.0
1408	0.0	0.0	0.0	0.0	0.0	0.0
1409	0.0	0.0	0.0	0.0	0.0	0.0
1410	0.0	0.0	0.0	0.0	0.0	0.0
1411	0.0	0.0	0.0	0.0	0.0	0.0
1412	0.0	0.0	0.0	0.0	0.0	0.0
1413	0.0	0.0	0.0	0.0	0.0	0.0
1414	0.0	0.0	0.0	0.0	0.0	0.0
1415	0.0	0.0	0.0	0.0	0.0	0.0
1416	0.0	0.0	0.0	0.0	0.0	0.0
1417	0.0	0.0	0.0	0.0	0.0	0.0
1418	0.0	0.0	0.0	0.0	0.0	0.0
1419	0.0	0.0	0.0	0.0	0.0	0.0
1420	0.0	0.0	0.0	0.0	0.0	0.0
1421	0.0	0.0	0.0	0.0	0.0	0.0
1422	0.0	0.0	0.0	0.0	0.0	0.0
1423	0.0	0.0	0.0	0.0	0.0	0.0
1424	0.0	0.0	0.0	0.0	0.0	0.0
1425	0.0	0.0	0.0	0.0	0.0	0.0
1426	0.0	0.0	0.0	0.0	0.0	0.0
1427	0.0	0.0	0.0	0.0	0.0	0.0
1428	0.0	0.0	0.0	0.0	0.0	0.0
1429	0.0	0.0	0.0	0.0	0.0	0.0
1430	0.0	0.0	0.0	0.0	0.0	0.0
1431	0.0	0.0	0.0	0.0	0.0	0.0
1432	0.0	0.0	0.0	0.0	0.0	0.0
1433	0.0	0.0	0.0	0.0	0.0	0.0
1434	0.0	0.0	0.0	0.0	0.0	0.0
1435	0.0	0.0	0.0	0.0	0.0	0.0
1436	0.0	0.0	0.0	0.0	0.0	0.0
1437	0.0	0.0	0.0	0.0	0.0	0.0
1438	0.0	0.0	0.0	0.0	0.0	0.0
1439	0.0	0.0	0.0	0.0	0.0	0.0
1440	0.0	0.0	0.0	0.0	0.0	0.0
1441	0.0	0.0	0.0	0.0	0.0	0.0
1442	0.0	0.0	0.0	0.0	0.0	0.0
1443	0.0	0.0	0.0	0.0	0.0	0.0
1444	0.0	0.0	0.0	0.0	0.0	0.0
1445	0.0	0.0	0.0	0.0	0.0	0.0
1446	0.0	0.0	0.0	0.0	0.0	0.0
1447	0.0	0.0	0.0	0.0	0.0	0.0
1448	0.0	0.0	0.0	0.0	0.0	0.0
1449	0.0	0.0	0.0	0.0	0.0	0.0
1450	0.0	0.0	0.0	0.0	0.0	0.0
1451	0.0	0.0	0.0	0.0	0.0	0.0
1452	0.0	0.0	0.0	0.0	0.0	0.0
1453	0.0	0.0	0.0	0.0	0.0	0.0
1454	0.0	0.0	0.0	0.0	0.0	0.0
1455	0.0	0.0	0.0	0.0	0.0	0.0
1456	0.0	0.0	0.0	0.0	0.0	0.0
1457	0.0	0.0	0.0	0.0	0.0	0.0
1458	0.0	0.0	0.0	0.0	0.0	0.0
1459	0.0	0.0	0.0	0.0	0.0	0.0
1460	0.0	0.0	0.0	0.0	0.0	0.0
1461	0.0	0.0	0.0	0.0	0.0	0.0
1462	0.0	0.0	0.0	0.0	0.0	0.0
1463	0.0	0.0	0.0	0.0	0.0	0.0
1464	0.0	0.0	0.0	0.0	0.0	0.0
1465	0.0	0.0	0.0	0.0	0.0	0.0
1466	0.0	0.0	0.0	0.0	0.0	0.0
1467	0.0	0.0	0.0	0.0	0.0	0.0
1468	0.0	0.0	0.0	0.0	0.0	0.0
1469	0.0	0.0	0.0	0.0	0.0	0.0
1470	0.0	0.0	0.0	0.0	0.0	0.0
1471	0.0	0.0	0.0	0.0	0.0	0.0
1472	0.0	0.0	0.0	0.0	0.0	0.0
1473	0.0	0.0	0.0	0.0	0.0	0.0
1474	0.0	0.0	0.0	0.0	0.0	0.0
1475	0.0	0.0	0.0	0.0	0.0	0.0
1476	0.0	0.0	0.0	0.0	0.0	0.0
1477	0.0	0.0	0.0	0.0	0.0	0.0
1478	0.0	0.0	0.0	0.0	0.0	0.0
1479	0.0	0.0	0.0	0.0	0.0	0.0
1480	0.0	0.0	0.0	0.0	0.0	0.0
1481	0.0	0.0	0.0	0.0	0.0	0.0
1482	0.0	0.0	0.0	0.0	0.0	0.0
1483	0.0	0.0	0.0	0.0	0.0	0.0
1484	0.0	0.0	0.0	0.0	0.0	0.0
1485	0.0	0.0	0.0	0.0	0.0	0.0
1486	0.0	0.0	0.0	0.0	0.0	0.0
1487	0.0	0.0	0.0	0.0	0.0	0.0
1488	0.0	0.0	0.0	0.0	0.0	0.0
1489	0.0	0.0	0.0	0.0	0.0	0.0
1490	0.0	0.0	0.0	0.0	0.0	0.0
1491	0.0	0.0	0.0	0.0	0.0	0.0
1492	0.0	0.0	0.0	0.0	0.0	0.0
1493	0.0	0.0	0.0	0.0	0.0	0.0
1494	0.0	0.0	0.0	0.0	0.0	0.0
1495	0.0	0.0	0.0	0.0	0.0	0.0
1496	0.0	0.0	0.0	0.0	0.0	0.0
1497	0.0	0.0	0.0	0.0	0.0	0.0
1498	0.0	0.0	0.0	0.0	0.0	0.0
1499	0.0	0.0	0.0	0.0	0.0	0.0
1500	0.0	0.0	0.0	0.0	0.0	0.0
1501	0.0	0.0	0.0	0.0	0.0	0.0
1502	0.0	0.0	0.0	0.0	0.0	0.0
1503	0.0	0.0	0.0	0.0	0.0	0.0
1504	0.0	0.0	0.0	0.0	0.0	0.0
1505	0.0	0.0	0.0	0.0	0.0	0.0
1506	0.0	0.0	0.0	0.0	0.0	0.0
1507	0.0	0.0	0.0	0.0	0.0	0.0
1508	0.0	0.0	0.0	0.0	0.0	0.0
1509	0.0	0.0	0.0	0.0	0.0	0.0
1510	0.0	0.0	0.0	0.0	0.0	0.0
1511	0.0	0.0	0.0	0.0	0.0	0.0
1512	0.0	0.0	0.0	0.0	0.0	0.0
1513	0.0	0.0	0.0	0.0	0.0	0.0
1514	0.0	0.0	0.0	0.0	0.0012003601080324095	0.0
1515	0.0	0.0	0.0	0.0	0.0013003901170351103	0.0
1516	0.0	0.0	0.0	0.0	0.001350405121536461	0.0
1517	0.0	0.0	0.0	0.0	0.0014004201260378114	0.0
1518	0.0	0.0	0.0	0.0	0.0015004501350405122	0.0
1519	0.0	0.0	0.0	0.0	0.001600480144043213	0.0
1520	0.0	0.0	0.0	0.0	0.0020006001800540163	0.0
1521	0.0	0.0	0.0	0.0	0.002400720216064819	0.0
1522	0.0	0.0	0.0	0.0	0.0031509452835850756	0.0
1523	0.0	0.0	0.0	0.0	0.0039011703511053313	0.0
1524	0.0	0.0	0.0	0.0	0.004651395418625587	0.0
1525	0.0	0.0	0.0	0.0	0.005401620486145844	0.0
1526	0.0	0.0	0.0	0.0	0.006101830549164749	0.0
1527	0.0	0.0	0.0	0.0	0.0069020706211863556	0.0
1528	0.0	0.0	0.0	0.0	0.007702310693207963	0.0
1529	0.0	0.0	0.0	0.0	0.00850255076522957	0.0
1530	0.0	0.0	0.0	0.0	0.009302790837251175	0.0
1531	0.0	0.0	0.0	0.0	0.010453135940782234	0.0
1532	0.0	0.0	0.0	0.0	0.011603481044313293	0.0
1533	0.0	0.0	0.0	0.0	0.012803841152345702	0.0
1534	0.0	0.0	0.0	0.0	0.014004201260378114	0.0
1535	0.0	0.0	0.0	0.0	0.015254576372911872	0.0
1536	0.0	0.0	0.0	0.0	0.016504951485445635	0.0
1537	0.0	0.0	0.0	0.0	0.017755326597979394	0.0
1538	0.0	0.0	0.0	0.0	0.01900570171051315	0.0
1539	0.0	0.0	0.0	0.0	0.02030609182754826	0.0
1540	0.0	0.0	0.0	0.0	0.021606481944583377	0.0
1541	0.0	0.0	0.0	0.0	0.02835850755226568	0.0
1542	0.0	0.0	0.0	0.0	0.035110533159947985	0.0
1543	0.0	0.0	0.0	0.0	0.04191257377213164	0.0
1544	0.0	0.0	0.0	0.0	0.04881464439331799	0.0
1545	0.0	0.0	0.0	0.0	0.05571671501450435	0.0
1546	0.0	0.0	0.0	0.0	0.06266880064019205	0.0
1547	0.0	0.0	0.0	0.0	0.06962088626587976	0.0
1548	0.0	0.0	0.0	0.0	0.07667300190057016	0.0
1549	0.0	0.0	0.0	0.0	0.08372511753526057	0.0
1550	0.0	0.0	0.0	0.0	0.09707912373712113	0.0
1551	0.0	0.0	0.0	0.0	0.11043312993898169	0.0
1552	0.0	0.0	0.0	0.0	0.1300890267080124	0.0
1553	0.0	0.0	0.0	0.0	0.1497449234770431	0.0
1554	0.0	0.0	0.0	0.0	0.1696008802640792	0.0
1555	0.0	0.0	0.0	0.0	0.18945683705111535	0.0
1556	0.0	0.0	0.0	0.0	0.20951285385615687	0.0
1557	0.0	0.0	0.0	0.0	0.22956887066119835	0.0
1558	0.0	0.0	0.0	0.0	0.24987496248874663	0.0
1559	0.0	0.0	0.0	0.0	0.2701810543162949	0.0
1560	0.0	0.0	0.0	0.0	0.2940882264679404	0.0
1561	0.0	0.0	0.0	0.0	0.31799539861958587	0.0
1562	0.0	0.0	0.0	0.0	0.3456536961088327	0.0
1563	0.0	0.0	0.0	0.0	0.3733119935980794	0.0
1564	0.0	0.0	0.0	0.0	0.40142042612783835	0.0
1565	0.0	0.0	0.0	0.0	0.42952885865759727	0.0
1566	0.0	0.0	0.0	0.0	0.4580874262278683	0.0
1567	0.0	0.0	0.0	0.0	0.4866459937981394	0.0
1568	0.0	0.0	0.0	0.0	0.515704711413424	0.0
1569	0.0	0.0	0.0	0.0	0.5447634290287086	0.0
1570	0.0	0.0	0.0	0.0	0.5719215764729418	0.0
1571	0.0	0.0	0.0	0.0	0.5990797239171751	0.0
1572	0.0	0.0	0.0	0.0	0.6240872261678504	0.0
1573	0.0	0.0	0.0	0.0	0.649444833450035	0.0
1574	0.0	0.0	0.0	0.0	0.6748024407322196	0.0
1575	0.0	0.0	0.0	0.0	0.7005101530459137	0.0
1576	0.0	0.0	0.0	0.0	0.7262178653596079	0.0
1577	0.0	0.0	0.0	0.0	0.7522756827048114	0.0
1578	0.0	0.0	0.0	0.0	0.778333500050015	0.0
1579	0.0	0.0	0.0	0.0	0.8046914074222267	0.0
1580	0.0	0.0	0.0	0.0	0.8310493147944383	0.0
1581	0.0	0.0	0.0	0.0	0.8433029908972691	0.0
1582	0.0	0.0	0.0	0.0	0.8555566670000999	0.0
1583	0.0	0.0	0.0	0.0	0.8679103731119335	0.0
1584	0.0	0.0	0.0	0.0	0.8802640792237671	0.0
1585	0.0	0.0	0.0	0.0	0.8927678303491048	0.0
1586	0.0	0.0	0.0	0.0	0.9052715814744423	0.0
1587	0.0	0.0	0.0	0.0	0.9178253476042814	0.0
1588	0.0	0.0	0.0	0.0	0.9303791137341202	0.0
1589	0.0	0.0	0.0	0.0	0.9430829248774633	0.0
1590	0.0	0.0	0.0	0.0	0.9557867360208062	0.0
1591	0.0	0.0	0.0	0.0	0.9543363008902671	0.0
1592	0.0	0.0	0.0	0.0	0.9528858657597279	0.0
1593	0.0	0.0	0.0	0.0	0.9514354306291887	0.0
1594	0.0	0.0	0.0	0.0	0.9499849954986496	0.0
1595	0.0	0.0	0.0	0.0	0.9484845453636089	0.0
1596	0.0	0.0	0.0	0.0	0.9469840952285685	0.0
1597	0.0	0.0	0.0	0.0	0.9455336600980293	0.0
1598	0.0	0.0	0.0	0.0	0.9440832249674902	0.0
1599	0.0	0.0	0.0	0.0	0.9426327898369511	0.0
1600	0.0	0.0	0.0	0.0	0.9411823547064119	0.0
1601	0.0	0.0	0.0	0.0	0.94148244473342	0.0
1602	0.0	0.0	0.0	0.0	0.9417825347604281	0.0
1603	0.0	0.0	0.0	0.0	0.9420826247874362	0.0
1604	0.0	0.0	0.0	0.0	0.9423827148144444	0.0
1605	0.0	0.0	0.0	0.0	0.9427328198459538	0.0
1606	0.0	0.0	0.0	0.0	0.9430829248774631	0.0
1607	0.0	0.0	0.0	0.0	0.9433830149044714	0.0
1608	0.0	0.0	0.0	0.0	0.9436831049314794	0.0
1609	0.0	0.0	0.0	0.0	0.9439831949584875	0.0
1610	0.0	0.0	0.0	0.0	0.9442832849854955	0.0
1611	0.0	0.0	0.0	0.0	0.9469174085559001	0.0
1612	0.0	0.0	0.0	0.0	0.9495515321263045	0.0
1613	0.0	0.0	0.0	0.0	0.952185655696709	0.0
1614	0.0	0.0	0.0	0.0	0.9548364509352806	0.0
1615	0.0	0.0	0.0	0.0	0.9574872461738522	0.0
1616	0.0	0.0	0.0	0.0	0.9601380414124238	0.0
1617	0.0	0.0	0.0	0.0	0.9627888366509952	0.0
1618	0.0	0.0	0.0	0.0	0.9653896168850655	0.0
1619	0.0	0.0	0.0	0.0	0.9679903971191357	0.0
1620	0.0	0.0	0.0	0.0	0.9700410123036911	0.0
1621	0.0	0.0	0.0	0.0	0.9720916274882464	0.0
1622	0.0	0.0	0.0	0.0	0.9735420626187855	0.0
1623	0.0	0.0	0.0	0.0	0.9749924977493247	0.0
1624	0.0	0.0	0.0	0.0	0.9764929478843652	0.0
1625	0.0	0.0	0.0	0.0	0.9779933980194058	0.0
1626	0.0	0.0	0.0	0.0	0.9794438331499449	0.0
1627	0.0	0.0	0.0	0.0	0.9808942682804841	0.0
1628	0.0	0.0	0.0	0.0	0.9823447034110233	0.0
1629	0.0	0.0	0.0	0.0	0.9837951385415625	0.0
1630	0.0	0.0	0.0	0.0	0.9841452435730719	0.0
1631	0.0	0.0	0.0	0.0	0.9844953486045813	0.0
1632	0.0	0.0	0.0	0.0	0.983745123537061	0.0
1633	0.0	0.0	0.0	0.0	0.9829948984695408	0.0
1634	0.0	0.0	0.0	0.0	0.9822946884065219	0.0
1635	0.0	0.0	0.0	0.0	0.981594478343503	0.0
1636	0.0	0.0	0.0	0.0	0.9808442532759828	0.0
1637	0.0	0.0	0.0	0.0	0.9800940282084625	0.0
1638	0.0	0.0	0.0	0.0	0.9793438031409423	0.0
1639	0.0	0.0	0.0	0.0	0.978593578073422	0.0
1640	0.0	0.0	0.0	0.0	0.9775932779833949	0.0
1641	0.0	0.0	0.0	0.0	0.976592977893368	0.0
1642	0.0	0.0	0.0	0.0	0.9752925877763329	0.0
1643	0.0	0.0	0.0	0.0	0.9739921976592978	0.0
1644	0.0	0.0	0.0	0.0	0.9726918075422626	0.0
1645	0.0	0.0	0.0	0.0	0.9713914174252275	0.0
1646	0.0	0.0	0.0	0.0	0.9701410423126937	0.0
1647	0.0	0.0	0.0	0.0	0.96889066720016	0.0
1648	0.0	0.0	0.0	0.0	0.967590277083125	0.0
1649	0.0	0.0	0.0	0.0	0.9662898869660898	0.0
1650	0.0	0.0	0.0	0.0	0.9663399019705912	0.0
1651	0.0	0.0	0.0	0.0	0.9663899169750925	0.0
1652	0.0	0.0	0.0	0.0	0.9676903070921277	0.0
1653	0.0	0.0	0.0	0.0	0.9689906972091628	0.0
1654	0.0	0.0	0.0	0.0	0.970324430662532	0.0
1655	0.0	0.0	0.0	0.0	0.9716581641159014	0.0
1656	0.0	0.0	0.0	0.0	0.9729918975692707	0.0
1657	0.0	0.0	0.0	0.0	0.9742922876863058	0.0
1658	0.0	0.0	0.0	0.0	0.9755926778033409	0.0
1659	0.0	0.0	0.0	0.0	0.9769430829248774	0.0
1660	0.0	0.0	0.0	0.0	0.9782934880464139	0.0
1661	0.0	0.0	0.0	0.0	0.9787936380914273	0.0
1662	0.0	0.0	0.0	0.0	0.9792937881364409	0.0
1663	0.0	0.0	0.0	0.0	0.9797939381814544	0.0
1664	0.0	0.0	0.0	0.0	0.9802940882264679	0.0
1665	0.0	0.0	0.0	0.0	0.9807942382714814	0.0
1666	0.0	0.0	0.0	0.0	0.9812943883164948	0.0
1667	0.0	0.0	0.0	0.0	0.9817945383615084	0.0
1668	0.0	0.0	0.0	0.0	0.9822946884065219	0.0
1669	0.0	0.0	0.0	0.0	0.9827948384515354	0.0
1670	0.0	0.0	0.0	0.0	0.983294988496549	0.0
1671	0.0	0.0	0.0	0.0	0.9836450935280583	0.0
1672	0.0	0.0	0.0	0.0	0.9839951985595679	0.0
1673	0.0	0.0	0.0	0.0	0.9843453035910774	0.0
1674	0.0	0.0	0.0	0.0	0.9846954086225868	0.0
1675	0.0	0.0	0.0	0.0	0.9849954986495949	0.0
1676	0.0	0.0	0.0	0.0	0.9852955886766029	0.0
1677	0.0	0.0	0.0	0.0	0.9856456937081124	0.0
1678	0.0	0.0	0.0	0.0	0.9859957987396218	0.0
1679	0.0	0.0	0.0	0.0	0.9863459037711314	0.0
1680	0.0	0.0	0.0	0.0	0.9866960088026409	0.0
1681	0.0	0.0	0.0	0.0	0.9856957087126138	0.0
1682	0.0	0.0	0.0	0.0	0.9846954086225868	0.0
1683	0.0	0.0	0.0	0.0	0.9837451235370611	0.0
1684	0.0	0.0	0.0	0.0	0.9827948384515355	0.0
1685	0.0	0.0	0.0	0.0	0.9818278816978427	0.0
1686	0.0	0.0	0.0	0.0	0.9808609249441499	0.0
1687	0.0	0.0	0.0	0.0	0.9798939681904572	0.0
1688	0.0	0.0	0.0	0.0	0.9788936681004301	0.0
1689	0.0	0.0	0.0	0.0	0.9778933680104032	0.0
1690	0.0	0.0	0.0	0.0	0.9782934880464139	0.0
1691	0.0	0.0	0.0	0.0	0.9786936080824248	0.0
1692	0.0	0.0	0.0	0.0	0.9804941482444732	0.0
1693	0.0	0.0	0.0	0.0	0.9822946884065219	0.0
1694	0.0	0.0	0.0	0.0	0.9841452435730719	0.0
1695	0.0	0.0	0.0	0.0	0.9859957987396218	0.0
1696	0.0	0.0	0.0	0.0	0.9877963389016705	0.0
1697	0.0	0.0	0.0	0.0	0.9895968790637191	0.0
1698	0.0	0.0	0.0	0.0	0.9912473742122636	0.0
1699	0.0	0.0	0.0	0.0	0.9928978693608083	0.0
1700	0.0	0.0	0.0	0.0	0.9942482744823447	0.0
1701	0.0	0.0	0.0	0.0	0.995598679603881	0.0
1702	0.0	0.0	0.0	0.0	0.9960988296488946	0.0
1703	0.0	0.0	0.0	0.0	0.9965989796939081	0.0
1704	0.0	0.0	0.0	0.0	0.997149144743423	0.0
1705	0.0	0.0	0.0	0.0	0.9976993097929377	0.0
1706	0.0	0.0	0.0	0.0	0.9982494748424527	0.0
1707	0.0	0.0	0.0	0.0	0.9987996398919676	0.0
1708	0.0	0.0	0.0	0.0	0.9992997899369812	0.0
1709	0.0	0.0	0.0	0.0	0.9997999399819946	0.0
1710	0.0	0.0	0.0	0.0	0.9998999699909973	0.0
1711	0.0	0.0	0.0	0.0	1.0	0.0
1712	0.0	0.0	0.0	0.0	0.999699909972992	0.0
1713	0.0	0.0	0.0	0.0	0.9993998199459837	0.0
1714	0.0	0.0	0.0	0.0	0.9990997299189757	0.0
1715	0.0	0.0	0.0	0.0	0.9987496248874662	0.0
1716	0.0	0.0	0.0	0.0	0.9983995198559568	0.0
1717	0.0	0.0	0.0	0.0	0.9980994298289487	0.0
1718	0.0	0.0	0.0	0.0	0.9977993398019406	0.0
1719	0.0	0.0	0.0	0.0	0.9974492347704311	0.0
1720	0.0	0.0	0.0	0.0	0.9970991297389217	0.0
1721	0.0	0.0	0.0	0.0	0.9947984395318594	0.0
1722	0.0	0.0	0.0	0.0	0.9924977493247974	0.0
1723	0.0	0.0	0.0	0.0	0.9902470741222367	0.0
1724	0.0	0.0	0.0	0.0	0.9879963989196759	0.0
1725	0.0	0.0	0.0	0.0	0.9856957087126138	0.0
1726	0.0	0.0	0.0	0.0	0.9833950185055516	0.0
1727	0.0	0.0	0.0	0.0	0.9810943282984895	0.0
1728	0.0	0.0	0.0	0.0	0.9787936380914274	0.0
1729	0.0	0.0	0.0	0.0	0.9765429628888667	0.0
1730	0.0	0.0	0.0	0.0	0.9742922876863058	0.0
1731	0.0	0.0	0.0	0.0	0.9725917775332599	0.0
1732	0.0	0.0	0.0	0.0	0.970891267380214	0.0
1733	0.0	0.0	0.0	0.0	0.9691407422226668	0.0
1734	0.0	0.0	0.0	0.0	0.9673902170651195	0.0
1735	0.0	0.0	0.0	0.0	0.9656897069120737	0.0
1736	0.0	0.0	0.0	0.0	0.9639891967590277	0.0
1737	0.0	0.0	0.0	0.0	0.9622886866059818	0.0
1738	0.0	0.0	0.0	0.0	0.9605881764529359	0.0
1739	0.0	0.0	0.0	0.0	0.95888766629989	0.0
1740	0.0	0.0	0.0	0.0	0.957187156146844	0.0
1741	0.0	0.0	0.0	0.0	0.956486946083825	0.0
1742	0.0	0.0	0.0	0.0	0.9557867360208062	0.0
1743	0.0	0.0	0.0	0.0	0.9551365409622886	0.0
1744	0.0	0.0	0.0	0.0	0.9544863459037711	0.0
1745	0.0	0.0	0.0	0.0	0.9538528225134206	0.0
1746	0.0	0.0	0.0	0.0	0.9532192991230704	0.0
1747	0.0	0.0	0.0	0.0	0.9525857757327199	0.0
1748	0.0	0.0	0.0	0.0	0.9518855656697008	0.0
1749	0.0	0.0	0.0	0.0	0.9511853556066819	0.0
1750	0.0	0.0	0.0	0.0	0.9509852955886766	0.0
1751	0.0	0.0	0.0	0.0	0.9507852355706712	0.0
1752	0.0	0.0	0.0	0.0	0.9509352805841752	0.0
1753	0.0	0.0	0.0	0.0	0.9510853255976792	0.0
1754	0.0	0.0	0.0	0.0	0.9512853856156848	0.0
1755	0.0	0.0	0.0	0.0	0.9514854456336901	0.0
1756	0.0	0.0	0.0	0.0	0.9516855056516955	0.0
1757	0.0	0.0	0.0	0.0	0.9518855656697008	0.0
1758	0.0	0.0	0.0	0.0	0.952035610683205	0.0
1759	0.0	0.0	0.0	0.0	0.952185655696709	0.0
1760	0.0	0.0	0.0	0.0	0.9492347704311292	0.0
1761	0.0	0.0	0.0	0.0	0.9462838851655496	0.0
1762	0.0	0.0	0.0	0.0	0.9402320696208862	0.0
1763	0.0	0.0	0.0	0.0	0.9341802540762227	0.0
1764	0.0	0.0	0.0	0.0	0.9281784535360608	0.0
1765	0.0	0.0	0.0	0.0	0.9221766529958988	0.0
1766	0.0	0.0	0.0	0.0	0.9161248374512354	0.0
1767	0.0	0.0	0.0	0.0	0.910073021906572	0.0
1768	0.0	0.0	0.0	0.0	0.9009202760828248	0.0
1769	0.0	0.0	0.0	0.0	0.8917675302590776	0.0
1770	0.0	0.0	0.0	0.0	0.8785635690707212	0.0
1771	0.0	0.0	0.0	0.0	0.8653596078823647	0.0
1772	0.0	0.0	0.0	0.0	0.839001700510153	0.0
1773	0.0	0.0	0.0	0.0	0.8126437931379413	0.0
1774	0.0	0.0	0.0	0.0	0.7862858857657297	0.0
1775	0.0	0.0	0.0	0.0	0.7599279783935181	0.0
1776	0.0	0.0	0.0	0.0	0.733520056016805	0.0
1777	0.0	0.0	0.0	0.0	0.707112133640092	0.0
1778	0.0	0.0	0.0	0.0	0.6807542262678803	0.0
1779	0.0	0.0	0.0	0.0	0.6543963188956686	0.0
1780	0.0	0.0	0.0	0.0	0.6256877063118935	0.0
1781	0.0	0.0	0.0	0.0	0.5969790937281184	0.0
1782	0.0	0.0	0.0	0.0	0.5660698209462839	0.0
1783	0.0	0.0	0.0	0.0	0.5351605481644494	0.0
1784	0.0	0.0	0.0	0.0	0.5042512753826147	0.0
1785	0.0	0.0	0.0	0.0	0.47334200260078024	0.0
1786	0.0	0.0	0.0	0.0	0.4424327298189457	0.0
1787	0.0	0.0	0.0	0.0	0.41152345703711113	0.0
1788	0.0	0.0	0.0	0.0	0.3806641992597779	0.0
1789	0.0	0.0	0.0	0.0	0.34980494148244473	0.0
1790	0.0	0.0	0.0	0.0	0.3262478743623087	0.0
1791	0.0	0.0	0.0	0.0	0.3026908072421726	0.0
1792	0.0	0.0	0.0	0.0	0.2862858857657297	0.0
1793	0.0	0.0	0.0	0.0	0.26988096428928676	0.0
1794	0.0	0.0	0.0	0.0	0.25342602780834245	0.0
1795	0.0	0.0	0.0	0.0	0.23697109132739821	0.0
1796	0.0	0.0	0.0	0.0	0.2205161548464539	0.0
1797	0.0	0.0	0.0	0.0	0.20406121836550964	0.0
1798	0.0	0.0	0.0	0.0	0.18755626688006402	0.0
1799	0.0	0.0	0.0	0.0	0.1710513153946184	0.0
1800	0.0	0.0	0.0	0.0	0.1586475942782835	0.0
1801	0.0	0.0	0.0	0.0	0.1462438731619486	0.0
1802	0.0	0.0	0.0	0.0	0.13784135240572168	0.0
1803	0.0	0.0	0.0	0.0	0.12943883164949482	0.0
1804	0.0	0.0	0.0	0.0	0.12108632589776931	0.0
1805	0.0	0.0	0.0	0.0	0.1127338201460438	0.0
1806	0.0	0.0	0.0	0.0	0.10438131439431829	0.0
1807	0.0	0.0	0.0	0.0	0.09602880864259278	0.0
1808	0.0	0.0	0.0	0.0	0.08772631789536861	0.0
1809	0.0	0.0	0.0	0.0	0.07942382714814444	0.0
1810	0.0	0.0	0.0	0.0	0.07392217665299589	0.0
1811	0.0	0.0	0.0	0.0	0.06842052615784736	0.0
1812	0.0	0.0	0.0	0.0	0.06566970091027308	0.0
1813	0.0	0.0	0.0	0.0	0.06291887566269881	0.0
1814	0.0	0.0	0.0	0.0	0.06016805041512453	0.0
1815	0.0	0.0	0.0	0.0	0.05741722516755026	0.0
1816	0.0	0.0	0.0	0.0	0.0551965589676903	0.0
1817	0.0	0.0	0.0	0.0	0.052975892767830345	0.0
1818	0.0	0.0	0.0	0.0	0.050755226567970387	0.0
1819	0.0	0.0	0.0	0.0	0.048534560368110435	0.0
1820	0.0	0.0	0.0	0.0	0.04631389416825048	0.0
1821	0.0	0.0	0.0	0.0	0.04357307192157647	0.0
1822	0.0	0.0	0.0	0.0	0.04083224967490247	0.0
1823	0.0	0.0	0.0	0.0	0.03809142742822847	0.0
1824	0.0	0.0	0.0	0.0	0.03535060518155446	0.0
1825	0.0	0.0	0.0	0.0	0.03260978293488046	0.0
1826	0.0	0.0	0.0	0.0	0.030429128738621584	0.0
1827	0.0	0.0	0.0	0.0	0.028248474542362706	0.0
1828	0.0	0.0	0.0	0.0	0.02606782034610383	0.0
1829	0.0	0.0	0.0	0.0	0.02388716614984495	0.0
1830	0.0	0.0	0.0	0.0	0.021706511953586076	0.0
1831	0.0	0.0	0.0	0.0	0.02082624787436231	0.0
1832	0.0	0.0	0.0	0.0	0.01994598379513854	0.0
1833	0.0	0.0	0.0	0.0	0.019065719715914774	0.0
1834	0.0	0.0	0.0	0.0	0.01818545563669101	0.0
1835	0.0	0.0	0.0	0.0	0.01730519155746724	0.0
1836	0.0	0.0	0.0	0.0	0.01642492747824347	0.0
1837	0.0	0.0	0.0	0.0	0.015544663399019705	0.0
1838	0.0	0.0	0.0	0.0	0.014664399319795938	0.0
1839	0.0	0.0	0.0	0.0	0.013784135240572171	0.0
1840	0.0	0.0	0.0	0.0	0.012903871161348404	0.0
1841	0.0	0.0	0.0	0.0	0.01247374212263679	0.0
1842	0.0	0.0	0.0	0.0	0.012043613083925177	0.0
1843	0.0	0.0	0.0	0.0	0.011613484045213564	0.0
1844	0.0	0.0	0.0	0.0	0.01118335500650195	0.0
1845	0.0	0.0	0.0	0.0	0.010753225967790336	0.0
1846	0.0	0.0	0.0	0.0	0.010323096929078722	0.0
1847	0.0	0.0	0.0	0.0	0.009892967890367109	0.0
1848	0.0	0.0	0.0	0.0	0.009462838851655496	0.0
1849	0.0	0.0	0.0	0.0	0.009032709812943882	0.0
1850	0.0	0.0	0.0	0.0	0.008602580774232269	0.0
1851	0.0	0.0	0.0	0.0	0.008172451735520656	0.0
1852	0.0	0.0	0.0	0.0	0.007742322696809043	0.0
1853	0.0	0.0	0.0	0.0	0.00731219365809743	0.0
1854	0.0	0.0	0.0	0.0	0.0068820646193858154	0.0
1855	0.0	0.0	0.0	0.0	0.006451935580674202	0.0
1856	0.0	0.0	0.0	0.0	0.006021806541962589	0.0
1857	0.0	0.0	0.0	0.0	0.0055916775032509745	0.0
1858	0.0	0.0	0.0	0.0	0.005161548464539361	0.0
1859	0.0	0.0	0.0	0.0	0.004731419425827748	0.0
1860	0.0	0.0	0.0	0.0	0.0043012903871161344	0.0
1861	0.0	0.0	0.0	0.0	0.004191257377213164	0.0
1862	0.0	0.0	0.0	0.0	0.004081224367310193	0.0
1863	0.0	0.0	0.0	0.0	0.003971191357407222	0.0
1864	0.0	0.0	0.0	0.0	0.0038611583475042515	0.0
1865	0.0	0.0	0.0	0.0	0.00375112533760128	0.0
1866	0.0	0.0	0.0	0.0	0.0036410923276983093	0.0
1867	0.0	0.0	0.0	0.0	0.0035310593177953387	0.0
1868	0.0	0.0	0.0	0.0	0.003421026307892368	0.0
1869	0.0	0.0	0.0	0.0	0.0033109932979893965	0.0
1870	0.0	0.0	0.0	0.0	0.003200960288086426	0.0
1871	0.0	0.0	0.0	0.0	0.0030909272781834553	0.0
1872	0.0	0.0	0.0	0.0	0.002980894268280484	0.0
1873	0.0	0.0	0.0	0.0	0.002870861258377513	0.0
1874	0.0	0.0	0.0	0.0	0.002760828248474542	0.0
1875	0.0	0.0	0.0	0.0	0.0026507952385715714	0.0
1876	0.0	0.0	0.0	0.0	0.0025407622286686003	0.0
1877	0.0	0.0	0.0	0.0	0.0024307292187656293	0.0
1878	0.0	0.0	0.0	0.0	0.0023206962088626586	0.0
1879	0.0	0.0	0.0	0.0	0.002210663198959688	0.0
1880	0.0	0.0	0.0	0.0	0.002100630189056717	0.0
1881	0.0	0.0	0.0	0.0	0.0	0.0
1882	0.0	0.0	0.0	0.0	0.0	0.0
1883	0.0	0.0	0.0	0.0	0.0	0.0
1884	0.0	0.0	0.0	0.0	0.0	0.0
1885	0.0	0.0	0.0	0.0	0.0	0.0
1886	0.0	0.0	0.0	0.0	0.0	0.0
1887	0.0	0.0	0.0	0.0	0.0	0.0
1888	0.0	0.0	0.0	0.0	0.0	0.0
1889	0.0	0.0	0.0	0.0	0.0	0.0
1890	0.0	0.0	0.0	0.0	0.0	0.0
1891	0.0	0.0	0.0	0.0	0.0	0.0
1892	0.0	0.0	0.0	0.0	0.0	0.0
1893	0.0	0.0	0.0	0.0	0.0	0.0
1894	0.0	0.0	0.0	0.0	0.0	0.0
1895	0.0	0.0	0.0	0.0	0.0	0.0
1896	0.0	0.0	0.0	0.0	0.0	0.0
1897	0.0	0.0	0.0	0.0	0.0	0.0
1898	0.0	0.0	0.0	0.0	0.0	0.0
1899	0.0	0.0	0.0	0.0	0.0	0.0
1900	0.0	0.0	0.0	0.0	0.0	0.0
1901	0.0	0.0	0.0	0.0	0.0	0.0
1902	0.0	0.0	0.0	0.0	0.0	0.0
1903	0.0	0.0	0.0	0.0	0.0	0.0
1904	0.0	0.0	0.0	0.0	0.0	0.0
1905	0.0	0.0	0.0	0.0	0.0	0.0
1906	0.0	0.0	0.0	0.0	0.0	0.0
1907	0.0	0.0	0.0	0.0	0.0	0.0
1908	0.0	0.0	0.0	0.0	0.0	0.0
1909	0.0	0.0	0.0	0.0	0.0	0.0
1910	0.0	0.0	0.0	0.0	0.0	0.0
1911	0.0	0.0	0.0	0.0	0.0	0.0
1912	0.0	0.0	0.0	0.0	0.0	0.0
1913	0.0	0.0	0.0	0.0	0.0	0.0
1914	0.0	0.0	0.0	0.0	0.0	0.0
1915	0.0	0.0	0.0	0.0	0.0	0.0
1916	0.0	0.0	0.0	0.0	0.0	0.0
1917	0.0	0.0	0.0	0.0	0.0	0.0
1918	0.0	0.0	0.0	0.0	0.0	0.0
1919	0.0	0.0	0.0	0.0	0.0	0.0
1920	0.0	0.0	0.0	0.0	0.0	0.0
1921	0.0	0.0	0.0	0.0	0.0	0.0
1922	0.0	0.0	0.0	0.0	0.0	0.0
1923	0.0	0.0	0.0	0.0	0.0	0.0
1924	0.0	0.0	0.0	0.0	0.0	0.0
1925	0.0	0.0	0.0	0.0	0.0	0.0
1926	0.0	0.0	0.0	0.0	0.0	0.0
1927	0.0	0.0	0.0	0.0	0.0	0.0
1928	0.0	0.0	0.0	0.0	0.0	0.0
1929	0.0	0.0	0.0	0.0	0.0	0.0
1930	0.0	0.0	0.0	0.0	0.0	0.0
1931	0.0	0.0	0.0	0.0	0.0	0.0
1932	0.0	0.0	0.0	0.0	0.0	0.0
1933	0.0	0.0	0.0	0.0	0.0	0.0
1934	0.0	0.0	0.0	0.0	0.0	0.0
1935	0.0	0.0	0.0	0.0	0.0	0.0
1936	0.0	0.0	0.0	0.0	0.0	0.0
1937	0.0	0.0	0.0	0.0	0.0	0.0
1938	0.0	0.0	0.0	0.0	0.0	0.0
1939	0.0	0.0	0.0	0.0	0.0	0.0
1940	0.0	0.0	0.0	0.0	0.0	0.0
1941	0.0	0.0	0.0	0.0	0.0	0.0
1942	0.0	0.0	0.0	0.0	0.0	0.0
1943	0.0	0.0	0.0	0.0	0.0	0.0
1944	0.0	0.0	0.0	0.0	0.0	0.0
1945	0.0	0.0	0.0	0.0	0.0	0.0
1946	0.0	0.0	0.0	0.0	0.0	0.0
1947	0.0	0.0	0.0	0.0	0.0	0.0
1948	0.0	0.0	0.0	0.0	0.0	0.0
1949	0.0	0.0	0.0	0.0	0.0	0.0
1950	0.0	0.0	0.0	0.0	0.0	0.0
1951	0.0	0.0	0.0	0.0	0.0	0.0
1952	0.0	0.0	0.0	0.0	0.0	0.0
1953	0.0	0.0	0.0	0.0	0.0	0.0
1954	0.0	0.0	0.0	0.0	0.0	0.0
1955	0.0	0.0	0.0	0.0	0.0	0.0
1956	0.0	0.0	0.0	0.0	0.0	0.0
1957	0.0	0.0	0.0	0.0	0.0	0.0
1958	0.0	0.0	0.0	0.0	0.0	0.0
1959	0.0	0.0	0.0	0.0	0.0	0.0
1960	0.0	0.0	0.0	0.0	0.0	0.0
1961	0.0	0.0	0.0	0.0	0.0	0.0
1962	0.0	0.0	0.0	0.0	0.0	0.0
1963	0.0	0.0	0.0	0.0	0.0	0.0
1964	0.0	0.0	0.0	0.0	0.0	0.0
1965	0.0	0.0	0.0	0.0	0.0	0.0
1966	0.0	0.0	0.0	0.0	0.0	0.0
1967	0.0	0.0	0.0	0.0	0.0	0.0
1968	0.0	0.0	0.0	0.0	0.0	0.0
1969	0.0	0.0	0.0	0.0	0.0	0.0
1970	0.0	0.0	0.0	0.0	0.0	0.0
1971	0.0	0.0	0.0	0.0	0.0	0.0
1972	0.0	0.0	0.0	0.0	0.0	0.0
1973	0.0	0.0	0.0	0.0	0.0	0.0
1974	0.0	0.0	0.0	0.0	0.0	0.0
1975	0.0	0.0	0.0	0.0	0.0	0.0
1976	0.0	0.0	0.0	0.0	0.0	0.0
1977	0.0	0.0	0.0	0.0	0.0	0.0
1978	0.0	0.0	0.0	0.0	0.0	0.0
1979	0.0	0.0	0.0	0.0	0.0	0.0
1980	0.0	0.0	0.0	0.0	0.0	0.0
1981	0.0	0.0	0.0	0.0	0.0	0.0
1982	0.0	0.0	0.0	0.0	0.0	0.0
1983	0.0	0.0	0.0	0.0	0.0	0.0
1984	0.0	0.0	0.0	0.0	0.0	0.0
1985	0.0	0.0	0.0	0.0	0.0	0.0
1986	0.0	0.0	0.0	0.0	0.0	0.0
1987	0.0	0.0	0.0	0.0	0.0	0.0
1988	0.0	0.0	0.0	0.0	0.0	0.0
1989	0.0	0.0	0.0	0.0	0.0	0.0
1990	0.0	0.0	0.0	0.0	0.0	0.0
1991	0.0	0.0	0.0	0.0	0.0	0.0
1992	0.0	0.0	0.0	0.0	0.0	0.0
1993	0.0	0.0	0.0	0.0	0.0	0.0
1994	0.0	0.0	0.0	0.0	0.0	0.0
1995	0.0	0.0	0.0	0.0	0.0	0.0
1996	0.0	0.0	0.0	0.0	0.0	0.0
1997	0.0	0.0	0.0	0.0	0.0	0.0
1998	0.0	0.0	0.0	0.0	0.0	0.0
1999	0.0	0.0	0.0	0.0	0.0	0.0
2000	0.0	0.0	0.0	0.0	0.0	0.009702910873261979
2001	0.0	0.0	0.0	0.0	0.0	0.010203060918275483
2002	0.0	0.0	0.0	0.0	0.0	0.010703210963288988
2003	0.0	0.0	0.0	0.0	0.0	0.01120336100830249
2004	0.0	0.0	0.0	0.0	0.0	0.011653496048814644
2005	0.0	0.0	0.0	0.0	0.0	0.012103631089326798
2006	0.0	0.0	0.0	0.0	0.0	0.012603781134340302
2007	0.0	0.0	0.0	0.0	0.0	0.013103931179353807
2008	0.0	0.0	0.0	0.0	0.0	0.01360408122436731
2009	0.0	0.0	0.0	0.0	0.0	0.014104231269380813
2010	0.0	0.0	0.0	0.0	0.0	0.014604381314394317
2011	0.0	0.0	0.0	0.0	0.0	0.015104531359407822
2012	0.0	0.0	0.0	0.0	0.0	0.015554666399919977
2013	0.0	0.0	0.0	0.0	0.0	0.01600480144043213
2014	0.0	0.0	0.0	0.0	0.0	0.016504951485445635
2015	0.0	0.0	0.0	0.0	0.0	0.01700510153045914
2016	0.0	0.0	0.0	0.0	0.0	0.01750525157547264
2017	0.0	0.0	0.0	0.0	0.0	0.018005401620486142
2018	0.0	0.0	0.0	0.0	0.0	0.018505551665499647
2019	0.0	0.0	0.0	0.0	0.0	0.018955686706011804
2020	0.0	0.0	0.0	0.0	0.0	0.019405821746523957
2021	0.0	0.0	0.0	0.0	0.0	0.02065619685905772
2022	0.0	0.0	0.0	0.0	0.0	0.021906571971591477
2023	0.0	0.0	0.0	0.0	0.0	0.02315694708412524
2024	0.0	0.0	0.0	0.0	0.0	0.024407322196658997
2025	0.0	0.0	0.0	0.0	0.0	0.025657697309192755
2026	0.0	0.0	0.0	0.0	0.0	0.026908072421726516
2027	0.0	0.0	0.0	0.0	0.0	0.028158447534260278
2028	0.0	0.0	0.0	0.0	0.0	0.029408822646794036
2029	0.0	0.0	0.0	0.0	0.0	0.030659197759327794
2030	0.0	0.0	0.0	0.0	0.0	0.03190957287186155
2031	0.0	0.0	0.0	0.0	0.0	0.03315994798439532
2032	0.0	0.0	0.0	0.0	0.0	0.034410323096929075
2033	0.0	0.0	0.0	0.0	0.0	0.03556066820046014
2034	0.0	0.0	0.0	0.0	0.0	0.0367110133039912
2035	0.0	0.0	0.0	0.0	0.0	0.03811143343002901
2036	0.0	0.0	0.0	0.0	0.0	0.03941182354706412
2037	0.0	0.0	0.0	0.0	0.0	0.04071221366409923
2038	0.0	0.0	0.0	0.0	0.0	0.04196258877663299
2039	0.0	0.0	0.0	0.0	0.0	0.043212963889166754
2040	0.0	0.0	0.0	0.0	0.0	0.045213564069220766
2041	0.0	0.0	0.0	0.0	0.0	0.04721416424927478
2042	0.0	0.0	0.0	0.0	0.0	0.04996498949684905
2043	0.0	0.0	0.0	0.0	0.0	0.05271581474442332
2044	0.0	0.0	0.0	0.0	0.0	0.055516654996498944
2045	0.0	0.0	0.0	0.0	0.0	0.05831749524857457
2046	0.0	0.0	0.0	0.0	0.0	0.06106832049614883
2047	0.0	0.0	0.0	0.0	0.0	0.0638191457437231
2048	0.0	0.0	0.0	0.0	0.0	0.06661998599579873
2049	0.0	0.0	0.0	0.0	0.0	0.06942082624787436
2050	0.0	0.0	0.0	0.0	0.0	0.07222166649994999
2051	0.0	0.0	0.0	0.0	0.0	0.0750225067520256
2052	0.0	0.0	0.0	0.0	0.0	0.07782334700410122
2053	0.0	0.0	0.0	0.0	0.0	0.08062418725617686
2054	0.0	0.0	0.0	0.0	0.0	0.08342502750825248
2055	0.0	0.0	0.0	0.0	0.0	0.08627588276482943
2056	0.0	0.0	0.0	0.0	0.0	0.08912673802140642
2057	0.0	0.0	0.0	0.0	0.0	0.09192757827348205
2058	0.0	0.0	0.0	0.0	0.0	0.09472841852555768
2059	0.0	0.0	0.0	0.0	0.0	0.09757927378213463
2060	0.0	0.0	0.0	0.0	0.0	0.10043012903871161
2061	0.0	0.0	0.0	0.0	0.0	0.10703210963288988
2062	0.0	0.0	0.0	0.0	0.0	0.11363409022706812
2063	0.0	0.0	0.0	0.0	0.0	0.12018605581674503
2064	0.0	0.0	0.0	0.0	0.0	0.12673802140642193
2065	0.0	0.0	0.0	0.0	0.0	0.13339001700510156
2066	0.0	0.0	0.0	0.0	0.0	0.14004201260378113
2067	0.0	0.0	0.0	0.0	0.0	0.1466439931979594
2068	0.0	0.0	0.0	0.0	0.0	0.15329598879663897
2069	0.0	0.0	0.0	0.0	0.0	0.15994798439531857
2070	0.0	0.0	0.0	0.0	0.0	0.16659997999399817
2071	0.0	0.0	0.0	0.0	0.0	0.1732519755926778
2072	0.0	0.0	0.0	0.0	0.0	0.1799039711913574
2073	0.0	0.0	0.0	0.0	0.0	0.186555966790037
2074	0.0	0.0	0.0	0.0	0.0	0.1932079623887166
2075	0.0	0.0	0.0	0.0	0.0	0.19985995798739623
2076	0.0	0.0	0.0	0.0	0.0	0.20656196859057718
2077	0.0	0.0	0.0	0.0	0.0	0.2132639791937581
2078	0.0	0.0	0.0	0.0	0.0	0.21996598979693907
2079	0.0	0.0	0.0	0.0	0.0	0.22666800040012003
2080	0.0	0.0	0.0	0.0	0.0	0.2376713013904171
2081	0.0	0.0	0.0	0.0	0.0	0.2486746023807142
2082	0.0	0.0	0.0	0.0	0.0	0.26407922376713017
2083	0.0	0.0	0.0	0.0	0.0	0.279483845153546
2084	0.0	0.0	0.0	0.0	0.0	0.29493848154446334
2085	0.0	0.0	0.0	0.0	0.0	0.3103931179353806
2086	0.0	0.0	0.0	0.0	0.0	0.3258977693307992
2087	0.0	0.0	0.0	0.0	0.0	0.34140242072621785
2088	0.0	0.0	0.0	0.0	0.0	0.35690707212163647
2089	0.0	0.0	0.0	0.0	0.0	0.3724117235170551
2090	0.0	0.0	0.0	0.0	0.0	0.3879163749124737
2091	0.0	0.0	0.0	0.0	0.0	0.40352105631689505
2092	0.0	0.0	0.0	0.0	0.0	0.41912573772131634
2093	0.0	0.0	0.0	0.0	0.0	0.4347304191257377
2094	0.0	0.0	0.0	0.0	0.0	0.450335100530159
2095	0.0	0.0	0.0	0.0	0.0	0.46593978193458035
2096	0.0	0.0	0.0	0.0	0.0	0.4815444633390017
2097	0.0	0.0	0.0	0.0	0.0	0.4972491747524257
2098	0.0	0.0	0.0	0.0	0.0	0.5129538861658497
2099	0.0	0.0	0.0	0.0	0.0	0.5286585975792737
2100	0.0	0.0	0.0	0.0	0.0	0.5443633089926978
2101	0.0	0.0	0.0	0.0	0.0	0.5594678403521056
2102	0.0	0.0	0.0	0.0	0.0	0.5745723717115134
2103	0.0	0.0	0.0	0.0	0.0	0.589776933079924
2104	0.0	0.0	0.0	0.0	0.0	0.6049814944483345
2105	0.0	0.0	0.0	0.0	0.0	0.6202360708212463
2106	0.0	0.0	0.0	0.0	0.0	0.6354906471941582
2107	0.0	0.0	0.0	0.0	0.0	0.6507952385715715
2108	0.0	0.0	0.0	0.0	0.0	0.6660998299489848
2109	0.0	0.0	0.0	0.0	0.0	0.6815044513354006
2110	0.0	0.0	0.0	0.0	0.0	0.6969090727218165
2111	0.0	0.0	0.0	0.0	0.0	0.7123637091127338
2112	0.0	0.0	0.0	0.0	0.0	0.7278183455036511
2113	0.0	0.0	0.0	0.0	0.0	0.7433730119035711
2114	0.0	0.0	0.0	0.0	0.0	0.7589276783034911
2115	0.0	0.0	0.0	0.0	0.0	0.7741322396719016
2116	0.0	0.0	0.0	0.0	0.0	0.7893368010403121
2117	0.0	0.0	0.0	0.0	0.0	0.8058417525257577
2118	0.0	0.0	0.0	0.0	0.0	0.8215464639391816
2119	0.0	0.0	0.0	0.0	0.0	0.8372511753526057
2120	0.0	0.0	0.0	0.0	0.0	0.8476542962888866
2121	0.0	0.0	0.0	0.0	0.0	0.8580574172251675
2122	0.0	0.0	0.0	0.0	0.0	0.8629588876662999
2123	0.0	0.0	0.0	0.0	0.0	0.8678603581074322
2124	0.0	0.0	0.0	0.0	0.0	0.8727618285485645
2125	0.0	0.0	0.0	0.0	0.0	0.8776632989896969
2126	0.0	0.0	0.0	0.0	0.0	0.8826147844353306
2127	0.0	0.0	0.0	0.0	0.0	0.8875662698809642
2128	0.0	0.0	0.0	0.0	0.0	0.8924677403220966
2129	0.0	0.0	0.0	0.0	0.0	0.897369210763229
2130	0.0	0.0	0.0	0.0	0.0	0.9023206962088627
2131	0.0	0.0	0.0	0.0	0.0	0.9072721816544963
2132	0.0	0.0	0.0	0.0	0.0	0.9122736821046314
2133	0.0	0.0	0.0	0.0	0.0	0.9172751825547665
2134	0.0	0.0	0.0	0.0	0.0	0.9222266680004001
2135	0.0	0.0	0.0	0.0	0.0	0.9271781534460337
2136	0.0	0.0	0.0	0.0	0.0	0.9321796538961687
2137	0.0	0.0	0.0	0.0	0.0	0.9371811543463038
2138	0.0	0.0	0.0	0.0	0.0	0.9421826547964388
2139	0.0	0.0	0.0	0.0	0.0	0.947184155246574
2140	0.0	0.0	0.0	0.0	0.0	0.952185655696709
2141	0.0	0.0	0.0	0.0	0.0	0.9521356406922076
2142	0.0	0.0	0.0	0.0	0.0	0.9520856256877063
2143	0.0	0.0	0.0	0.0	0.0	0.952035610683205
2144	0.0	0.0	0.0	0.0	0.0	0.9519855956787036
2145	0.0	0.0	0.0	0.0	0.0	0.9518855656697008
2146	0.0	0.0	0.0	0.0	0.0	0.9517855356606982
2147	0.0	0.0	0.0	0.0	0.0	0.9517355206561968
2148	0.0	0.0	0.0	0.0	0.0	0.9516855056516955
2149	0.0	0.0	0.0	0.0	0.0	0.9515854756426928
2150	0.0	0.0	0.0	0.0	0.0	0.9514854456336901
2151	0.0	0.0	0.0	0.0	0.0	0.9514854456336901
2152	0.0	0.0	0.0	0.0	0.0	0.9513854156246875
2153	0.0	0.0	0.0	0.0	0.0	0.9512853856156847
2154	0.0	0.0	0.0	0.0	0.0	0.9512353706111832
2155	0.0	0.0	0.0	0.0	0.0	0.9511853556066819
2156	0.0	0.0	0.0	0.0	0.0	0.9510853255976792
2157	0.0	0.0	0.0	0.0	0.0	0.9509852955886766
2158	0.0	0.0	0.0	0.0	0.0	0.9508852655796739
2159	0.0	0.0	0.0	0.0	0.0	0.9507852355706712
2160	0.0	0.0	0.0	0.0	0.0	0.9518355506651995
2161	0.0	0.0	0.0	0.0	0.0	0.9528858657597279
2162	0.0	0.0	0.0	0.0	0.0	0.9550865259577873
2163	0.0	0.0	0.0	0.0	0.0	0.9572871861558467
2164	0.0	0.0	0.0	0.0	0.0	0.9594878463539062
2165	0.0	0.0	0.0	0.0	0.0	0.9616885065519656
2166	0.0	0.0	0.0	0.0	0.0	0.963889166750025
2167	0.0	0.0	0.0	0.0	0.0	0.9660898269480844
2168	0.0	0.0	0.0	0.0	0.0	0.9682904871461437
2169	0.0	0.0	0.0	0.0	0.0	0.9704911473442032
2170	0.0	0.0	0.0	0.0	0.0	0.9726918075422627
2171	0.0	0.0	0.0	0.0	0.0	0.9749424827448234
2172	0.0	0.0	0.0	0.0	0.0	0.9771931579473842
2173	0.0	0.0	0.0	0.0	0.0	0.9793938181454436
2174	0.0	0.0	0.0	0.0	0.0	0.981594478343503
2175	0.0	0.0	0.0	0.0	0.0	0.9837951385415625
2176	0.0	0.0	0.0	0.0	0.0	0.9859957987396218
2177	0.0	0.0	0.0	0.0	0.0	0.9882464739421826
2178	0.0	0.0	0.0	0.0	0.0	0.9904971491447434
2179	0.0	0.0	0.0	0.0	0.0	0.9927478243473042
2180	0.0	0.0	0.0	0.0	0.0	0.994998499549865
2181	0.0	0.0	0.0	0.0	0.0	0.9952485745723717
2182	0.0	0.0	0.0	0.0	0.0	0.9954986495948784
2183	0.0	0.0	0.0	0.0	0.0	0.9957987396218866
2184	0.0	0.0	0.0	0.0	0.0	0.9960488146443933
2185	0.0	0.0	0.0	0.0	0.0	0.9962988896669001
2186	0.0	0.0	0.0	0.0	0.0	0.9965989796939081
2187	0.0	0.0	0.0	0.0	0.0	0.9968990697209162
2188	0.0	0.0	0.0	0.0	0.0	0.997149144743423
2189	0.0	0.0	0.0	0.0	0.0	0.9973992197659297
2190	0.0	0.0	0.0	0.0	0.0	0.9976492947884364
2191	0.0	0.0	0.0	0.0	0.0	0.9978993698109433
2192	0.0	0.0	0.0	0.0	0.0	0.9981994598379513
2193	0.0	0.0	0.0	0.0	0.0	0.9984995498649595
2194	0.0	0.0	0.0	0.0	0.0	0.9987496248874662
2195	0.0	0.0	0.0	0.0	0.0	0.998999699909973
2196	0.0	0.0	0.0	0.0	0.0	0.9992497749324797
2197	0.0	0.0	0.0	0.0	0.0	0.9994998499549864
2198	0.0	0.0	0.0	0.0	0.0	0.9997499249774932
2199	0.0	0.0	0.0	0.0	0.0	1.0
2200	0.0	0.0	0.0	0.0	0.0	0.9999499849954987
2201	0.0	0.0	0.0	0.0	0.0	0.9998999699909973
2202	0.0	0.0	0.0	0.0	0.0	0.9994498349504851
2203	0.0	0.0	0.0	0.0	0.0	0.998999699909973
2204	0.0	0.0	0.0	0.0	0.0	0.9985495648694609
2205	0.0	0.0	0.0	0.0	0.0	0.9980994298289487
2206	0.0	0.0	0.0	0.0	0.0	0.9976993097929379
2207	0.0	0.0	0.0	0.0	0.0	0.997299189756927
2208	0.0	0.0	0.0	0.0	0.0	0.9968490547164149
2209	0.0	0.0	0.0	0.0	0.0	0.9963989196759028
2210	0.0	0.0	0.0	0.0	0.0	0.9958987696308893
2211	0.0	0.0	0.0	0.0	0.0	0.9954986495948785
2212	0.0	0.0	0.0	0.0	0.0	0.9950985295588677
2213	0.0	0.0	0.0	0.0	0.0	0.9946483945183555
2214	0.0	0.0	0.0	0.0	0.0	0.9941982594778433
2215	0.0	0.0	0.0	0.0	0.0	0.9937481244373311
2216	0.0	0.0	0.0	0.0	0.0	0.993297989396819
2217	0.0	0.0	0.0	0.0	0.0	0.992847854356307
2218	0.0	0.0	0.0	0.0	0.0	0.9923977193157947
2219	0.0	0.0	0.0	0.0	0.0	0.9919475842752825
2220	0.0	0.0	0.0	0.0	0.0	0.9914974492347703
2221	0.0	0.0	0.0	0.0	0.0	0.9887466239871961
2222	0.0	0.0	0.0	0.0	0.0	0.9859957987396218
2223	0.0	0.0	0.0	0.0	0.0	0.9831949584875462
2224	0.0	0.0	0.0	0.0	0.0	0.9804274615718048
2225	0.0	0.0	0.0	0.0	0.0	0.9776599646560635
2226	0.0	0.0	0.0	0.0	0.0	0.9748924677403221
2227	0.0	0.0	0.0	0.0	0.0	0.9720916274882464
2228	0.0	0.0	0.0	0.0	0.0	0.9693408022406721
2229	0.0	0.0	0.0	0.0	0.0	0.9665899769930979
2230	0.0	0.0	0.0	0.0	0.0	0.9638391517455236
2231	0.0	0.0	0.0	0.0	0.0	0.9610883264979493
2232	0.0	0.0	0.0	0.0	0.0	0.9582874862458737
2233	0.0	0.0	0.0	0.0	0.0	0.9554866459937982
2234	0.0	0.0	0.0	0.0	0.0	0.9527358207462239
2235	0.0	0.0	0.0	0.0	0.0	0.9499849954986496
2236	0.0	0.0	0.0	0.0	0.0	0.9472341702510753
2237	0.0	0.0	0.0	0.0	0.0	0.9444833450035011
2238	0.0	0.0	0.0	0.0	0.0	0.940332099629889
2239	0.0	0.0	0.0	0.0	0.0	0.9361808542562768
2240	0.0	0.0	0.0	0.0	0.0	0.9360808242472741
2241	0.0	0.0	0.0	0.0	0.0	0.9359807942382714
2242	0.0	0.0	0.0	0.0	0.0	0.9357807342202661
2243	0.0	0.0	0.0	0.0	0.0	0.9356306892067621
2244	0.0	0.0	0.0	0.0	0.0	0.9354806441932579
2245	0.0	0.0	0.0	0.0	0.0	0.9352805841752526
2246	0.0	0.0	0.0	0.0	0.0	0.9350805241572471
2247	0.0	0.0	0.0	0.0	0.0	0.934930479143743
2248	0.0	0.0	0.0	0.0	0.0	0.934780434130239
2249	0.0	0.0	0.0	0.0	0.0	0.934630389116735
2250	0.0	0.0	0.0	0.0	0.0	0.934480344103231
2251	0.0	0.0	0.0	0.0	0.0	0.9342802840852255
2252	0.0	0.0	0.0	0.0	0.0	0.9340802240672201
2253	0.0	0.0	0.0	0.0	0.0	0.9339301790537161
2254	0.0	0.0	0.0	0.0	0.0	0.933780134040212
2255	0.0	0.0	0.0	0.0	0.0	0.9335800740222067
2256	0.0	0.0	0.0	0.0	0.0	0.9333800140042012
2257	0.0	0.0	0.0	0.0	0.0	0.9332299689906971
2258	0.0	0.0	0.0	0.0	0.0	0.9330799239771931
2259	0.0	0.0	0.0	0.0	0.0	0.9328798639591878
2260	0.0	0.0	0.0	0.0	0.0	0.9316795038511553
2261	0.0	0.0	0.0	0.0	0.0	0.9304791437431229
2262	0.0	0.0	0.0	0.0	0.0	0.9282784835450634
2263	0.0	0.0	0.0	0.0	0.0	0.9260778233470041
2264	0.0	0.0	0.0	0.0	0.0	0.9238271481444433
2265	0.0	0.0	0.0	0.0	0.0	0.9215764729418825
2266	0.0	0.0	0.0	0.0	0.0	0.9193758127438232
2267	0.0	0.0	0.0	0.0	0.0	0.9171751525457638
2268	0.0	0.0	0.0	0.0	0.0	0.9149744923477043
2269	0.0	0.0	0.0	0.0	0.0	0.9127738321496448
2270	0.0	0.0	0.0	0.0	0.0	0.9105731719515855
2271	0.0	0.0	0.0	0.0	0.0	0.9083725117535261
2272	0.0	0.0	0.0	0.0	0.0	0.9061718515554665
2273	0.0	0.0	0.0	0.0	0.0	0.9039711913574071
2274	0.0	0.0	0.0	0.0	0.0	0.9017705311593477
2275	0.0	0.0	0.0	0.0	0.0	0.8995698709612884
2276	0.0	0.0	0.0	0.0	0.0	0.897369210763229
2277	0.0	0.0	0.0	0.0	0.0	0.8951685505651695
2278	0.0	0.0	0.0	0.0	0.0	0.8929678903671101
2279	0.0	0.0	0.0	0.0	0.0	0.890817245173552
2280	0.0	0.0	0.0	0.0	0.0	0.888666599979994
2281	0.0	0.0	0.0	0.0	0.0	0.8816644993498048
2282	0.0	0.0	0.0	0.0	0.0	0.8746623987196158
2283	0.0	0.0	0.0	0.0	0.0	0.8676102830849254
2284	0.0	0.0	0.0	0.0	0.0	0.860558167450235
2285	0.0	0.0	0.0	0.0	0.0	0.8535060518155446
2286	0.0	0.0	0.0	0.0	0.0	0.8464539361808542
2287	0.0	0.0	0.0	0.0	0.0	0.8394518355506652
2288	0.0	0.0	0.0	0.0	0.0	0.8324497349204761
2289	0.0	0.0	0.0	0.0	0.0	0.8254476342902871
2290	0.0	0.0	0.0	0.0	0.0	0.8184455336600981
2291	0.0	0.0	0.0	0.0	0.0	0.8114934480344104
2292	0.0	0.0	0.0	0.0	0.0	0.8045413624087226
2293	0.0	0.0	0.0	0.0	0.0	0.7975392617785335
2294	0.0	0.0	0.0	0.0	0.0	0.7905871761528458
2295	0.0	0.0	0.0	0.0	0.0	0.7836350905271581
2296	0.0	0.0	0.0	0.0	0.0	0.7766830049014704
2297	0.0	0.0	0.0	0.0	0.0	0.7697309192757826
2298	0.0	0.0	0.0	0.0	0.0	0.7628288486545963
2299	0.0	0.0	0.0	0.0	0.0	0.75592677803341
2300	0.0	0.0	0.0	0.0	0.0	0.7542262678803641
2301	0.0	0.0	0.0	0.0	0.0	0.7525257577273181
2302	0.0	0.0	0.0	0.0	0.0	0.7562768830649195
2303	0.0	0.0	0.0	0.0	0.0	0.7600280084025207
2304	0.0	0.0	0.0	0.0	0.0	0.763779133740122
2305	0.0	0.0	0.0	0.0	0.0	0.7675302590777233
2306	0.0	0.0	0.0	0.0	0.0	0.7712813844153246
2307	0.0	0.0	0.0	0.0	0.0	0.7750325097529259
2308	0.0	0.0	0.0	0.0	0.0	0.7787336200860258
2309	0.0	0.0	0.0	0.0	0.0	0.7824347304191257
2310	0.0	0.0	0.0	0.0	0.0	0.7862358707612284
2311	0.0	0.0	0.0	0.0	0.0	0.7899869960988296
2312	0.0	0.0	0.0	0.0	0.0	0.7937381214364309
2313	0.0	0.0	0.0	0.0	0.0	0.7974392317695307
2314	0.0	0.0	0.0	0.0	0.0	0.8011403421026307
2315	0.0	0.0	0.0	0.0	0.0	0.804891467440232
2316	0.0	0.0	0.0	0.0	0.0	0.8086425927778333
2317	0.0	0.0	0.0	0.0	0.0	0.8123937181154345
2318	0.0	0.0	0.0	0.0	0.0	0.8161448434530358
2319	0.0	0.0	0.0	0.0	0.0	0.8198459537861358
2320	0.0	0.0	0.0	0.0	0.0	0.8235470641192357
2321	0.0	0.0	0.0	0.0	0.0	0.8199959987996398
2322	0.0	0.0	0.0	0.0	0.0	0.816444933480044
2323	0.0	0.0	0.0	0.0	0.0	0.8128438531559468
2324	0.0	0.0	0.0	0.0	0.0	0.8091927578273482
2325	0.0	0.0	0.0	0.0	0.0	0.8055416624987496
2326	0.0	0.0	0.0	0.0	0.0	0.801890567170151
2327	0.0	0.0	0.0	0.0	0.0	0.7982394718415525
2328	0.0	0.0	0.0	0.0	0.0	0.7945883765129539
2329	0.0	0.0	0.0	0.0	0.0	0.7909372811843552
2330	0.0	0.0	0.0	0.0	0.0	0.7872861858557567
2331	0.0	0.0	0.0	0.0	0.0	0.7836350905271581
2332	0.0	0.0	0.0	0.0	0.0	0.7799839951985594
2333	0.0	0.0	0.0	0.0	0.0	0.776332899869961
2334	0.0	0.0	0.0	0.0	0.0	0.7726818045413625
2335	0.0	0.0	0.0	0.0	0.0	0.7690307092127638
2336	0.0	0.0	0.0	0.0	0.0	0.7653796138841652
2337	0.0	0.0	0.0	0.0	0.0	0.7617285185555666
2338	0.0	0.0	0.0	0.0	0.0	0.758077423226968
2339	0.0	0.0	0.0	0.0	0.0	0.7544263278983695
2340	0.0	0.0	0.0	0.0	0.0	0.7507252175652696
2341	0.0	0.0	0.0	0.0	0.0	0.7232169650895268
2342	0.0	0.0	0.0	0.0	0.0	0.6957087126137841
2343	0.0	0.0	0.0	0.0	0.0	0.6679503851155347
2344	0.0	0.0	0.0	0.0	0.0	0.6401920576172851
2345	0.0	0.0	0.0	0.0	0.0	0.6124337301190357
2346	0.0	0.0	0.0	0.0	0.0	0.5846754026207862
2347	0.0	0.0	0.0	0.0	0.0	0.5568170451135341
2348	0.0	0.0	0.0	0.0	0.0	0.528958687606282
2349	0.0	0.0	0.0	0.0	0.0	0.5011503451035311
2350	0.0	0.0	0.0	0.0	0.0	0.47334200260078024
2351	0.0	0.0	0.0	0.0	0.0	0.44548364509352806
2352	0.0	0.0	0.0	0.0	0.0	0.4176252875862759
2353	0.0	0.0	0.0	0.0	0.0	0.3897669300790237
2354	0.0	0.0	0.0	0.0	0.0	0.3619085725717715
2355	0.0	0.0	0.0	0.0	0.0	0.33400020006001796
2356	0.0	0.0	0.0	0.0	0.0	0.3060918275482645
2357	0.0	0.0	0.0	0.0	0.0	0.278183455036511
2358	0.0	0.0	0.0	0.0	0.0	0.2502750825247574
2359	0.0	0.0	0.0	0.0	0.0	0.2223667100130039
2360	0.0	0.0	0.0	0.0	0.0	0.20401120336100828
2361	0.0	0.0	0.0	0.0	0.0	0.1856556967090127
2362	0.0	0.0	0.0	0.0	0.0	0.17745323597079124
2363	0.0	0.0	0.0	0.0	0.0	0.16925077523256976
2364	0.0	0.0	0.0	0.0	0.0	0.1609482844853456
2365	0.0	0.0	0.0	0.0	0.0	0.15264579373812145
2366	0.0	0.0	0.0	0.0	0.0	0.14439331799539862
2367	0.0	0.0	0.0	0.0	0.0	0.1361408422526758
2368	0.0	0.0	0.0	0.0	0.0	0.12783835150545164
2369	0.0	0.0	0.0	0.0	0.0	0.11953586075822746
2370	0.0	0.0	0.0	0.0	0.0	0.11118335500650195
2371	0.0	0.0	0.0	0.0	0.0	0.10283084925477644
2372	0.0	0.0	0.0	0.0	0.0	0.09452835850755226
2373	0.0	0.0	0.0	0.0	0.0	0.08622586776032809
2374	0.0	0.0	0.0	0.0	0.0	0.07782334700410122
2375	0.0	0.0	0.0	0.0	0.0	0.06947084125237571
2376	0.0	0.0	0.0	0.0	0.0	0.0611183355006502
2377	0.0	0.0	0.0	0.0	0.0	0.05271581474442332
2378	0.0	0.0	0.0	0.0	0.0	0.04431329398819646
2379	0.0	0.0	0.0	0.0	0.0	0.03586075822746824
2380	0.0	0.0	0.0	0.0	0.0	0.02740822246674002
2381	0.0	0.0	0.0	0.0	0.0	0.025957787336200862
2382	0.0	0.0	0.0	0.0	0.0	0.0245073522056617
2383	0.0	0.0	0.0	0.0	0.0	0.02315694708412524
2384	0.0	0.0	0.0	0.0	0.0	0.021806541962588775
2385	0.0	0.0	0.0	0.0	0.0	0.020456136841052314
2386	0.0	0.0	0.0	0.0	0.0	0.019105731719515854
2387	0.0	0.0	0.0	0.0	0.0	0.01775532659797939
2388	0.0	0.0	0.0	0.0	0.0	0.01640492147644293
2389	0.0	0.0	0.0	0.0	0.0	0.015054516354906473
2390	0.0	0.0	0.0	0.0	0.0	0.01370411123337001
2391	0.0	0.0	0.0	0.0	0.0	0.01234370311093328
2392	0.0	0.0	0.0	0.0	0.0	0.01098329498849655
2393	0.0	0.0	0.0	0.0	0.0	0.009622886866059818
2394	0.0	0.0	0.0	0.0	0.0	0.008262478743623087
2395	0.0	0.0	0.0	0.0	0.0	0.0069020706211863556
2396	0.0	0.0	0.0	0.0	0.0	0.005521656496949084
2397	0.0	0.0	0.0	0.0	0.0	0.004141242372711813
2398	0.0	0.0	0.0	0.0	0.0	0.0027608282484745425
2399	0.0	0.0	0.0	0.0	0.0	0.0013804141242372712
2400	0.0	0.0	0.0	0.0	0.0	0.0
2401	0.0	0.0	0.0	0.0	0.0	0.0
2402	0.0	0.0	0.0	0.0	0.0	0.0
2403	0.0	0.0	0.0	0.0	0.0	0.0
2404	0.0	0.0	0.0	0.0	0.0	0.0
2405	0.0	0.0	0.0	0.0	0.0	0.0
2406	0.0	0.0	0.0	0.0	0.0	0.0
2407	0.0	0.0	0.0	0.0	0.0	0.0
2408	0.0	0.0	0.0	0.0	0.0	0.0
2409	0.0	0.0	0.0	0.0	0.0	0.0
2410	0.0	0.0	0.0	0.0	0.0	0.0
2411	0.0	0.0	0.0	0.0	0.0	0.0
2412	0.0	0.0	0.0	0.0	0.0	0.0
2413	0.0	0.0	0.0	0.0	0.0	0.0
2414	0.0	0.0	0.0	0.0	0.0	0.0
2415	0.0	0.0	0.0	0.0	0.0	0.0
2416	0.0	0.0	0.0	0.0	0.0	0.0
2417	0.0	0.0	0.0	0.0	0.0	0.0
2418	0.0	0.0	0.0	0.0	0.0	0.0
2419	0.0	0.0	0.0	0.0	0.0	0.0
2420	0.0	0.0	0.0	0.0	0.0	0.0
2421	0.0	0.0	0.0	0.0	0.0	0.0
2422	0.0	0.0	0.0	0.0	0.0	0.0
2423	0.0	0.0	0.0	0.0	0.0	0.0
2424	0.0	0.0	0.0	0.0	0.0	0.0
2425	0.0	0.0	0.0	0.0	0.0	0.0
2426	0.0	0.0	0.0	0.0	0.0	0.0
2427	0.0	0.0	0.0	0.0	0.0	0.0
2428	0.0	0.0	0.0	0.0	0.0	0.0
2429	0.0	0.0	0.0	0.0	0.0	0.0
2430	0.0	0.0	0.0	0.0	0.0	0.0
2431	0.0	0.0	0.0	0.0	0.0	0.0
2432	0.0	0.0	0.0	0.0	0.0	0.0
2433	0.0	0.0	0.0	0.0	0.0	0.0
2434	0.0	0.0	0.0	0.0	0.0	0.0
2435	0.0	0.0	0.0	0.0	0.0	0.0
2436	0.0	0.0	0.0	0.0	0.0	0.0
2437	0.0	0.0	0.0	0.0	0.0	0.0
2438	0.0	0.0	0.0	0.0	0.0	0.0
2439	0.0	0.0	0.0	0.0	0.0	0.0
2440	0.0	0.0	0.0	0.0	0.0	0.0
2441	0.0	0.0	0.0	0.0	0.0	0.0
2442	0.0	0.0	0.0	0.0	0.0	0.0
2443	0.0	0.0	0.0	0.0	0.0	0.0
2444	0.0	0.0	0.0	0.0	0.0	0.0
2445	0.0	0.0	0.0	0.0	0.0	0.0
2446	0.0	0.0	0.0	0.0	0.0	0.0
2447	0.0	0.0	0.0	0.0	0.0	0.0
2448	0.0	0.0	0.0	0.0	0.0	0.0
2449	0.0	0.0	0.0	0.0	0.0	0.0
2450	0.0	0.0	0.0	0.0	0.0	0.0
2451	0.0	0.0	0.0	0.0	0.0	0.0
2452	0.0	0.0	0.0	0.0	0.0	0.0
2453	0.0	0.0	0.0	0.0	0.0	0.0
2454	0.0	0.0	0.0	0.0	0.0	0.0
2455	0.0	0.0	0.0	0.0	0.0	0.0
2456	0.0	0.0	0.0	0.0	0.0	0.0
2457	0.0	0.0	0.0	0.0	0.0	0.0
2458	0.0	0.0	0.0	0.0	0.0	0.0
2459	0.0	0.0	0.0	0.0	0.0	0.0
2460	0.0	0.0	0.0	0.0	0.0	0.0
2461	0.0	0.0	0.0	0.0	0.0	0.0
2462	0.0	0.0	0.0	0.0	0.0	0.0
2463	0.0	0.0	0.0	0.0	0.0	0.0
2464	0.0	0.0	0.0	0.0	0.0	0.0
2465	0.0	0.0	0.0	0.0	0.0	0.0
2466	0.0	0.0	0.0	0.0	0.0	0.0
2467	0.0	0.0	0.0	0.0	0.0	0.0
2468	0.0	0.0	0.0	0.0	0.0	0.0
2469	0.0	0.0	0.0	0.0	0.0	0.0
2470	0.0	0.0	0.0	0.0	0.0	0.0
2471	0.0	0.0	0.0	0.0	0.0	0.0
2472	0.0	0.0	0.0	0.0	0.0	0.0
2473	0.0	0.0	0.0	0.0	0.0	0.0
2474	0.0	0.0	0.0	0.0	0.0	0.0
2475	0.0	0.0	0.0	0.0	0.0	0.0
2476	0.0	0.0	0.0	0.0	0.0	0.0
2477	0.0	0.0	0.0	0.0	0.0	0.0
2478	0.0	0.0	0.0	0.0	0.0	0.0
2479	0.0	0.0	0.0	0.0	0.0	0.0
2480	0.0	0.0	0.0	0.0	0.0	0.0
2481	0.0	0.0	0.0	0.0	0.0	0.0
2482	0.0	0.0	0.0	0.0	0.0	0.0
2483	0.0	0.0	0.0	0.0	0.0	0.0
2484	0.0	0.0	0.0	0.0	0.0	0.0
2485	0.0	0.0	0.0	0.0	0.0	0.0
2486	0.0	0.0	0.0	0.0	0.0	0.0
2487	0.0	0.0	0.0	0.0	0.0	0.0
2488	0.0	0.0	0.0	0.0	0.0	0.0
2489	0.0	0.0	0.0	0.0	0.0	0.0
2490	0.0	0.0	0.0	0.0	0.0	0.0
2491	0.0	0.0	0.0	0.0	0.0	0.0
2492	0.0	0.0	0.0	0.0	0.0	0.0
2493	0.0	0.0	0.0	0.0	0.0	0.0
2494	0.0	0.0	0.0	0.0	0.0	0.0
2495	0.0	0.0	0.0	0.0	0.0	0.0
2496	0.0	0.0	0.0	0.0	0.0	0.0
2497	0.0	0.0	0.0	0.0	0.0	0.0
2498	0.0	0.0	0.0	0.0	0.0	0.0
2499	0.0	0.0	0.0	0.0	0.0	0.0
2500	0.0	0.0	0.0	0.0	0.0	0.0
