SR_WL	B1	B2	B3	B4	B5	B6	B7
400	0	0	0	0	0	0	0
401	0	0	0	0	0	0	0
402	0	0	0	0	0	0	0
403	0	0	0	0	0	0	0
404	0	0	0	0	0	0	0
405	0	0	0	0	0	0	0
406	0	0	0	0	0	0	0
407	0	0	0	0	0	0	0
408	0	0	0	0	0	0	0
409	0	0	0	0	0	0	0
410	0	0	0	0	0	0	0
411	0	0	0	0	0	0	0
412	0	0	0	0	0	0	0
413	0	0	0	0	0	0	0
414	0	0	0	0	0	0	0
415	0	0	0	0	0	0	0
416	0	0	0	0	0	0	0
417	0	0	0	0	0	0	0
418	0	0	0	0	0	0	0
419	0	0	0	0	0	0	0
420	0	0	0	0	0	0	0
421	0	0	0	0	0	0	0
422	0	0	0	0	0	0	0
423	0	0	0	0	0	0	0
424	0	0	0	0	0	0	0
425	0	0	0	0	0	0	0
426	0	0	0	0	0	0	0
427	7.3E-05	0	0	0	0	0	0
428	0.000609	0	0	0	0	0	0
429	0.001628	0	0	0	0	0	0
430	0.003421	0	0	0	0	0	0
431	0.008019	0	0	0	0	0	0
432	0.024767	0	0	0	0	0	0
433	0.085688	0	0	0	0	0	0
434	0.254149	0	0	0	0	0	0
435	0.517821	0	0	0	0	0	0
436	0.765117	1E-05	0	0	0	0	0
437	0.908749	6.1E-05	0	0	0	0	0
438	0.958204	0.000117	0	0	0	0	0
439	0.977393	0.000241	0	0	0	0	0
440	0.98379	0.000349	0	0	0	0	0
441	0.989052	0.000455	0	0	0	0	0
442	0.986713	0.000756	0	0	0	0	0
443	0.993683	0.001197	0	0	0	0	0
444	0.993137	0.00207	0	0	0	0	0
445	1	0.003712	0	0	0	0	0
446	0.996969	0.006869	0	0	0	0	0
447	0.98278	0.013212	0	0	0	0	0
448	0.972692	0.02717	0	0	0	0	0
449	0.905808	0.058606	0	0	0	0	0
450	0.745606	0.130876	0	0	0	0	0
451	0.471329	0.27137	0	0	0	0	0
452	0.226412	0.493542	0	0	0	0	0
453	0.09286	0.723971	0	0	0	0	0
454	0.036603	0.85751	0	0	0	0	0
455	0.014537	0.894222	0	0	0	0	0
456	0.005829	0.903034	0	0	0	0	0
457	0.002414	0.910928	0	0	0	0	0
458	0.000984	0.90988	0	0	0	0	0
459	0.000255	0.899475	0	0	0	0	0
460	0	0.897977	0	0	0	0	0
461	0	0.889667	0	0	0	0	0
462	0	0.883542	0	0	0	0	0
463	0	0.877453	0	0	0	0	0
464	0	0.881011	0	0	0	0	0
465	0	0.874721	0	0	0	0	0
466	0	0.879688	0	0	0	0	0
467	0	0.886569	0	0	0	0	0
468	0	0.891913	0	0	0	0	0
469	0	0.88768	0	0	0	0	0
470	0	0.861157	0	0	0	0	0
471	0	0.848533	0	0	0	0	0
472	0	0.840828	0	0	0	0	0
473	0	0.828339	0	0	0	0	0
474	0	0.844202	0	0	0	0	0
475	0	0.865864	0	0	0	0	0
476	0	0.868497	0	0	0	0	0
477	0	0.890253	0	0	0	0	0
478	0	0.912538	0	0	0	0	0
479	0	0.910385	0	0	0	0	0
480	0	0.918822	0	0	0	0	0
481	0	0.931726	0	0	0	0	0
482	0	0.931813	0	0	0	0	0
483	0	0.954248	0	0	0	0	0
484	0	0.955545	0	0	0	0	0
485	0	0.96242	0	0	0	0	0
486	0	0.956424	0	0	0	0	0
487	0	0.953352	0	0	0	0	0
488	0	0.978564	0	0	0	0	0
489	0	0.989104	0	0	0	0	0
490	0	0.985615	0	0	0	0	0
491	0	0.989469	0	0	0	0	0
492	0	0.982262	0	0	0	0	0
493	0	0.968801	0	0	0	0	0
494	0	0.967332	0	0	0	0	0
495	0	0.976836	0	0	0	0	0
496	0	0.988729	0	0	0	0	0
497	0	0.980826	0	0	0	0	0
498	0	0.967361	0	0	0	0	0
499	0	0.954754	0	0	0	0	0
500	0	0.964132	0	0	0	0	0
501	0	0.966125	0	0	0	0	0
502	0	0.966772	0	0	0	0	0
503	0	0.981834	0	0	0	0	0
504	0	0.98232	0	0	0	0	0
505	0	0.965685	0	0	0	0	0
506	0	0.963135	0	0	0	0	0
507	0	0.972261	0	0	0	0	0
508	0	0.996498	0	0	0	0	0
509	0	1	0	0	0	0	0
510	0	0.9556	0	0	0	0	0
511	0	0.844893	0	0	0	0	0
512	0	0.534592	0	0	0	0	0
513	0	0.190738	1.6E-05	0	0	0	0
514	0	0.048329	0.00011	0	0	0	0
515	0	0.013894	0.000247	0	0	0	0
516	0	0.005328	0.000362	0	0	0	0
517	0	0.002611	0.000648	0	0	0	0
518	0	0.001557	0.000935	0	0	0	0
519	0	0.0011	0.001332	0	0	0	0
520	0	0.000785	0.001816	0	0	0	0
521	0	0.000516	0.002515	0	0	0	0
522	0	0.000321	0.003446	0	0	0	0
523	0	0.000162	0.00488	0	0	0	0
524	0	7.2E-05	0.007024	0	0	0	0
525	0	5.7E-05	0.010441	0	0	0	0
526	0	2.3E-05	0.016247	0	0	0	0
527	0	3.2E-05	0.025513	0	0	0	0
528	0	0	0.041451	0	0	0	0
529	0	0	0.070551	0	0	0	0
530	0	0	0.123444	0	0	0	0
531	0	0	0.21168	0	0	0	0
532	0	0	0.353885	0	0	0	0
533	0	0	0.545856	0	0	0	0
534	0	0	0.741205	0	0	0	0
535	0	0	0.865225	0	0	0	0
536	0	0	0.927396	0	0	0	0
537	0	0	0.954627	0	0	0	0
538	0	0	0.954163	0	0	0	0
539	0	0	0.959215	0	0	0	0
540	0	0	0.961328	0	0	0	0
541	0	0	0.964902	0	0	0	0
542	0	0	0.969873	0	0	0	0
543	0	0	0.952489	0	0	0	0
544	0	0	0.961397	0	0	0	0
545	0	0	0.97827	0	0	0	0
546	0	0	0.977533	0	0	0	0
547	0	0	0.977001	0	0	0	0
548	0	0	0.980884	0	0	0	0
549	0	0	0.990784	0	0	0	0
550	0	0	1	0	0	0	0
551	0	0	0.992264	0	0	0	0
552	0	0	0.982642	0	0	0	0
553	0	0	0.983832	0	0	0	0
554	0	0	0.977765	0	0	0	0
555	0	0	0.965081	0	0	0	0
556	0	0	0.957314	0	0	0	0
557	0	0	0.946245	0	0	0	0
558	0	0	0.947871	0	0	0	0
559	0	0	0.959038	0	0	0	0
560	0	0	0.966534	0	0	0	0
561	0	0	0.977656	0	0	0	0
562	0	0	0.966447	0	0	0	0
563	0	0	0.953399	0	0	0	0
564	0	0	0.958314	0	0	0	0
565	0	0	0.970039	0	0	0	0
566	0	0	0.978607	0	0	0	0
567	0	0	0.983397	0	0	0	0
568	0	0	0.98096	0	0	0	0
569	0	0	0.974522	0	0	0	0
570	0	0	0.967229	0	0	0	0
571	0	0	0.979406	0	0	0	0
572	0	0	0.978208	0	0	0	0
573	0	0	0.975818	0	0	0	0
574	0	0	0.974392	0	0	0	0
575	0	0	0.979973	0	0	0	0
576	0	0	0.968827	0	0	0	0
577	0	0	0.969181	0	0	0	0
578	0	0	0.967838	0	0	0	0
579	0	0	0.982956	0	0	0	0
580	0	0	0.979598	0	0	0	0
581	0	0	0.963811	0	0	0	0
582	0	0	0.968886	0	0	0	0
583	0	0	0.983655	0	0	0	0
584	0	0	0.986657	0	0	0	0
585	0	0	0.974207	0	0	0	0
586	0	0	0.946407	0	0	0	0
587	0	0	0.904478	0	0	0	0
588	0	0	0.809275	0	0	0	0
589	0	0	0.684974	0	0	0	0
590	0	0	0.525304	0	0	0	0
591	0	0	0.345364	0	0	0	0
592	0	0	0.190467	0	0	0	0
593	0	0	0.087833	0	0	0	0
594	0	0	0.035393	0	0	0	0
595	0	0	0.014077	0	0	0	0
596	0	0	0.005944	0	0	0	0
597	0	0	0.002574	0	0	0	0
598	0	0	0.001046	0	0	0	0
599	0	0	0.000394	0	0	0	0
600	0	0	8.5E-05	0	0	0	0
601	0	0	0	0	0	0	0
602	0	0	0	0	0	0	0
603	0	0	0	0	0	0	0
604	0	0	0	0	0	0	0
605	0	0	0	0	0	0	0
606	0	0	0	0	0	0	0
607	0	0	0	0	0	0	0
608	0	0	0	0	0	0	0
609	0	0	0	0	0	0	0
610	0	0	0	0	0	0	0
611	0	0	0	0	0	0	0
612	0	0	0	0	0	0	0
613	0	0	0	0	0	0	0
614	0	0	0	0	0	0	0
615	0	0	0	0	0	0	0
616	0	0	0	0	0	0	0
617	0	0	0	0	0	0	0
618	0	0	0	0	0	0	0
619	0	0	0	0	0	0	0
620	0	0	0	0	0	0	0
621	0	0	0	0	0	0	0
622	0	0	0	0	0	0	0
623	0	0	0	0	0	0	0
624	0	0	0	0	0	0	0
625	0	0	0	0	0	0	0
626	0	0	0	0.00027	0	0	0
627	0	0	0	0.000895	0	0	0
628	0	0	0	0.00185	0	0	0
629	0	0	0	0.003648	0	0	0
630	0	0	0	0.007197	0	0	0
631	0	0	0	0.014515	0	0	0
632	0	0	0	0.030432	0	0	0
633	0	0	0	0.066861	0	0	0
634	0	0	0	0.148518	0	0	0
635	0	0	0	0.299778	0	0	0
636	0	0	0	0.526812	0	0	0
637	0	0	0	0.764443	0	0	0
638	0	0	0	0.905473	0	0	0
639	0	0	0	0.947949	0	0	0
640	0	0	0	0.950823	0	0	0
641	0	0	0	0.947418	0	0	0
642	0	0	0	0.951831	0	0	0
643	0	0	0	0.962705	0	0	0
644	0	0	0	0.975075	0	0	0
645	0	0	0	0.984173	0	0	0
646	0	0	0	0.983613	0	0	0
647	0	0	0	0.983434	0	0	0
648	0	0	0	0.982911	0	0	0
649	0	0	0	0.973636	0	0	0
650	0	0	0	0.959441	0	0	0
651	0	0	0	0.955641	0	0	0
652	0	0	0	0.955548	0	0	0
653	0	0	0	0.953337	0	0	0
654	0	0	0	0.956628	0	0	0
655	0	0	0	0.981688	0	0	0
656	0	0	0	1	0	0	0
657	0	0	0	0.992388	0	0	0
658	0	0	0	0.984615	0	0	0
659	0	0	0	0.981568	0	0	0
660	0	0	0	0.97696	0	0	0
661	0	0	0	0.97298	0	0	0
662	0	0	0	0.98108	0	0	0
663	0	0	0	0.996804	0	0	0
664	0	0	0	0.992142	0	0	0
665	0	0	0	0.980678	0	0	0
666	0	0	0	0.964002	0	0	0
667	0	0	0	0.962154	0	0	0
668	0	0	0	0.970778	0	0	0
669	0	0	0	0.96718	0	0	0
670	0	0	0	0.966928	0	0	0
671	0	0	0	0.949928	0	0	0
672	0	0	0	0.848855	0	0	0
673	0	0	0	0.609359	0	0	0
674	0	0	0	0.31635	0	0	0
675	0	0	0	0.123946	0	0	0
676	0	0	0	0.046033	0	0	0
677	0	0	0	0.017702	0	0	0
678	0	0	0	0.007333	0	0	0
679	0	0	0	0.003205	0	0	0
680	0	0	0	0.001402	0	0	0
681	0	0	0	0.000554	0	0	0
682	0	0	0	0.000117	0	0	0
683	0	0	0	0	0	0	0
684	0	0	0	0	0	0	0
685	0	0	0	0	0	0	0
686	0	0	0	0	0	0	0
687	0	0	0	0	0	0	0
688	0	0	0	0	0	0	0
689	0	0	0	0	0	0	0
690	0	0	0	0	0	0	0
691	0	0	0	0	0	0	0
692	0	0	0	0	0	0	0
693	0	0	0	0	0	0	0
694	0	0	0	0	0	0	0
695	0	0	0	0	0	0	0
696	0	0	0	0	0	0	0
697	0	0	0	0	0	0	0
698	0	0	0	0	0	0	0
699	0	0	0	0	0	0	0
700	0	0	0	0	0	0	0
701	0	0	0	0	0	0	0
702	0	0	0	0	0	0	0
703	0	0	0	0	0	0	0
704	0	0	0	0	0	0	0
705	0	0	0	0	0	0	0
706	0	0	0	0	0	0	0
707	0	0	0	0	0	0	0
708	0	0	0	0	0	0	0
709	0	0	0	0	0	0	0
710	0	0	0	0	0	0	0
711	0	0	0	0	0	0	0
712	0	0	0	0	0	0	0
713	0	0	0	0	0	0	0
714	0	0	0	0	0	0	0
715	0	0	0	0	0	0	0
716	0	0	0	0	0	0	0
717	0	0	0	0	0	0	0
718	0	0	0	0	0	0	0
719	0	0	0	0	0	0	0
720	0	0	0	0	0	0	0
721	0	0	0	0	0	0	0
722	0	0	0	0	0	0	0
723	0	0	0	0	0	0	0
724	0	0	0	0	0	0	0
725	0	0	0	0	0	0	0
726	0	0	0	0	0	0	0
727	0	0	0	0	0	0	0
728	0	0	0	0	0	0	0
729	0	0	0	0	0	0	0
730	0	0	0	0	0	0	0
731	0	0	0	0	0	0	0
732	0	0	0	0	0	0	0
733	0	0	0	0	0	0	0
734	0	0	0	0	0	0	0
735	0	0	0	0	0	0	0
736	0	0	0	0	0	0	0
737	0	0	0	0	0	0	0
738	0	0	0	0	0	0	0
739	0	0	0	0	0	0	0
740	0	0	0	0	0	0	0
741	0	0	0	0	0	0	0
742	0	0	0	0	0	0	0
743	0	0	0	0	0	0	0
744	0	0	0	0	0	0	0
745	0	0	0	0	0	0	0
746	0	0	0	0	0	0	0
747	0	0	0	0	0	0	0
748	0	0	0	0	0	0	0
749	0	0	0	0	0	0	0
750	0	0	0	0	0	0	0
751	0	0	0	0	0	0	0
752	0	0	0	0	0	0	0
753	0	0	0	0	0	0	0
754	0	0	0	0	0	0	0
755	0	0	0	0	0	0	0
756	0	0	0	0	0	0	0
757	0	0	0	0	0	0	0
758	0	0	0	0	0	0	0
759	0	0	0	0	0	0	0
760	0	0	0	0	0	0	0
761	0	0	0	0	0	0	0
762	0	0	0	0	0	0	0
763	0	0	0	0	0	0	0
764	0	0	0	0	0	0	0
765	0	0	0	0	0	0	0
766	0	0	0	0	0	0	0
767	0	0	0	0	0	0	0
768	0	0	0	0	0	0	0
769	0	0	0	0	0	0	0
770	0	0	0	0	0	0	0
771	0	0	0	0	0	0	0
772	0	0	0	0	0	0	0
773	0	0	0	0	0	0	0
774	0	0	0	0	0	0	0
775	0	0	0	0	0	0	0
776	0	0	0	0	0	0	0
777	0	0	0	0	0	0	0
778	0	0	0	0	0	0	0
779	0	0	0	0	0	0	0
780	0	0	0	0	0	0	0
781	0	0	0	0	0	0	0
782	0	0	0	0	0	0	0
783	0	0	0	0	0	0	0
784	0	0	0	0	0	0	0
785	0	0	0	0	0	0	0
786	0	0	0	0	0	0	0
787	0	0	0	0	0	0	0
788	0	0	0	0	0	0	0
789	0	0	0	0	0	0	0
790	0	0	0	0	0	0	0
791	0	0	0	0	0	0	0
792	0	0	0	0	0	0	0
793	0	0	0	0	0	0	0
794	0	0	0	0	0	0	0
795	0	0	0	0	0	0	0
796	0	0	0	0	0	0	0
797	0	0	0	0	0	0	0
798	0	0	0	0	0	0	0
799	0	0	0	0	0	0	0
800	0	0	0	0	0	0	0
801	0	0	0	0	0	0	0
802	0	0	0	0	0	0	0
803	0	0	0	0	0	0	0
804	0	0	0	0	0	0	0
805	0	0	0	0	0	0	0
806	0	0	0	0	0	0	0
807	0	0	0	0	0	0	0
808	0	0	0	0	0	0	0
809	0	0	0	0	0	0	0
810	0	0	0	0	0	0	0
811	0	0	0	0	0	0	0
812	0	0	0	0	0	0	0
813	0	0	0	0	0	0	0
814	0	0	0	0	0	0	0
815	0	0	0	0	0	0	0
816	0	0	0	0	0	0	0
817	0	0	0	0	0	0	0
818	0	0	0	0	0	0	0
819	0	0	0	0	0	0	0
820	0	0	0	0	0	0	0
821	0	0	0	0	0	0	0
822	0	0	0	0	0	0	0
823	0	0	0	0	0	0	0
824	0	0	0	0	0	0	0
825	0	0	0	0	0	0	0
826	0	0	0	0	0	0	0
827	0	0	0	0	0	0	0
828	0	0	0	0	0	0	0
829	0	0	0	0	0	0	0
830	0	0	0	0	1.1E-05	0	0
831	0	0	0	0	5E-05	0	0
832	0	0	0	0	0.0001	0	0
833	0	0	0	0	0.000239	0	0
834	0	0	0	0	0.000314	0	0
835	0	0	0	0	0.000495	0	0
836	0	0	0	0	0.000719	0	0
837	0	0	0	0	0.000986	0	0
838	0	0	0	0	0.001445	0	0
839	0	0	0	0	0.002107	0	0
840	0	0	0	0	0.00316	0	0
841	0	0	0	0	0.004744	0	0
842	0	0	0	0	0.007059	0	0
843	0	0	0	0	0.0109	0	0
844	0	0	0	0	0.017346	0	0
845	0	0	0	0	0.028332	0	0
846	0	0	0	0	0.048191	0	0
847	0	0	0	0	0.084363	0	0
848	0	0	0	0	0.145365	0	0
849	0	0	0	0	0.249733	0	0
850	0	0	0	0	0.403526	0	0
851	0	0	0	0	0.582623	0	0
852	0	0	0	0	0.745037	0	0
853	0	0	0	0	0.890315	0	0
854	0	0	0	0	0.960215	0	0
855	0	0	0	0	0.986833	0	0
856	0	0	0	0	0.973133	0	0
857	0	0	0	0	0.980606	0	0
858	0	0	0	0	0.99612	0	0
859	0	0	0	0	1	0	0
860	0	0	0	0	0.989777	0	0
861	0	0	0	0	0.980733	0	0
862	0	0	0	0	0.975935	0	0
863	0	0	0	0	0.972043	0	0
864	0	0	0	0	0.957357	0	0
865	0	0	0	0	0.951209	0	0
866	0	0	0	0	0.947044	0	0
867	0	0	0	0	0.953162	0	0
868	0	0	0	0	0.951499	0	0
869	0	0	0	0	0.94845	0	0
870	0	0	0	0	0.940094	0	0
871	0	0	0	0	0.950632	0	0
872	0	0	0	0	0.956079	0	0
873	0	0	0	0	0.96646	0	0
874	0	0	0	0	0.969821	0	0
875	0	0	0	0	0.93661	0	0
876	0	0	0	0	0.891066	0	0
877	0	0	0	0	0.788733	0	0
878	0	0	0	0	0.63532	0	0
879	0	0	0	0	0.448364	0	0
880	0	0	0	0	0.288847	0	0
881	0	0	0	0	0.174619	0	0
882	0	0	0	0	0.100343	0	0
883	0	0	0	0	0.058265	0	0
884	0	0	0	0	0.034532	0	0
885	0	0	0	0	0.02072	0	0
886	0	0	0	0	0.01244	0	0
887	0	0	0	0	0.007601	0	0
888	0	0	0	0	0.004702	0	0
889	0	0	0	0	0.002944	0	0
890	0	0	0	0	0.00187	0	0
891	0	0	0	0	0.001192	0	0
892	0	0	0	0	0.000743	0	0
893	0	0	0	0	0.000423	0	0
894	0	0	0	0	0.000241	0	0
895	0	0	0	0	0.000116	0	0
896	0	0	0	0	4.4E-05	0	0
897	0	0	0	0	0	0	0
898	0	0	0	0	0	0	0
899	0	0	0	0	0	0	0
900	0	0	0	0	0	0	0
901	0	0	0	0	0	0	0
902	0	0	0	0	0	0	0
903	0	0	0	0	0	0	0
904	0	0	0	0	0	0	0
905	0	0	0	0	0	0	0
906	0	0	0	0	0	0	0
907	0	0	0	0	0	0	0
908	0	0	0	0	0	0	0
909	0	0	0	0	0	0	0
910	0	0	0	0	0	0	0
911	0	0	0	0	0	0	0
912	0	0	0	0	0	0	0
913	0	0	0	0	0	0	0
914	0	0	0	0	0	0	0
915	0	0	0	0	0	0	0
916	0	0	0	0	0	0	0
917	0	0	0	0	0	0	0
918	0	0	0	0	0	0	0
919	0	0	0	0	0	0	0
920	0	0	0	0	0	0	0
921	0	0	0	0	0	0	0
922	0	0	0	0	0	0	0
923	0	0	0	0	0	0	0
924	0	0	0	0	0	0	0
925	0	0	0	0	0	0	0
926	0	0	0	0	0	0	0
927	0	0	0	0	0	0	0
928	0	0	0	0	0	0	0
929	0	0	0	0	0	0	0
930	0	0	0	0	0	0	0
931	0	0	0	0	0	0	0
932	0	0	0	0	0	0	0
933	0	0	0	0	0	0	0
934	0	0	0	0	0	0	0
935	0	0	0	0	0	0	0
936	0	0	0	0	0	0	0
937	0	0	0	0	0	0	0
938	0	0	0	0	0	0	0
939	0	0	0	0	0	0	0
940	0	0	0	0	0	0	0
941	0	0	0	0	0	0	0
942	0	0	0	0	0	0	0
943	0	0	0	0	0	0	0
944	0	0	0	0	0	0	0
945	0	0	0	0	0	0	0
946	0	0	0	0	0	0	0
947	0	0	0	0	0	0	0
948	0	0	0	0	0	0	0
949	0	0	0	0	0	0	0
950	0	0	0	0	0	0	0
951	0	0	0	0	0	0	0
952	0	0	0	0	0	0	0
953	0	0	0	0	0	0	0
954	0	0	0	0	0	0	0
955	0	0	0	0	0	0	0
956	0	0	0	0	0	0	0
957	0	0	0	0	0	0	0
958	0	0	0	0	0	0	0
959	0	0	0	0	0	0	0
960	0	0	0	0	0	0	0
961	0	0	0	0	0	0	0
962	0	0	0	0	0	0	0
963	0	0	0	0	0	0	0
964	0	0	0	0	0	0	0
965	0	0	0	0	0	0	0
966	0	0	0	0	0	0	0
967	0	0	0	0	0	0	0
968	0	0	0	0	0	0	0
969	0	0	0	0	0	0	0
970	0	0	0	0	0	0	0
971	0	0	0	0	0	0	0
972	0	0	0	0	0	0	0
973	0	0	0	0	0	0	0
974	0	0	0	0	0	0	0
975	0	0	0	0	0	0	0
976	0	0	0	0	0	0	0
977	0	0	0	0	0	0	0
978	0	0	0	0	0	0	0
979	0	0	0	0	0	0	0
980	0	0	0	0	0	0	0
981	0	0	0	0	0	0	0
982	0	0	0	0	0	0	0
983	0	0	0	0	0	0	0
984	0	0	0	0	0	0	0
985	0	0	0	0	0	0	0
986	0	0	0	0	0	0	0
987	0	0	0	0	0	0	0
988	0	0	0	0	0	0	0
989	0	0	0	0	0	0	0
990	0	0	0	0	0	0	0
991	0	0	0	0	0	0	0
992	0	0	0	0	0	0	0
993	0	0	0	0	0	0	0
994	0	0	0	0	0	0	0
995	0	0	0	0	0	0	0
996	0	0	0	0	0	0	0
997	0	0	0	0	0	0	0
998	0	0	0	0	0	0	0
999	0	0	0	0	0	0	0
1000	0	0	0	0	0	0	0
1001	0	0	0	0	0	0	0
1002	0	0	0	0	0	0	0
1003	0	0	0	0	0	0	0
1004	0	0	0	0	0	0	0
1005	0	0	0	0	0	0	0
1006	0	0	0	0	0	0	0
1007	0	0	0	0	0	0	0
1008	0	0	0	0	0	0	0
1009	0	0	0	0	0	0	0
1010	0	0	0	0	0	0	0
1011	0	0	0	0	0	0	0
1012	0	0	0	0	0	0	0
1013	0	0	0	0	0	0	0
1014	0	0	0	0	0	0	0
1015	0	0	0	0	0	0	0
1016	0	0	0	0	0	0	0
1017	0	0	0	0	0	0	0
1018	0	0	0	0	0	0	0
1019	0	0	0	0	0	0	0
1020	0	0	0	0	0	0	0
1021	0	0	0	0	0	0	0
1022	0	0	0	0	0	0	0
1023	0	0	0	0	0	0	0
1024	0	0	0	0	0	0	0
1025	0	0	0	0	0	0	0
1026	0	0	0	0	0	0	0
1027	0	0	0	0	0	0	0
1028	0	0	0	0	0	0	0
1029	0	0	0	0	0	0	0
1030	0	0	0	0	0	0	0
1031	0	0	0	0	0	0	0
1032	0	0	0	0	0	0	0
1033	0	0	0	0	0	0	0
1034	0	0	0	0	0	0	0
1035	0	0	0	0	0	0	0
1036	0	0	0	0	0	0	0
1037	0	0	0	0	0	0	0
1038	0	0	0	0	0	0	0
1039	0	0	0	0	0	0	0
1040	0	0	0	0	0	0	0
1041	0	0	0	0	0	0	0
1042	0	0	0	0	0	0	0
1043	0	0	0	0	0	0	0
1044	0	0	0	0	0	0	0
1045	0	0	0	0	0	0	0
1046	0	0	0	0	0	0	0
1047	0	0	0	0	0	0	0
1048	0	0	0	0	0	0	0
1049	0	0	0	0	0	0	0
1050	0	0	0	0	0	0	0
1051	0	0	0	0	0	0	0
1052	0	0	0	0	0	0	0
1053	0	0	0	0	0	0	0
1054	0	0	0	0	0	0	0
1055	0	0	0	0	0	0	0
1056	0	0	0	0	0	0	0
1057	0	0	0	0	0	0	0
1058	0	0	0	0	0	0	0
1059	0	0	0	0	0	0	0
1060	0	0	0	0	0	0	0
1061	0	0	0	0	0	0	0
1062	0	0	0	0	0	0	0
1063	0	0	0	0	0	0	0
1064	0	0	0	0	0	0	0
1065	0	0	0	0	0	0	0
1066	0	0	0	0	0	0	0
1067	0	0	0	0	0	0	0
1068	0	0	0	0	0	0	0
1069	0	0	0	0	0	0	0
1070	0	0	0	0	0	0	0
1071	0	0	0	0	0	0	0
1072	0	0	0	0	0	0	0
1073	0	0	0	0	0	0	0
1074	0	0	0	0	0	0	0
1075	0	0	0	0	0	0	0
1076	0	0	0	0	0	0	0
1077	0	0	0	0	0	0	0
1078	0	0	0	0	0	0	0
1079	0	0	0	0	0	0	0
1080	0	0	0	0	0	0	0
1081	0	0	0	0	0	0	0
1082	0	0	0	0	0	0	0
1083	0	0	0	0	0	0	0
1084	0	0	0	0	0	0	0
1085	0	0	0	0	0	0	0
1086	0	0	0	0	0	0	0
1087	0	0	0	0	0	0	0
1088	0	0	0	0	0	0	0
1089	0	0	0	0	0	0	0
1090	0	0	0	0	0	0	0
1091	0	0	0	0	0	0	0
1092	0	0	0	0	0	0	0
1093	0	0	0	0	0	0	0
1094	0	0	0	0	0	0	0
1095	0	0	0	0	0	0	0
1096	0	0	0	0	0	0	0
1097	0	0	0	0	0	0	0
1098	0	0	0	0	0	0	0
1099	0	0	0	0	0	0	0
1100	0	0	0	0	0	0	0
1101	0	0	0	0	0	0	0
1102	0	0	0	0	0	0	0
1103	0	0	0	0	0	0	0
1104	0	0	0	0	0	0	0
1105	0	0	0	0	0	0	0
1106	0	0	0	0	0	0	0
1107	0	0	0	0	0	0	0
1108	0	0	0	0	0	0	0
1109	0	0	0	0	0	0	0
1110	0	0	0	0	0	0	0
1111	0	0	0	0	0	0	0
1112	0	0	0	0	0	0	0
1113	0	0	0	0	0	0	0
1114	0	0	0	0	0	0	0
1115	0	0	0	0	0	0	0
1116	0	0	0	0	0	0	0
1117	0	0	0	0	0	0	0
1118	0	0	0	0	0	0	0
1119	0	0	0	0	0	0	0
1120	0	0	0	0	0	0	0
1121	0	0	0	0	0	0	0
1122	0	0	0	0	0	0	0
1123	0	0	0	0	0	0	0
1124	0	0	0	0	0	0	0
1125	0	0	0	0	0	0	0
1126	0	0	0	0	0	0	0
1127	0	0	0	0	0	0	0
1128	0	0	0	0	0	0	0
1129	0	0	0	0	0	0	0
1130	0	0	0	0	0	0	0
1131	0	0	0	0	0	0	0
1132	0	0	0	0	0	0	0
1133	0	0	0	0	0	0	0
1134	0	0	0	0	0	0	0
1135	0	0	0	0	0	0	0
1136	0	0	0	0	0	0	0
1137	0	0	0	0	0	0	0
1138	0	0	0	0	0	0	0
1139	0	0	0	0	0	0	0
1140	0	0	0	0	0	0	0
1141	0	0	0	0	0	0	0
1142	0	0	0	0	0	0	0
1143	0	0	0	0	0	0	0
1144	0	0	0	0	0	0	0
1145	0	0	0	0	0	0	0
1146	0	0	0	0	0	0	0
1147	0	0	0	0	0	0	0
1148	0	0	0	0	0	0	0
1149	0	0	0	0	0	0	0
1150	0	0	0	0	0	0	0
1151	0	0	0	0	0	0	0
1152	0	0	0	0	0	0	0
1153	0	0	0	0	0	0	0
1154	0	0	0	0	0	0	0
1155	0	0	0	0	0	0	0
1156	0	0	0	0	0	0	0
1157	0	0	0	0	0	0	0
1158	0	0	0	0	0	0	0
1159	0	0	0	0	0	0	0
1160	0	0	0	0	0	0	0
1161	0	0	0	0	0	0	0
1162	0	0	0	0	0	0	0
1163	0	0	0	0	0	0	0
1164	0	0	0	0	0	0	0
1165	0	0	0	0	0	0	0
1166	0	0	0	0	0	0	0
1167	0	0	0	0	0	0	0
1168	0	0	0	0	0	0	0
1169	0	0	0	0	0	0	0
1170	0	0	0	0	0	0	0
1171	0	0	0	0	0	0	0
1172	0	0	0	0	0	0	0
1173	0	0	0	0	0	0	0
1174	0	0	0	0	0	0	0
1175	0	0	0	0	0	0	0
1176	0	0	0	0	0	0	0
1177	0	0	0	0	0	0	0
1178	0	0	0	0	0	0	0
1179	0	0	0	0	0	0	0
1180	0	0	0	0	0	0	0
1181	0	0	0	0	0	0	0
1182	0	0	0	0	0	0	0
1183	0	0	0	0	0	0	0
1184	0	0	0	0	0	0	0
1185	0	0	0	0	0	0	0
1186	0	0	0	0	0	0	0
1187	0	0	0	0	0	0	0
1188	0	0	0	0	0	0	0
1189	0	0	0	0	0	0	0
1190	0	0	0	0	0	0	0
1191	0	0	0	0	0	0	0
1192	0	0	0	0	0	0	0
1193	0	0	0	0	0	0	0
1194	0	0	0	0	0	0	0
1195	0	0	0	0	0	0	0
1196	0	0	0	0	0	0	0
1197	0	0	0	0	0	0	0
1198	0	0	0	0	0	0	0
1199	0	0	0	0	0	0	0
1200	0	0	0	0	0	0	0
1201	0	0	0	0	0	0	0
1202	0	0	0	0	0	0	0
1203	0	0	0	0	0	0	0
1204	0	0	0	0	0	0	0
1205	0	0	0	0	0	0	0
1206	0	0	0	0	0	0	0
1207	0	0	0	0	0	0	0
1208	0	0	0	0	0	0	0
1209	0	0	0	0	0	0	0
1210	0	0	0	0	0	0	0
1211	0	0	0	0	0	0	0
1212	0	0	0	0	0	0	0
1213	0	0	0	0	0	0	0
1214	0	0	0	0	0	0	0
1215	0	0	0	0	0	0	0
1216	0	0	0	0	0	0	0
1217	0	0	0	0	0	0	0
1218	0	0	0	0	0	0	0
1219	0	0	0	0	0	0	0
1220	0	0	0	0	0	0	0
1221	0	0	0	0	0	0	0
1222	0	0	0	0	0	0	0
1223	0	0	0	0	0	0	0
1224	0	0	0	0	0	0	0
1225	0	0	0	0	0	0	0
1226	0	0	0	0	0	0	0
1227	0	0	0	0	0	0	0
1228	0	0	0	0	0	0	0
1229	0	0	0	0	0	0	0
1230	0	0	0	0	0	0	0
1231	0	0	0	0	0	0	0
1232	0	0	0	0	0	0	0
1233	0	0	0	0	0	0	0
1234	0	0	0	0	0	0	0
1235	0	0	0	0	0	0	0
1236	0	0	0	0	0	0	0
1237	0	0	0	0	0	0	0
1238	0	0	0	0	0	0	0
1239	0	0	0	0	0	0	0
1240	0	0	0	0	0	0	0
1241	0	0	0	0	0	0	0
1242	0	0	0	0	0	0	0
1243	0	0	0	0	0	0	0
1244	0	0	0	0	0	0	0
1245	0	0	0	0	0	0	0
1246	0	0	0	0	0	0	0
1247	0	0	0	0	0	0	0
1248	0	0	0	0	0	0	0
1249	0	0	0	0	0	0	0
1250	0	0	0	0	0	0	0
1251	0	0	0	0	0	0	0
1252	0	0	0	0	0	0	0
1253	0	0	0	0	0	0	0
1254	0	0	0	0	0	0	0
1255	0	0	0	0	0	0	0
1256	0	0	0	0	0	0	0
1257	0	0	0	0	0	0	0
1258	0	0	0	0	0	0	0
1259	0	0	0	0	0	0	0
1260	0	0	0	0	0	0	0
1261	0	0	0	0	0	0	0
1262	0	0	0	0	0	0	0
1263	0	0	0	0	0	0	0
1264	0	0	0	0	0	0	0
1265	0	0	0	0	0	0	0
1266	0	0	0	0	0	0	0
1267	0	0	0	0	0	0	0
1268	0	0	0	0	0	0	0
1269	0	0	0	0	0	0	0
1270	0	0	0	0	0	0	0
1271	0	0	0	0	0	0	0
1272	0	0	0	0	0	0	0
1273	0	0	0	0	0	0	0
1274	0	0	0	0	0	0	0
1275	0	0	0	0	0	0	0
1276	0	0	0	0	0	0	0
1277	0	0	0	0	0	0	0
1278	0	0	0	0	0	0	0
1279	0	0	0	0	0	0	0
1280	0	0	0	0	0	0	0
1281	0	0	0	0	0	0	0
1282	0	0	0	0	0	0	0
1283	0	0	0	0	0	0	0
1284	0	0	0	0	0	0	0
1285	0	0	0	0	0	0	0
1286	0	0	0	0	0	0	0
1287	0	0	0	0	0	0	0
1288	0	0	0	0	0	0	0
1289	0	0	0	0	0	0	0
1290	0	0	0	0	0	0	0
1291	0	0	0	0	0	0	0
1292	0	0	0	0	0	0	0
1293	0	0	0	0	0	0	0
1294	0	0	0	0	0	0	0
1295	0	0	0	0	0	0	0
1296	0	0	0	0	0	0	0
1297	0	0	0	0	0	0	0
1298	0	0	0	0	0	0	0
1299	0	0	0	0	0	0	0
1300	0	0	0	0	0	0	0
1301	0	0	0	0	0	0	0
1302	0	0	0	0	0	0	0
1303	0	0	0	0	0	0	0
1304	0	0	0	0	0	0	0
1305	0	0	0	0	0	0	0
1306	0	0	0	0	0	0	0
1307	0	0	0	0	0	0	0
1308	0	0	0	0	0	0	0
1309	0	0	0	0	0	0	0
1310	0	0	0	0	0	0	0
1311	0	0	0	0	0	0	0
1312	0	0	0	0	0	0	0
1313	0	0	0	0	0	0	0
1314	0	0	0	0	0	0	0
1315	0	0	0	0	0	0	0
1316	0	0	0	0	0	0	0
1317	0	0	0	0	0	0	0
1318	0	0	0	0	0	0	0
1319	0	0	0	0	0	0	0
1320	0	0	0	0	0	0	0
1321	0	0	0	0	0	0	0
1322	0	0	0	0	0	0	0
1323	0	0	0	0	0	0	0
1324	0	0	0	0	0	0	0
1325	0	0	0	0	0	0	0
1326	0	0	0	0	0	0	0
1327	0	0	0	0	0	0	0
1328	0	0	0	0	0	0	0
1329	0	0	0	0	0	0	0
1330	0	0	0	0	0	0	0
1331	0	0	0	0	0	0	0
1332	0	0	0	0	0	0	0
1333	0	0	0	0	0	0	0
1334	0	0	0	0	0	0	0
1335	0	0	0	0	0	0	0
1336	0	0	0	0	0	0	0
1337	0	0	0	0	0	0	0
1338	0	0	0	0	0	0	0
1339	0	0	0	0	0	0	0
1340	0	0	0	0	0	0	0
1341	0	0	0	0	0	0	0
1342	0	0	0	0	0	0	0
1343	0	0	0	0	0	0	0
1344	0	0	0	0	0	0	0
1345	0	0	0	0	0	0	0
1346	0	0	0	0	0	0	0
1347	0	0	0	0	0	0	0
1348	0	0	0	0	0	0	0
1349	0	0	0	0	0	0	0
1350	0	0	0	0	0	0	0
1351	0	0	0	0	0	0	0
1352	0	0	0	0	0	0	0
1353	0	0	0	0	0	0	0
1354	0	0	0	0	0	0	0
1355	0	0	0	0	0	0	0
1356	0	0	0	0	0	0	0
1357	0	0	0	0	0	0	0
1358	0	0	0	0	0	0	0
1359	0	0	0	0	0	0	0
1360	0	0	0	0	0	0	0
1361	0	0	0	0	0	0	0
1362	0	0	0	0	0	0	0
1363	0	0	0	0	0	0	0
1364	0	0	0	0	0	0	0
1365	0	0	0	0	0	0	0
1366	0	0	0	0	0	0	0
1367	0	0	0	0	0	0	0
1368	0	0	0	0	0	0	0
1369	0	0	0	0	0	0	0
1370	0	0	0	0	0	0	0
1371	0	0	0	0	0	0	0
1372	0	0	0	0	0	0	0
1373	0	0	0	0	0	0	0
1374	0	0	0	0	0	0	0
1375	0	0	0	0	0	0	0
1376	0	0	0	0	0	0	0
1377	0	0	0	0	0	0	0
1378	0	0	0	0	0	0	0
1379	0	0	0	0	0	0	0
1380	0	0	0	0	0	0	0
1381	0	0	0	0	0	0	0
1382	0	0	0	0	0	0	0
1383	0	0	0	0	0	0	0
1384	0	0	0	0	0	0	0
1385	0	0	0	0	0	0	0
1386	0	0	0	0	0	0	0
1387	0	0	0	0	0	0	0
1388	0	0	0	0	0	0	0
1389	0	0	0	0	0	0	0
1390	0	0	0	0	0	0	0
1391	0	0	0	0	0	0	0
1392	0	0	0	0	0	0	0
1393	0	0	0	0	0	0	0
1394	0	0	0	0	0	0	0
1395	0	0	0	0	0	0	0
1396	0	0	0	0	0	0	0
1397	0	0	0	0	0	0	0
1398	0	0	0	0	0	0	0
1399	0	0	0	0	0	0	0
1400	0	0	0	0	0	0	0
1401	0	0	0	0	0	0	0
1402	0	0	0	0	0	0	0
1403	0	0	0	0	0	0	0
1404	0	0	0	0	0	0	0
1405	0	0	0	0	0	0	0
1406	0	0	0	0	0	0	0
1407	0	0	0	0	0	0	0
1408	0	0	0	0	0	0	0
1409	0	0	0	0	0	0	0
1410	0	0	0	0	0	0	0
1411	0	0	0	0	0	0	0
1412	0	0	0	0	0	0	0
1413	0	0	0	0	0	0	0
1414	0	0	0	0	0	0	0
1415	0	0	0	0	0	0	0
1416	0	0	0	0	0	0	0
1417	0	0	0	0	0	0	0
1418	0	0	0	0	0	0	0
1419	0	0	0	0	0	0	0
1420	0	0	0	0	0	0	0
1421	0	0	0	0	0	0	0
1422	0	0	0	0	0	0	0
1423	0	0	0	0	0	0	0
1424	0	0	0	0	0	0	0
1425	0	0	0	0	0	0	0
1426	0	0	0	0	0	0	0
1427	0	0	0	0	0	0	0
1428	0	0	0	0	0	0	0
1429	0	0	0	0	0	0	0
1430	0	0	0	0	0	0	0
1431	0	0	0	0	0	0	0
1432	0	0	0	0	0	0	0
1433	0	0	0	0	0	0	0
1434	0	0	0	0	0	0	0
1435	0	0	0	0	0	0	0
1436	0	0	0	0	0	0	0
1437	0	0	0	0	0	0	0
1438	0	0	0	0	0	0	0
1439	0	0	0	0	0	0	0
1440	0	0	0	0	0	0	0
1441	0	0	0	0	0	0	0
1442	0	0	0	0	0	0	0
1443	0	0	0	0	0	0	0
1444	0	0	0	0	0	0	0
1445	0	0	0	0	0	0	0
1446	0	0	0	0	0	0	0
1447	0	0	0	0	0	0	0
1448	0	0	0	0	0	0	0
1449	0	0	0	0	0	0	0
1450	0	0	0	0	0	0	0
1451	0	0	0	0	0	0	0
1452	0	0	0	0	0	0	0
1453	0	0	0	0	0	0	0
1454	0	0	0	0	0	0	0
1455	0	0	0	0	0	0	0
1456	0	0	0	0	0	0	0
1457	0	0	0	0	0	0	0
1458	0	0	0	0	0	0	0
1459	0	0	0	0	0	0	0
1460	0	0	0	0	0	0	0
1461	0	0	0	0	0	0	0
1462	0	0	0	0	0	0	0
1463	0	0	0	0	0	0	0
1464	0	0	0	0	0	0	0
1465	0	0	0	0	0	0	0
1466	0	0	0	0	0	0	0
1467	0	0	0	0	0	0	0
1468	0	0	0	0	0	0	0
1469	0	0	0	0	0	0	0
1470	0	0	0	0	0	0	0
1471	0	0	0	0	0	0	0
1472	0	0	0	0	0	0	0
1473	0	0	0	0	0	0	0
1474	0	0	0	0	0	0	0
1475	0	0	0	0	0	0	0
1476	0	0	0	0	0	0	0
1477	0	0	0	0	0	0	0
1478	0	0	0	0	0	0	0
1479	0	0	0	0	0	0	0
1480	0	0	0	0	0	0	0
1481	0	0	0	0	0	0	0
1482	0	0	0	0	0	0	0
1483	0	0	0	0	0	0	0
1484	0	0	0	0	0	0	0
1485	0	0	0	0	0	0	0
1486	0	0	0	0	0	0	0
1487	0	0	0	0	0	0	0
1488	0	0	0	0	0	0	0
1489	0	0	0	0	0	0	0
1490	0	0	0	0	0	0	0
1491	0	0	0	0	0	0	0
1492	0	0	0	0	0	0	0
1493	0	0	0	0	0	0	0
1494	0	0	0	0	0	0	0
1495	0	0	0	0	0	0	0
1496	0	0	0	0	0	0	0
1497	0	0	0	0	0	0	0
1498	0	0	0	0	0	0	0
1499	0	0	0	0	0	0	0
1500	0	0	0	0	0	0	0
1501	0	0	0	0	0	0	0
1502	0	0	0	0	0	0	0
1503	0	0	0	0	0	0	0
1504	0	0	0	0	0	0	0
1505	0	0	0	0	0	0	0
1506	0	0	0	0	0	0	0
1507	0	0	0	0	0	0	0
1508	0	0	0	0	0	0	0
1509	0	0	0	0	0	0	0
1510	0	0	0	0	0	0	0
1511	0	0	0	0	0	0	0
1512	0	0	0	0	0	0	0
1513	0	0	0	0	0	0	0
1514	0	0	0	0	0	0	0
1515	0	0	0	0	0	0	0
1516	0	0	0	0	0	6.7E-05	0
1517	0	0	0	0	0	0.000151	0
1518	0	0	0	0	0	0.000249	0
1519	0	0	0	0	0	0.000348	0
1520	0	0	0	0	0	0.000466	0
1521	0	0	0	0	0	0.000585	0
1522	0	0	0	0	0	0.000758	0
1523	0	0	0	0	0	0.000932	0
1524	0	0	0	0	0	0.00115	0
1525	0	0	0	0	0	0.001369	0
1526	0	0	0	0	0	0.001613	0
1527	0	0	0	0	0	0.001859	0
1528	0	0	0	0	0	0.002172	0
1529	0	0	0	0	0	0.002488	0
1530	0	0	0	0	0	0.002881	0
1531	0	0	0	0	0	0.003277	0
1532	0	0	0	0	0	0.003772	0
1533	0	0	0	0	0	0.004271	0
1534	0	0	0	0	0	0.004898	0
1535	0	0	0	0	0	0.005528	0
1536	0	0	0	0	0	0.006421	0
1537	0	0	0	0	0	0.007319	0
1538	0	0	0	0	0	0.008459	0
1539	0	0	0	0	0	0.009606	0
1540	0	0	0	0	0	0.010989	0
1541	0	0	0	0	0	0.012372	0
1542	0	0	0	0	0	0.014303	0
1543	0	0	0	0	0	0.016248	0
1544	0	0	0	0	0	0.019029	0
1545	0	0	0	0	0	0.021831	0
1546	0	0	0	0	0	0.02589	0
1547	0	0	0	0	0	0.029952	0
1548	0	0	0	0	0	0.035171	0
1549	0	0	0	0	0	0.040434	0
1550	0	0	0	0	0	0.047864	0
1551	0	0	0	0	0	0.055352	0
1552	0	0	0	0	0	0.065732	0
1553	0	0	0	0	0	0.076166	0
1554	0	0	0	0	0	0.089024	0
1555	0	0	0	0	0	0.101893	0
1556	0	0	0	0	0	0.12015	0
1557	0	0	0	0	0	0.138642	0
1558	0	0	0	0	0	0.163127	0
1559	0	0	0	0	0	0.187803	0
1560	0	0	0	0	0	0.220261	0
1561	0	0	0	0	0	0.252894	0
1562	0	0	0	0	0	0.291359	0
1563	0	0	0	0	0	0.329939	0
1564	0	0	0	0	0	0.375648	0
1565	0	0	0	0	0	0.42147	0
1566	0	0	0	0	0	0.47356	0
1567	0	0	0	0	0	0.525681	0
1568	0	0	0	0	0	0.578787	0
1569	0	0	0	0	0	0.631645	0
1570	0	0	0	0	0	0.676683	0
1571	0	0	0	0	0	0.721282	0
1572	0	0	0	0	0	0.75477	0
1573	0	0	0	0	0	0.788248	0
1574	0	0	0	0	0	0.821155	0
1575	0	0	0	0	0	0.854065	0
1576	0	0	0	0	0	0.87337	0
1577	0	0	0	0	0	0.89183	0
1578	0	0	0	0	0	0.899817	0
1579	0	0	0	0	0	0.907252	0
1580	0	0	0	0	0	0.913009	0
1581	0	0	0	0	0	0.918685	0
1582	0	0	0	0	0	0.922953	0
1583	0	0	0	0	0	0.927163	0
1584	0	0	0	0	0	0.92686	0
1585	0	0	0	0	0	0.926413	0
1586	0	0	0	0	0	0.925059	0
1587	0	0	0	0	0	0.923683	0
1588	0	0	0	0	0	0.923953	0
1589	0	0	0	0	0	0.924259	0
1590	0	0	0	0	0	0.922828	0
1591	0	0	0	0	0	0.921383	0
1592	0	0	0	0	0	0.922061	0
1593	0	0	0	0	0	0.922756	0
1594	0	0	0	0	0	0.924648	0
1595	0	0	0	0	0	0.926605	0
1596	0	0	0	0	0	0.934552	0
1597	0	0	0	0	0	0.942525	0
1598	0	0	0	0	0	0.944351	0
1599	0	0	0	0	0	0.945872	0
1600	0	0	0	0	0	0.946175	0
1601	0	0	0	0	0	0.946432	0
1602	0	0	0	0	0	0.947006	0
1603	0	0	0	0	0	0.947589	0
1604	0	0	0	0	0	0.950194	0
1605	0	0	0	0	0	0.952859	0
1606	0	0	0	0	0	0.951303	0
1607	0	0	0	0	0	0.94967	0
1608	0	0	0	0	0	0.953047	0
1609	0	0	0	0	0	0.956494	0
1610	0	0	0	0	0	0.959047	0
1611	0	0	0	0	0	0.961545	0
1612	0	0	0	0	0	0.960048	0
1613	0	0	0	0	0	0.958335	0
1614	0	0	0	0	0	0.959835	0
1615	0	0	0	0	0	0.96147	0
1616	0	0	0	0	0	0.960857	0
1617	0	0	0	0	0	0.960175	0
1618	0	0	0	0	0	0.960813	0
1619	0	0	0	0	0	0.961486	0
1620	0	0	0	0	0	0.964703	0
1621	0	0	0	0	0	0.967943	0
1622	0	0	0	0	0	0.969314	0
1623	0	0	0	0	0	0.970589	0
1624	0	0	0	0	0	0.973713	0
1625	0	0	0	0	0	0.976906	0
1626	0	0	0	0	0	0.9791	0
1627	0	0	0	0	0	0.981258	0
1628	0	0	0	0	0	0.981285	0
1629	0	0	0	0	0	0.981372	0
1630	0	0	0	0	0	0.988609	0
1631	0	0	0	0	0	0.995869	0
1632	0	0	0	0	0	0.998021	0
1633	0	0	0	0	0	1	0
1634	0	0	0	0	0	0.999848	0
1635	0	0	0	0	0	0.999642	0
1636	0	0	0	0	0	0.99659	0
1637	0	0	0	0	0	0.993439	0
1638	0	0	0	0	0	0.986217	0
1639	0	0	0	0	0	0.978989	0
1640	0	0	0	0	0	0.967125	0
1641	0	0	0	0	0	0.95512	0
1642	0	0	0	0	0	0.936199	0
1643	0	0	0	0	0	0.917239	0
1644	0	0	0	0	0	0.879424	0
1645	0	0	0	0	0	0.840967	0
1646	0	0	0	0	0	0.796545	0
1647	0	0	0	0	0	0.751893	0
1648	0	0	0	0	0	0.694313	0
1649	0	0	0	0	0	0.636542	0
1650	0	0	0	0	0	0.573232	0
1651	0	0	0	0	0	0.509946	0
1652	0	0	0	0	0	0.451966	0
1653	0	0	0	0	0	0.39403	0
1654	0	0	0	0	0	0.34275	0
1655	0	0	0	0	0	0.291752	0
1656	0	0	0	0	0	0.251309	0
1657	0	0	0	0	0	0.211153	0
1658	0	0	0	0	0	0.180823	0
1659	0	0	0	0	0	0.15054	0
1660	0	0	0	0	0	0.128463	0
1661	0	0	0	0	0	0.106664	0
1662	0	0	0	0	0	0.090735	0
1663	0	0	0	0	0	0.074941	0
1664	0	0	0	0	0	0.06379	0
1665	0	0	0	0	0	0.052752	0
1666	0	0	0	0	0	0.045028	0
1667	0	0	0	0	0	0.03731	0
1668	0	0	0	0	0	0.031821	0
1669	0	0	0	0	0	0.02635	0
1670	0	0	0	0	0	0.022504	0
1671	0	0	0	0	0	0.018724	0
1672	0	0	0	0	0	0.016045	0
1673	0	0	0	0	0	0.013394	0
1674	0	0	0	0	0	0.011483	0
1675	0	0	0	0	0	0.009587	0
1676	0	0	0	0	0	0.008227	0
1677	0	0	0	0	0	0.006882	0
1678	0	0	0	0	0	0.00591	0
1679	0	0	0	0	0	0.00494	0
1680	0	0	0	0	0	0.004257	0
1681	0	0	0	0	0	0.003576	0
1682	0	0	0	0	0	0.003055	0
1683	0	0	0	0	0	0.002541	0
1684	0	0	0	0	0	0.00216	0
1685	0	0	0	0	0	0.001781	0
1686	0	0	0	0	0	0.001512	0
1687	0	0	0	0	0	0.001244	0
1688	0	0	0	0	0	0.00104	0
1689	0	0	0	0	0	0.000837	0
1690	0	0	0	0	0	0.000677	0
1691	0	0	0	0	0	0.000517	0
1692	0	0	0	0	0	0.000409	0
1693	0	0	0	0	0	0.000301	0
1694	0	0	0	0	0	0.000206	0
1695	0	0	0	0	0	0.000112	0
1696	0	0	0	0	0	4E-05	0
1697	0	0	0	0	0	0	0
1698	0	0	0	0	0	0	0
1699	0	0	0	0	0	0	0
1700	0	0	0	0	0	0	0
1701	0	0	0	0	0	0	0
1702	0	0	0	0	0	0	0
1703	0	0	0	0	0	0	0
1704	0	0	0	0	0	0	0
1705	0	0	0	0	0	0	0
1706	0	0	0	0	0	0	0
1707	0	0	0	0	0	0	0
1708	0	0	0	0	0	0	0
1709	0	0	0	0	0	0	0
1710	0	0	0	0	0	0	0
1711	0	0	0	0	0	0	0
1712	0	0	0	0	0	0	0
1713	0	0	0	0	0	0	0
1714	0	0	0	0	0	0	0
1715	0	0	0	0	0	0	0
1716	0	0	0	0	0	0	0
1717	0	0	0	0	0	0	0
1718	0	0	0	0	0	0	0
1719	0	0	0	0	0	0	0
1720	0	0	0	0	0	0	0
1721	0	0	0	0	0	0	0
1722	0	0	0	0	0	0	0
1723	0	0	0	0	0	0	0
1724	0	0	0	0	0	0	0
1725	0	0	0	0	0	0	0
1726	0	0	0	0	0	0	0
1727	0	0	0	0	0	0	0
1728	0	0	0	0	0	0	0
1729	0	0	0	0	0	0	0
1730	0	0	0	0	0	0	0
1731	0	0	0	0	0	0	0
1732	0	0	0	0	0	0	0
1733	0	0	0	0	0	0	0
1734	0	0	0	0	0	0	0
1735	0	0	0	0	0	0	0
1736	0	0	0	0	0	0	0
1737	0	0	0	0	0	0	0
1738	0	0	0	0	0	0	0
1739	0	0	0	0	0	0	0
1740	0	0	0	0	0	0	0
1741	0	0	0	0	0	0	0
1742	0	0	0	0	0	0	0
1743	0	0	0	0	0	0	0
1744	0	0	0	0	0	0	0
1745	0	0	0	0	0	0	0
1746	0	0	0	0	0	0	0
1747	0	0	0	0	0	0	0
1748	0	0	0	0	0	0	0
1749	0	0	0	0	0	0	0
1750	0	0	0	0	0	0	0
1751	0	0	0	0	0	0	0
1752	0	0	0	0	0	0	0
1753	0	0	0	0	0	0	0
1754	0	0	0	0	0	0	0
1755	0	0	0	0	0	0	0
1756	0	0	0	0	0	0	0
1757	0	0	0	0	0	0	0
1758	0	0	0	0	0	0	0
1759	0	0	0	0	0	0	0
1760	0	0	0	0	0	0	0
1761	0	0	0	0	0	0	0
1762	0	0	0	0	0	0	0
1763	0	0	0	0	0	0	0
1764	0	0	0	0	0	0	0
1765	0	0	0	0	0	0	0
1766	0	0	0	0	0	0	0
1767	0	0	0	0	0	0	0
1768	0	0	0	0	0	0	0
1769	0	0	0	0	0	0	0
1770	0	0	0	0	0	0	0
1771	0	0	0	0	0	0	0
1772	0	0	0	0	0	0	0
1773	0	0	0	0	0	0	0
1774	0	0	0	0	0	0	0
1775	0	0	0	0	0	0	0
1776	0	0	0	0	0	0	0
1777	0	0	0	0	0	0	0
1778	0	0	0	0	0	0	0
1779	0	0	0	0	0	0	0
1780	0	0	0	0	0	0	0
1781	0	0	0	0	0	0	0
1782	0	0	0	0	0	0	0
1783	0	0	0	0	0	0	0
1784	0	0	0	0	0	0	0
1785	0	0	0	0	0	0	0
1786	0	0	0	0	0	0	0
1787	0	0	0	0	0	0	0
1788	0	0	0	0	0	0	0
1789	0	0	0	0	0	0	0
1790	0	0	0	0	0	0	0
1791	0	0	0	0	0	0	0
1792	0	0	0	0	0	0	0
1793	0	0	0	0	0	0	0
1794	0	0	0	0	0	0	0
1795	0	0	0	0	0	0	0
1796	0	0	0	0	0	0	0
1797	0	0	0	0	0	0	0
1798	0	0	0	0	0	0	0
1799	0	0	0	0	0	0	0
1800	0	0	0	0	0	0	0
1801	0	0	0	0	0	0	0
1802	0	0	0	0	0	0	0
1803	0	0	0	0	0	0	0
1804	0	0	0	0	0	0	0
1805	0	0	0	0	0	0	0
1806	0	0	0	0	0	0	0
1807	0	0	0	0	0	0	0
1808	0	0	0	0	0	0	0
1809	0	0	0	0	0	0	0
1810	0	0	0	0	0	0	0
1811	0	0	0	0	0	0	0
1812	0	0	0	0	0	0	0
1813	0	0	0	0	0	0	0
1814	0	0	0	0	0	0	0
1815	0	0	0	0	0	0	0
1816	0	0	0	0	0	0	0
1817	0	0	0	0	0	0	0
1818	0	0	0	0	0	0	0
1819	0	0	0	0	0	0	0
1820	0	0	0	0	0	0	0
1821	0	0	0	0	0	0	0
1822	0	0	0	0	0	0	0
1823	0	0	0	0	0	0	0
1824	0	0	0	0	0	0	0
1825	0	0	0	0	0	0	0
1826	0	0	0	0	0	0	0
1827	0	0	0	0	0	0	0
1828	0	0	0	0	0	0	0
1829	0	0	0	0	0	0	0
1830	0	0	0	0	0	0	0
1831	0	0	0	0	0	0	0
1832	0	0	0	0	0	0	0
1833	0	0	0	0	0	0	0
1834	0	0	0	0	0	0	0
1835	0	0	0	0	0	0	0
1836	0	0	0	0	0	0	0
1837	0	0	0	0	0	0	0
1838	0	0	0	0	0	0	0
1839	0	0	0	0	0	0	0
1840	0	0	0	0	0	0	0
1841	0	0	0	0	0	0	0
1842	0	0	0	0	0	0	0
1843	0	0	0	0	0	0	0
1844	0	0	0	0	0	0	0
1845	0	0	0	0	0	0	0
1846	0	0	0	0	0	0	0
1847	0	0	0	0	0	0	0
1848	0	0	0	0	0	0	0
1849	0	0	0	0	0	0	0
1850	0	0	0	0	0	0	0
1851	0	0	0	0	0	0	0
1852	0	0	0	0	0	0	0
1853	0	0	0	0	0	0	0
1854	0	0	0	0	0	0	0
1855	0	0	0	0	0	0	0
1856	0	0	0	0	0	0	0
1857	0	0	0	0	0	0	0
1858	0	0	0	0	0	0	0
1859	0	0	0	0	0	0	0
1860	0	0	0	0	0	0	0
1861	0	0	0	0	0	0	0
1862	0	0	0	0	0	0	0
1863	0	0	0	0	0	0	0
1864	0	0	0	0	0	0	0
1865	0	0	0	0	0	0	0
1866	0	0	0	0	0	0	0
1867	0	0	0	0	0	0	0
1868	0	0	0	0	0	0	0
1869	0	0	0	0	0	0	0
1870	0	0	0	0	0	0	0
1871	0	0	0	0	0	0	0
1872	0	0	0	0	0	0	0
1873	0	0	0	0	0	0	0
1874	0	0	0	0	0	0	0
1875	0	0	0	0	0	0	0
1876	0	0	0	0	0	0	0
1877	0	0	0	0	0	0	0
1878	0	0	0	0	0	0	0
1879	0	0	0	0	0	0	0
1880	0	0	0	0	0	0	0
1881	0	0	0	0	0	0	0
1882	0	0	0	0	0	0	0
1883	0	0	0	0	0	0	0
1884	0	0	0	0	0	0	0
1885	0	0	0	0	0	0	0
1886	0	0	0	0	0	0	0
1887	0	0	0	0	0	0	0
1888	0	0	0	0	0	0	0
1889	0	0	0	0	0	0	0
1890	0	0	0	0	0	0	0
1891	0	0	0	0	0	0	0
1892	0	0	0	0	0	0	0
1893	0	0	0	0	0	0	0
1894	0	0	0	0	0	0	0
1895	0	0	0	0	0	0	0
1896	0	0	0	0	0	0	0
1897	0	0	0	0	0	0	0
1898	0	0	0	0	0	0	0
1899	0	0	0	0	0	0	0
1900	0	0	0	0	0	0	0
1901	0	0	0	0	0	0	0
1902	0	0	0	0	0	0	0
1903	0	0	0	0	0	0	0
1904	0	0	0	0	0	0	0
1905	0	0	0	0	0	0	0
1906	0	0	0	0	0	0	0
1907	0	0	0	0	0	0	0
1908	0	0	0	0	0	0	0
1909	0	0	0	0	0	0	0
1910	0	0	0	0	0	0	0
1911	0	0	0	0	0	0	0
1912	0	0	0	0	0	0	0
1913	0	0	0	0	0	0	0
1914	0	0	0	0	0	0	0
1915	0	0	0	0	0	0	0
1916	0	0	0	0	0	0	0
1917	0	0	0	0	0	0	0
1918	0	0	0	0	0	0	0
1919	0	0	0	0	0	0	0
1920	0	0	0	0	0	0	0
1921	0	0	0	0	0	0	0
1922	0	0	0	0	0	0	0
1923	0	0	0	0	0	0	0
1924	0	0	0	0	0	0	0
1925	0	0	0	0	0	0	0
1926	0	0	0	0	0	0	0
1927	0	0	0	0	0	0	0
1928	0	0	0	0	0	0	0
1929	0	0	0	0	0	0	0
1930	0	0	0	0	0	0	0
1931	0	0	0	0	0	0	0
1932	0	0	0	0	0	0	0
1933	0	0	0	0	0	0	0
1934	0	0	0	0	0	0	0
1935	0	0	0	0	0	0	0
1936	0	0	0	0	0	0	0
1937	0	0	0	0	0	0	0
1938	0	0	0	0	0	0	0
1939	0	0	0	0	0	0	0
1940	0	0	0	0	0	0	0
1941	0	0	0	0	0	0	0
1942	0	0	0	0	0	0	0
1943	0	0	0	0	0	0	0
1944	0	0	0	0	0	0	0
1945	0	0	0	0	0	0	0
1946	0	0	0	0	0	0	0
1947	0	0	0	0	0	0	0
1948	0	0	0	0	0	0	0
1949	0	0	0	0	0	0	0
1950	0	0	0	0	0	0	0
1951	0	0	0	0	0	0	0
1952	0	0	0	0	0	0	0
1953	0	0	0	0	0	0	0
1954	0	0	0	0	0	0	0
1955	0	0	0	0	0	0	0
1956	0	0	0	0	0	0	0
1957	0	0	0	0	0	0	0
1958	0	0	0	0	0	0	0
1959	0	0	0	0	0	0	0
1960	0	0	0	0	0	0	0
1961	0	0	0	0	0	0	0
1962	0	0	0	0	0	0	0
1963	0	0	0	0	0	0	0
1964	0	0	0	0	0	0	0
1965	0	0	0	0	0	0	0
1966	0	0	0	0	0	0	0
1967	0	0	0	0	0	0	0
1968	0	0	0	0	0	0	0
1969	0	0	0	0	0	0	0
1970	0	0	0	0	0	0	0
1971	0	0	0	0	0	0	0
1972	0	0	0	0	0	0	0
1973	0	0	0	0	0	0	0
1974	0	0	0	0	0	0	0
1975	0	0	0	0	0	0	0
1976	0	0	0	0	0	0	0
1977	0	0	0	0	0	0	0
1978	0	0	0	0	0	0	0
1979	0	0	0	0	0	0	0
1980	0	0	0	0	0	0	0
1981	0	0	0	0	0	0	0
1982	0	0	0	0	0	0	0
1983	0	0	0	0	0	0	0
1984	0	0	0	0	0	0	0
1985	0	0	0	0	0	0	0
1986	0	0	0	0	0	0	0
1987	0	0	0	0	0	0	0
1988	0	0	0	0	0	0	0
1989	0	0	0	0	0	0	0
1990	0	0	0	0	0	0	0
1991	0	0	0	0	0	0	0
1992	0	0	0	0	0	0	0
1993	0	0	0	0	0	0	0
1994	0	0	0	0	0	0	0
1995	0	0	0	0	0	0	0
1996	0	0	0	0	0	0	0
1997	0	0	0	0	0	0	0
1998	0	0	0	0	0	0	0
1999	0	0	0	0	0	0	0
2000	0	0	0	0	0	0	0
2001	0	0	0	0	0	0	0
2002	0	0	0	0	0	0	0
2003	0	0	0	0	0	0	0
2004	0	0	0	0	0	0	0
2005	0	0	0	0	0	0	0
2006	0	0	0	0	0	0	0
2007	0	0	0	0	0	0	0
2008	0	0	0	0	0	0	0
2009	0	0	0	0	0	0	0
2010	0	0	0	0	0	0	0
2011	0	0	0	0	0	0	0
2012	0	0	0	0	0	0	0
2013	0	0	0	0	0	0	0
2014	0	0	0	0	0	0	0
2015	0	0	0	0	0	0	0
2016	0	0	0	0	0	0	0
2017	0	0	0	0	0	0	0
2018	0	0	0	0	0	0	0
2019	0	0	0	0	0	0	0
2020	0	0	0	0	0	0	0
2021	0	0	0	0	0	0	0
2022	0	0	0	0	0	0	0
2023	0	0	0	0	0	0	0
2024	0	0	0	0	0	0	0
2025	0	0	0	0	0	0	0
2026	0	0	0	0	0	0	0
2027	0	0	0	0	0	0	0
2028	0	0	0	0	0	0	0
2029	0	0	0	0	0	0	0
2030	0	0	0	0	0	0	0
2031	0	0	0	0	0	0	0
2032	0	0	0	0	0	0	0
2033	0	0	0	0	0	0	0
2034	0	0	0	0	0	0	0
2035	0	0	0	0	0	0	0
2036	0	0	0	0	0	0	0
2037	0	0	0	0	0	0	0
2038	0	0	0	0	0	0	3.7E-05
2039	0	0	0	0	0	0	8.3E-05
2040	0	0	0	0	0	0	0.000131
2041	0	0	0	0	0	0	0.000179
2042	0	0	0	0	0	0	0.00024
2043	0	0	0	0	0	0	0.000305
2044	0	0	0	0	0	0	0.000368
2045	0	0	0	0	0	0	0.00043
2046	0	0	0	0	0	0	0.000512
2047	0	0	0	0	0	0	0.000599
2048	0	0	0	0	0	0	0.000704
2049	0	0	0	0	0	0	0.000814
2050	0	0	0	0	0	0	0.000947
2051	0	0	0	0	0	0	0.001085
2052	0	0	0	0	0	0	0.001222
2053	0	0	0	0	0	0	0.00136
2054	0	0	0	0	0	0	0.001546
2055	0	0	0	0	0	0	0.001745
2056	0	0	0	0	0	0	0.001964
2057	0	0	0	0	0	0	0.002187
2058	0	0	0	0	0	0	0.002439
2059	0	0	0	0	0	0	0.002696
2060	0	0	0	0	0	0	0.00301
2061	0	0	0	0	0	0	0.003339
2062	0	0	0	0	0	0	0.003733
2063	0	0	0	0	0	0	0.004141
2064	0	0	0	0	0	0	0.004627
2065	0	0	0	0	0	0	0.005137
2066	0	0	0	0	0	0	0.005728
2067	0	0	0	0	0	0	0.006337
2068	0	0	0	0	0	0	0.007139
2069	0	0	0	0	0	0	0.007996
2070	0	0	0	0	0	0	0.008903
2071	0	0	0	0	0	0	0.009824
2072	0	0	0	0	0	0	0.011005
2073	0	0	0	0	0	0	0.012261
2074	0	0	0	0	0	0	0.01361
2075	0	0	0	0	0	0	0.014987
2076	0	0	0	0	0	0	0.016872
2077	0	0	0	0	0	0	0.018899
2078	0	0	0	0	0	0	0.021
2079	0	0	0	0	0	0	0.023121
2080	0	0	0	0	0	0	0.025897
2081	0	0	0	0	0	0	0.028847
2082	0	0	0	0	0	0	0.032071
2083	0	0	0	0	0	0	0.035363
2084	0	0	0	0	0	0	0.040206
2085	0	0	0	0	0	0	0.045432
2086	0	0	0	0	0	0	0.050903
2087	0	0	0	0	0	0	0.056429
2088	0	0	0	0	0	0	0.06327
2089	0	0	0	0	0	0	0.070409
2090	0	0	0	0	0	0	0.079382
2091	0	0	0	0	0	0	0.088907
2092	0	0	0	0	0	0	0.10064
2093	0	0	0	0	0	0	0.11283
2094	0	0	0	0	0	0	0.128292
2095	0	0	0	0	0	0	0.144668
2096	0	0	0	0	0	0	0.162055
2097	0	0	0	0	0	0	0.179714
2098	0	0	0	0	0	0	0.20278
2099	0	0	0	0	0	0	0.227234
2100	0	0	0	0	0	0	0.253732
2101	0	0	0	0	0	0	0.280925
2102	0	0	0	0	0	0	0.311347
2103	0	0	0	0	0	0	0.342526
2104	0	0	0	0	0	0	0.377044
2105	0	0	0	0	0	0	0.412621
2106	0	0	0	0	0	0	0.45047
2107	0	0	0	0	0	0	0.488816
2108	0	0	0	0	0	0	0.522458
2109	0	0	0	0	0	0	0.554715
2110	0	0	0	0	0	0	0.593227
2111	0	0	0	0	0	0	0.633521
2112	0	0	0	0	0	0	0.663067
2113	0	0	0	0	0	0	0.689664
2114	0	0	0	0	0	0	0.722284
2115	0	0	0	0	0	0	0.756529
2116	0	0	0	0	0	0	0.776463
2117	0	0	0	0	0	0	0.792667
2118	0	0	0	0	0	0	0.813716
2119	0	0	0	0	0	0	0.836001
2120	0	0	0	0	0	0	0.846344
2121	0	0	0	0	0	0	0.853714
2122	0	0	0	0	0	0	0.867845
2123	0	0	0	0	0	0	0.883615
2124	0	0	0	0	0	0	0.886411
2125	0	0	0	0	0	0	0.886127
2126	0	0	0	0	0	0	0.895232
2127	0	0	0	0	0	0	0.906527
2128	0	0	0	0	0	0	0.909739
2129	0	0	0	0	0	0	0.911091
2130	0	0	0	0	0	0	0.917985
2131	0	0	0	0	0	0	0.926131
2132	0	0	0	0	0	0	0.929693
2133	0	0	0	0	0	0	0.932227
2134	0	0	0	0	0	0	0.936544
2135	0	0	0	0	0	0	0.941406
2136	0	0	0	0	0	0	0.942571
2137	0	0	0	0	0	0	0.942952
2138	0	0	0	0	0	0	0.943112
2139	0	0	0	0	0	0	0.943194
2140	0	0	0	0	0	0	0.945168
2141	0	0	0	0	0	0	0.947537
2142	0	0	0	0	0	0	0.948776
2143	0	0	0	0	0	0	0.949694
2144	0	0	0	0	0	0	0.949643
2145	0	0	0	0	0	0	0.9494
2146	0	0	0	0	0	0	0.952551
2147	0	0	0	0	0	0	0.956635
2148	0	0	0	0	0	0	0.953083
2149	0	0	0	0	0	0	0.947423
2150	0	0	0	0	0	0	0.949094
2151	0	0	0	0	0	0	0.952773
2152	0	0	0	0	0	0	0.950874
2153	0	0	0	0	0	0	0.947477
2154	0	0	0	0	0	0	0.947014
2155	0	0	0	0	0	0	0.947085
2156	0	0	0	0	0	0	0.951812
2157	0	0	0	0	0	0	0.957717
2158	0	0	0	0	0	0	0.953332
2159	0	0	0	0	0	0	0.946412
2160	0	0	0	0	0	0	0.947778
2161	0	0	0	0	0	0	0.951119
2162	0	0	0	0	0	0	0.951641
2163	0	0	0	0	0	0	0.951518
2164	0	0	0	0	0	0	0.948644
2165	0	0	0	0	0	0	0.944956
2166	0	0	0	0	0	0	0.942515
2167	0	0	0	0	0	0	0.940311
2168	0	0	0	0	0	0	0.9434
2169	0	0	0	0	0	0	0.947923
2170	0	0	0	0	0	0	0.94501
2171	0	0	0	0	0	0	0.940213
2172	0	0	0	0	0	0	0.938737
2173	0	0	0	0	0	0	0.93806
2174	0	0	0	0	0	0	0.941859
2175	0	0	0	0	0	0	0.947019
2176	0	0	0	0	0	0	0.946554
2177	0	0	0	0	0	0	0.944482
2178	0	0	0	0	0	0	0.947414
2179	0	0	0	0	0	0	0.951661
2180	0	0	0	0	0	0	0.949283
2181	0	0	0	0	0	0	0.945318
2182	0	0	0	0	0	0	0.939939
2183	0	0	0	0	0	0	0.934142
2184	0	0	0	0	0	0	0.935493
2185	0	0	0	0	0	0	0.93882
2186	0	0	0	0	0	0	0.939253
2187	0	0	0	0	0	0	0.938955
2188	0	0	0	0	0	0	0.934675
2189	0	0	0	0	0	0	0.929162
2190	0	0	0	0	0	0	0.927085
2191	0	0	0	0	0	0	0.925692
2192	0	0	0	0	0	0	0.930508
2193	0	0	0	0	0	0	0.936899
2194	0	0	0	0	0	0	0.933908
2195	0	0	0	0	0	0	0.927984
2196	0	0	0	0	0	0	0.930981
2197	0	0	0	0	0	0	0.936472
2198	0	0	0	0	0	0	0.935776
2199	0	0	0	0	0	0	0.933523
2200	0	0	0	0	0	0	0.935132
2201	0	0	0	0	0	0	0.937592
2202	0	0	0	0	0	0	0.946217
2203	0	0	0	0	0	0	0.956567
2204	0	0	0	0	0	0	0.955661
2205	0	0	0	0	0	0	0.951991
2206	0	0	0	0	0	0	0.956666
2207	0	0	0	0	0	0	0.963135
2208	0	0	0	0	0	0	0.964442
2209	0	0	0	0	0	0	0.964365
2210	0	0	0	0	0	0	0.963523
2211	0	0	0	0	0	0	0.962434
2212	0	0	0	0	0	0	0.962905
2213	0	0	0	0	0	0	0.963685
2214	0	0	0	0	0	0	0.962473
2215	0	0	0	0	0	0	0.960741
2216	0	0	0	0	0	0	0.959239
2217	0	0	0	0	0	0	0.957814
2218	0	0	0	0	0	0	0.957781
2219	0	0	0	0	0	0	0.958041
2220	0	0	0	0	0	0	0.953274
2221	0	0	0	0	0	0	0.94716
2222	0	0	0	0	0	0	0.951706
2223	0	0	0	0	0	0	0.958833
2224	0	0	0	0	0	0	0.960212
2225	0	0	0	0	0	0	0.960339
2226	0	0	0	0	0	0	0.954785
2227	0	0	0	0	0	0	0.947696
2228	0	0	0	0	0	0	0.951965
2229	0	0	0	0	0	0	0.95906
2230	0	0	0	0	0	0	0.960554
2231	0	0	0	0	0	0	0.960764
2232	0	0	0	0	0	0	0.95575
2233	0	0	0	0	0	0	0.949261
2234	0	0	0	0	0	0	0.953245
2235	0	0	0	0	0	0	0.95997
2236	0	0	0	0	0	0	0.963736
2237	0	0	0	0	0	0	0.966786
2238	0	0	0	0	0	0	0.964315
2239	0	0	0	0	0	0	0.960173
2240	0	0	0	0	0	0	0.965473
2241	0	0	0	0	0	0	0.973416
2242	0	0	0	0	0	0	0.977637
2243	0	0	0	0	0	0	0.980904
2244	0	0	0	0	0	0	0.98276
2245	0	0	0	0	0	0	0.984155
2246	0	0	0	0	0	0	0.984693
2247	0	0	0	0	0	0	0.985056
2248	0	0	0	0	0	0	0.991486
2249	0	0	0	0	0	0	0.9996
2250	0	0	0	0	0	0	0.997654
2251	0	0	0	0	0	0	0.993153
2252	0	0	0	0	0	0	0.992469
2253	0	0	0	0	0	0	0.992675
2254	0	0	0	0	0	0	0.995894
2255	0	0	0	0	0	0	1
2256	0	0	0	0	0	0	0.999279
2257	0	0	0	0	0	0	0.997261
2258	0	0	0	0	0	0	0.994356
2259	0	0	0	0	0	0	0.991127
2260	0	0	0	0	0	0	0.987747
2261	0	0	0	0	0	0	0.984349
2262	0	0	0	0	0	0	0.986037
2263	0	0	0	0	0	0	0.989132
2264	0	0	0	0	0	0	0.984536
2265	0	0	0	0	0	0	0.978024
2266	0	0	0	0	0	0	0.975019
2267	0	0	0	0	0	0	0.972794
2268	0	0	0	0	0	0	0.974168
2269	0	0	0	0	0	0	0.97654
2270	0	0	0	0	0	0	0.976199
2271	0	0	0	0	0	0	0.975206
2272	0	0	0	0	0	0	0.974409
2273	0	0	0	0	0	0	0.973662
2274	0	0	0	0	0	0	0.967502
2275	0	0	0	0	0	0	0.959895
2276	0	0	0	0	0	0	0.956943
2277	0	0	0	0	0	0	0.955095
2278	0	0	0	0	0	0	0.955085
2279	0	0	0	0	0	0	0.955588
2280	0	0	0	0	0	0	0.947195
2281	0	0	0	0	0	0	0.93665
2282	0	0	0	0	0	0	0.922405
2283	0	0	0	0	0	0	0.907109
2284	0	0	0	0	0	0	0.89494
2285	0	0	0	0	0	0	0.883588
2286	0	0	0	0	0	0	0.855489
2287	0	0	0	0	0	0	0.823876
2288	0	0	0	0	0	0	0.78488
2289	0	0	0	0	0	0	0.744025
2290	0	0	0	0	0	0	0.69852
2291	0	0	0	0	0	0	0.651673
2292	0	0	0	0	0	0	0.602539
2293	0	0	0	0	0	0	0.552647
2294	0	0	0	0	0	0	0.502693
2295	0	0	0	0	0	0	0.452698
2296	0	0	0	0	0	0	0.403993
2297	0	0	0	0	0	0	0.355569
2298	0	0	0	0	0	0	0.315712
2299	0	0	0	0	0	0	0.27826
2300	0	0	0	0	0	0	0.244645
2301	0	0	0	0	0	0	0.212213
2302	0	0	0	0	0	0	0.186151
2303	0	0	0	0	0	0	0.161749
2304	0	0	0	0	0	0	0.141435
2305	0	0	0	0	0	0	0.122015
2306	0	0	0	0	0	0	0.106531
2307	0	0	0	0	0	0	0.092029
2308	0	0	0	0	0	0	0.080268
2309	0	0	0	0	0	0	0.069276
2310	0	0	0	0	0	0	0.060703
2311	0	0	0	0	0	0	0.052702
2312	0	0	0	0	0	0	0.046332
2313	0	0	0	0	0	0	0.040405
2314	0	0	0	0	0	0	0.035634
2315	0	0	0	0	0	0	0.031213
2316	0	0	0	0	0	0	0.027516
2317	0	0	0	0	0	0	0.024
2318	0	0	0	0	0	0	0.021262
2319	0	0	0	0	0	0	0.018688
2320	0	0	0	0	0	0	0.016562
2321	0	0	0	0	0	0	0.014545
2322	0	0	0	0	0	0	0.01293
2323	0	0	0	0	0	0	0.011426
2324	0	0	0	0	0	0	0.010155
2325	0	0	0	0	0	0	0.008959
2326	0	0	0	0	0	0	0.007992
2327	0	0	0	0	0	0	0.007088
2328	0	0	0	0	0	0	0.006348
2329	0	0	0	0	0	0	0.005643
2330	0	0	0	0	0	0	0.005019
2331	0	0	0	0	0	0	0.004415
2332	0	0	0	0	0	0	0.003903
2333	0	0	0	0	0	0	0.003421
2334	0	0	0	0	0	0	0.003025
2335	0	0	0	0	0	0	0.002651
2336	0	0	0	0	0	0	0.00234
2337	0	0	0	0	0	0	0.002047
2338	0	0	0	0	0	0	0.001795
2339	0	0	0	0	0	0	0.001554
2340	0	0	0	0	0	0	0.001345
2341	0	0	0	0	0	0	0.001145
2342	0	0	0	0	0	0	0.000974
2343	0	0	0	0	0	0	0.000811
2344	0	0	0	0	0	0	0.00068
2345	0	0	0	0	0	0	0.00056
2346	0	0	0	0	0	0	0.00044
2347	0	0	0	0	0	0	0.00032
2348	0	0	0	0	0	0	0.000217
2349	0	0	0	0	0	0	0.000119
2350	0	0	0	0	0	0	2.8E-05
2351	0	0	0	0	0	0	0
2352	0	0	0	0	0	0	0
2353	0	0	0	0	0	0	0
2354	0	0	0	0	0	0	0
2355	0	0	0	0	0	0	0
2356	0	0	0	0	0	0	0
2357	0	0	0	0	0	0	0
2358	0	0	0	0	0	0	0
2359	0	0	0	0	0	0	0
2360	0	0	0	0	0	0	0
2361	0	0	0	0	0	0	0
2362	0	0	0	0	0	0	0
2363	0	0	0	0	0	0	0
2364	0	0	0	0	0	0	0
2365	0	0	0	0	0	0	0
2366	0	0	0	0	0	0	0
2367	0	0	0	0	0	0	0
2368	0	0	0	0	0	0	0
2369	0	0	0	0	0	0	0
2370	0	0	0	0	0	0	0
2371	0	0	0	0	0	0	0
2372	0	0	0	0	0	0	0
2373	0	0	0	0	0	0	0
2374	0	0	0	0	0	0	0
2375	0	0	0	0	0	0	0
2376	0	0	0	0	0	0	0
2377	0	0	0	0	0	0	0
2378	0	0	0	0	0	0	0
2379	0	0	0	0	0	0	0
2380	0	0	0	0	0	0	0
2381	0	0	0	0	0	0	0
2382	0	0	0	0	0	0	0
2383	0	0	0	0	0	0	0
2384	0	0	0	0	0	0	0
2385	0	0	0	0	0	0	0
2386	0	0	0	0	0	0	0
2387	0	0	0	0	0	0	0
2388	0	0	0	0	0	0	0
2389	0	0	0	0	0	0	0
2390	0	0	0	0	0	0	0
2391	0	0	0	0	0	0	0
2392	0	0	0	0	0	0	0
2393	0	0	0	0	0	0	0
2394	0	0	0	0	0	0	0
2395	0	0	0	0	0	0	0
2396	0	0	0	0	0	0	0
2397	0	0	0	0	0	0	0
2398	0	0	0	0	0	0	0
2399	0	0	0	0	0	0	0
2400	0	0	0	0	0	0	0
2401	0	0	0	0	0	0	0
2402	0	0	0	0	0	0	0
2403	0	0	0	0	0	0	0
2404	0	0	0	0	0	0	0
2405	0	0	0	0	0	0	0
2406	0	0	0	0	0	0	0
2407	0	0	0	0	0	0	0
2408	0	0	0	0	0	0	0
2409	0	0	0	0	0	0	0
2410	0	0	0	0	0	0	0
2411	0	0	0	0	0	0	0
2412	0	0	0	0	0	0	0
2413	0	0	0	0	0	0	0
2414	0	0	0	0	0	0	0
2415	0	0	0	0	0	0	0
2416	0	0	0	0	0	0	0
2417	0	0	0	0	0	0	0
2418	0	0	0	0	0	0	0
2419	0	0	0	0	0	0	0
2420	0	0	0	0	0	0	0
2421	0	0	0	0	0	0	0
2422	0	0	0	0	0	0	0
2423	0	0	0	0	0	0	0
2424	0	0	0	0	0	0	0
2425	0	0	0	0	0	0	0
2426	0	0	0	0	0	0	0
2427	0	0	0	0	0	0	0
2428	0	0	0	0	0	0	0
2429	0	0	0	0	0	0	0
2430	0	0	0	0	0	0	0
2431	0	0	0	0	0	0	0
2432	0	0	0	0	0	0	0
2433	0	0	0	0	0	0	0
2434	0	0	0	0	0	0	0
2435	0	0	0	0	0	0	0
2436	0	0	0	0	0	0	0
2437	0	0	0	0	0	0	0
2438	0	0	0	0	0	0	0
2439	0	0	0	0	0	0	0
2440	0	0	0	0	0	0	0
2441	0	0	0	0	0	0	0
2442	0	0	0	0	0	0	0
2443	0	0	0	0	0	0	0
2444	0	0	0	0	0	0	0
2445	0	0	0	0	0	0	0
2446	0	0	0	0	0	0	0
2447	0	0	0	0	0	0	0
2448	0	0	0	0	0	0	0
2449	0	0	0	0	0	0	0
2450	0	0	0	0	0	0	0
2451	0	0	0	0	0	0	0
2452	0	0	0	0	0	0	0
2453	0	0	0	0	0	0	0
2454	0	0	0	0	0	0	0
2455	0	0	0	0	0	0	0
2456	0	0	0	0	0	0	0
2457	0	0	0	0	0	0	0
2458	0	0	0	0	0	0	0
2459	0	0	0	0	0	0	0
2460	0	0	0	0	0	0	0
2461	0	0	0	0	0	0	0
2462	0	0	0	0	0	0	0
2463	0	0	0	0	0	0	0
2464	0	0	0	0	0	0	0
2465	0	0	0	0	0	0	0
2466	0	0	0	0	0	0	0
2467	0	0	0	0	0	0	0
2468	0	0	0	0	0	0	0
2469	0	0	0	0	0	0	0
2470	0	0	0	0	0	0	0
2471	0	0	0	0	0	0	0
2472	0	0	0	0	0	0	0
2473	0	0	0	0	0	0	0
2474	0	0	0	0	0	0	0
2475	0	0	0	0	0	0	0
2476	0	0	0	0	0	0	0
2477	0	0	0	0	0	0	0
2478	0	0	0	0	0	0	0
2479	0	0	0	0	0	0	0
2480	0	0	0	0	0	0	0
2481	0	0	0	0	0	0	0
2482	0	0	0	0	0	0	0
2483	0	0	0	0	0	0	0
2484	0	0	0	0	0	0	0
2485	0	0	0	0	0	0	0
2486	0	0	0	0	0	0	0
2487	0	0	0	0	0	0	0
2488	0	0	0	0	0	0	0
2489	0	0	0	0	0	0	0
2490	0	0	0	0	0	0	0
2491	0	0	0	0	0	0	0
2492	0	0	0	0	0	0	0
2493	0	0	0	0	0	0	0
2494	0	0	0	0	0	0	0
2495	0	0	0	0	0	0	0
2496	0	0	0	0	0	0	0
2497	0	0	0	0	0	0	0
2498	0	0	0	0	0	0	0
2499	0	0	0	0	0	0	0
2500	0	0	0	0	0	0	0

