      400.000    0.0558370
      401.000    0.0566160
      402.000    0.0588140
      403.000    0.0576060
      404.000    0.0571470
      405.000    0.0588490
      406.000    0.0601520
      407.000    0.0603910
      408.000    0.0608790
      409.000    0.0637450
      410.000    0.0611220
      411.000    0.0600560
      412.000    0.0603970
      413.000    0.0627360
      414.000    0.0643250
      415.000    0.0634920
      416.000    0.0639990
      417.000    0.0646770
      418.000    0.0656350
      419.000    0.0656350
      420.000    0.0669500
      421.000    0.0670530
      422.000    0.0685570
      423.000    0.0677500
      424.000    0.0712610
      425.000    0.0699430
      426.000    0.0726580
      427.000    0.0732940
      428.000    0.0736730
      429.000    0.0732950
      430.000    0.0738600
      431.000    0.0785200
      432.000    0.0740460
      433.000    0.0725940
      434.000    0.0770020
      435.000    0.0785860
      436.000    0.0798120
      437.000    0.0801140
      438.000    0.0811920
      439.000    0.0801140
      440.000    0.0820450
      441.000    0.0830450
      442.000    0.0824210
      443.000    0.0844030
      444.000    0.0843180
      445.000    0.0865100
      446.000    0.0861880
      447.000    0.0903030
      448.000    0.0908690
      449.000    0.0903670
      450.000    0.0907020
      451.000    0.0935240
      452.000    0.0936970
      453.000    0.0945660
      454.000    0.0951810
      455.000    0.0957180
      456.000    0.0960130
      457.000    0.0958380
      458.000    0.0967210
      459.000    0.0957950
      460.000    0.0957850
      461.000    0.0995010
      462.000    0.0976830
      463.000    0.0969600
      464.000    0.0980760
      465.000    0.0982190
      466.000    0.0993240
      467.000     0.101430
      468.000     0.101610
      469.000     0.101620
      470.000     0.103120
      471.000     0.103290
      472.000     0.102480
      473.000     0.103040
      474.000     0.103610
      475.000     0.104340
      476.000     0.106380
      477.000     0.104730
      478.000     0.108220
      479.000     0.108220
      480.000     0.109880
      481.000     0.109080
      482.000     0.110850
      483.000     0.109000
      484.000     0.109650
      485.000     0.113370
      486.000     0.115550
      487.000     0.114310
      488.000     0.114310
      489.000     0.114510
      490.000     0.117510
      491.000     0.117040
      492.000     0.118720
      493.000     0.119570
      494.000     0.118720
      495.000     0.119770
      496.000     0.119770
      497.000     0.122610
      498.000     0.126300
      499.000     0.126910
      500.000     0.126250
      501.000     0.128300
      502.000     0.127030
      503.000     0.125490
      504.000     0.124840
      505.000     0.124390
      506.000     0.127860
      507.000     0.128020
      508.000     0.130110
      509.000     0.129000
      510.000     0.133930
      511.000     0.134740
      512.000     0.134290
      513.000     0.134740
      514.000     0.136480
      515.000     0.137410
      516.000     0.138860
      517.000     0.141430
      518.000     0.142480
      519.000     0.142810
      520.000     0.146040
      521.000     0.145920
      522.000     0.143650
      523.000     0.144210
      524.000     0.144650
      525.000     0.144890
      526.000     0.147790
      527.000     0.147500
      528.000     0.147850
      529.000     0.147850
      530.000     0.149270
      531.000     0.151960
      532.000     0.153010
      533.000     0.155140
      534.000     0.156190
      535.000     0.155640
      536.000     0.154850
      537.000     0.157670
      538.000     0.161660
      539.000     0.161930
      540.000     0.162460
      541.000     0.163810
      542.000     0.161940
      543.000     0.163500
      544.000     0.167180
      545.000     0.167150
      546.000     0.167150
      547.000     0.167430
      548.000     0.171350
      549.000     0.172360
      550.000     0.174650
      551.000     0.175430
      552.000     0.174620
      553.000     0.176140
      554.000     0.180790
      555.000     0.180230
      556.000     0.179400
      557.000     0.178580
      558.000     0.179400
      559.000     0.180710
      560.000     0.184530
      561.000     0.187070
      562.000     0.189670
      563.000     0.190700
      564.000     0.191160
      565.000     0.191090
      566.000     0.194250
      567.000     0.194540
      568.000     0.192700
      569.000     0.194320
      570.000     0.196240
      571.000     0.199350
      572.000     0.199200
      573.000     0.201590
      574.000     0.205930
      575.000     0.203900
      576.000     0.207170
      577.000     0.207170
      578.000     0.204950
      579.000     0.204950
      580.000     0.205880
      581.000     0.205880
      582.000     0.209340
      583.000     0.209450
      584.000     0.210520
      585.000     0.217530
      586.000     0.218630
      587.000     0.216320
      588.000     0.218040
      589.000     0.217540
      590.000     0.216890
      591.000     0.215990
      592.000     0.215430
      593.000     0.217470
      594.000     0.216490
      595.000     0.215400
      596.000     0.221260
      597.000     0.220040
      598.000     0.220780
      599.000     0.220120
      600.000     0.219960
      601.000     0.222150
      602.000     0.223380
      603.000     0.220840
      604.000     0.221650
      605.000     0.221320
      606.000     0.224940
      607.000     0.224610
      608.000     0.219710
      609.000     0.224610
      610.000     0.222440
      611.000     0.225000
      612.000     0.223310
      613.000     0.224440
      614.000     0.223370
      615.000     0.225090
      616.000     0.223750
      617.000     0.221500
      618.000     0.222140
      619.000     0.222460
      620.000     0.223520
      621.000     0.224460
      622.000     0.223690
      623.000     0.224790
      624.000     0.224520
      625.000     0.227170
      626.000     0.228920
      627.000     0.224140
      628.000     0.224850
      629.000     0.230260
      630.000     0.230980
      631.000     0.228850
      632.000     0.229010
      633.000     0.227660
      634.000     0.231060
      635.000     0.232380
      636.000     0.231320
      637.000     0.228200
      638.000     0.223380
      639.000     0.227330
      640.000     0.232420
      641.000     0.234080
      642.000     0.234080
      643.000     0.231790
      644.000     0.228730
      645.000     0.231460
      646.000     0.230720
      647.000     0.230070
      648.000     0.232120
      649.000     0.234810
      650.000     0.235720
      651.000     0.236820
      652.000     0.234020
      653.000     0.232070
      654.000     0.233060
      655.000     0.236780
      656.000     0.237790
      657.000     0.239930
      658.000     0.238920
      659.000     0.237470
      660.000     0.239860
      661.000     0.238820
      662.000     0.238460
      663.000     0.238840
      664.000     0.240920
      665.000     0.240240
      666.000     0.239540
      667.000     0.240550
      668.000     0.241570
      669.000     0.239540
      670.000     0.237860
      671.000     0.237860
      672.000     0.239540
      673.000     0.240550
      674.000     0.244680
      675.000     0.245090
      676.000     0.243650
      677.000     0.244340
      678.000     0.245030
      679.000     0.243660
      680.000     0.241280
      681.000     0.242990
      682.000     0.242300
      683.000     0.244690
      684.000     0.247090
      685.000     0.246750
      686.000     0.247750
      687.000     0.247400
      688.000     0.248810
      689.000     0.248780
      690.000     0.247400
      691.000     0.249830
      692.000     0.249840
      693.000     0.250190
      694.000     0.249840
      695.000     0.250870
      696.000     0.251240
      697.000     0.251220
      698.000     0.254070
      699.000     0.258970
      700.000     0.250450
      701.000     0.251480
      702.000     0.250450
      703.000     0.249410
      704.000     0.251430
      705.000     0.249070
      706.000     0.250750
      707.000     0.252450
      708.000     0.254480
      709.000     0.253790
      710.000     0.253110
      711.000     0.253110
      712.000     0.252750
      713.000     0.253110
      714.000     0.255510
      715.000     0.259580
      716.000     0.257550
      717.000     0.256850
      718.000     0.255430
      719.000     0.252730
      720.000     0.251680
      721.000     0.252670
      722.000     0.254030
      723.000     0.254710
      724.000     0.253680
      725.000     0.253700
      726.000     0.253020
      727.000     0.256710
      728.000     0.256370
      729.000     0.256370
      730.000     0.261060
      731.000     0.257680
      732.000     0.261760
      733.000     0.259440
      734.000     0.260760
      735.000     0.259750
      736.000     0.261460
      737.000     0.257370
      738.000     0.257710
      739.000     0.258370
      740.000     0.261720
      741.000     0.264010
      742.000     0.265010
      743.000     0.263770
      744.000     0.263370
      745.000     0.261020
      746.000     0.261020
      747.000     0.262670
      748.000     0.262620
      749.000     0.264020
      750.000     0.264020
      751.000     0.263670
      752.000     0.263020
      753.000     0.265010
      754.000     0.265770
      755.000     0.266770
      756.000     0.268650
      757.000     0.265660
      758.000     0.263280
      759.000     0.264920
      760.000     0.266610
      761.000     0.267360
      762.000     0.269070
      763.000     0.269780
      764.000     0.267950
      765.000     0.266500
      766.000     0.268240
      767.000     0.268880
      768.000     0.267200
      769.000     0.266270
      770.000     0.268890
      771.000     0.268900
      772.000     0.270170
      773.000     0.272220
      774.000     0.273360
      775.000     0.272790
      776.000     0.270070
      777.000     0.272640
      778.000     0.272150
      779.000     0.273850
      780.000     0.272230
      781.000     0.273920
      782.000     0.276360
      783.000     0.271240
      784.000     0.271940
      785.000     0.273720
      786.000     0.275000
      787.000     0.270960
      788.000     0.272940
      789.000     0.275210
      790.000     0.274930
      791.000     0.273160
      792.000     0.274570
      793.000     0.279620
      794.000     0.278900
      795.000     0.280990
      796.000     0.279990
      797.000     0.277080
      798.000     0.276790
      799.000     0.276790
      800.000     0.276790
      801.000     0.277208
      802.000     0.277625
      803.000     0.278042
      804.000     0.278460
      805.000     0.278625
      806.000     0.278790
      807.000     0.278955
      808.000     0.279120
      809.000     0.279527
      810.000     0.279935
      811.000     0.280343
      812.000     0.280750
      813.000     0.280892
      814.000     0.281035
      815.000     0.281178
      816.000     0.281320
      817.000     0.281063
      818.000     0.280805
      819.000     0.280547
      820.000     0.280290
      821.000     0.280390
      822.000     0.280490
      823.000     0.280590
      824.000     0.280690
      825.000     0.280143
      826.000     0.279595
      827.000     0.279047
      828.000     0.278500
      829.000     0.278798
      830.000     0.279095
      831.000     0.279392
      832.000     0.279690
      833.000     0.279560
      834.000     0.279430
      835.000     0.279300
      836.000     0.279170
      837.000     0.279170
      838.000     0.279170
      839.000     0.279170
      840.000     0.279170
      841.000     0.278482
      842.000     0.277795
      843.000     0.277108
      844.000     0.276420
      845.000     0.276420
      846.000     0.276420
      847.000     0.276420
      848.000     0.276420
      849.000     0.276350
      850.000     0.276280
      851.000     0.276210
      852.000     0.276140
      853.000     0.276140
      854.000     0.276140
      855.000     0.276140
      856.000     0.276140
      857.000     0.276235
      858.000     0.276330
      859.000     0.276425
      860.000     0.276520
      861.000     0.276100
      862.000     0.275680
      863.000     0.275260
      864.000     0.274840
      865.000     0.274797
      866.000     0.274755
      867.000     0.274713
      868.000     0.274670
      869.000     0.274832
      870.000     0.274995
      871.000     0.275158
      872.000     0.275320
      873.000     0.275320
      874.000     0.275320
      875.000     0.275320
      876.000     0.275320
      877.000     0.274827
      878.000     0.274335
      879.000     0.273843
      880.000     0.273350
      881.000     0.274100
      882.000     0.274850
      883.000     0.275600
      884.000     0.276350
      885.000     0.275995
      886.000     0.275640
      887.000     0.275285
      888.000     0.274930
      889.000     0.274820
      890.000     0.274710
      891.000     0.274600
      892.000     0.274490
      893.000     0.274325
      894.000     0.274160
      895.000     0.273995
      896.000     0.273830
      897.000     0.274063
      898.000     0.274295
      899.000     0.274527
      900.000     0.274760
      901.000     0.274992
      902.000     0.275225
      903.000     0.275458
      904.000     0.275690
      905.000     0.275475
      906.000     0.275260
      907.000     0.275045
      908.000     0.274830
      909.000     0.275692
      910.000     0.276555
      911.000     0.277417
      912.000     0.278280
      913.000     0.277950
      914.000     0.277620
      915.000     0.277290
      916.000     0.276960
      917.000     0.277097
      918.000     0.277235
      919.000     0.277372
      920.000     0.277510
      921.000     0.277492
      922.000     0.277475
      923.000     0.277457
      924.000     0.277440
      925.000     0.277875
      926.000     0.278310
      927.000     0.278745
      928.000     0.279180
      929.000     0.279110
      930.000     0.279040
      931.000     0.278970
      932.000     0.278900
      933.000     0.278760
      934.000     0.278620
      935.000     0.278480
      936.000     0.278340
      937.000     0.278082
      938.000     0.277825
      939.000     0.277568
      940.000     0.277310
      941.000     0.277685
      942.000     0.278060
      943.000     0.278435
      944.000     0.278810
      945.000     0.278880
      946.000     0.278950
      947.000     0.279020
      948.000     0.279090
      949.000     0.279230
      950.000     0.279370
      951.000     0.279510
      952.000     0.279650
      953.000     0.280095
      954.000     0.280540
      955.000     0.280985
      956.000     0.281430
      957.000     0.281218
      958.000     0.281005
      959.000     0.280793
      960.000     0.280580
      961.000     0.280143
      962.000     0.279705
      963.000     0.279267
      964.000     0.278830
      965.000     0.279437
      966.000     0.280045
      967.000     0.280652
      968.000     0.281260
      969.000     0.281215
      970.000     0.281170
      971.000     0.281125
      972.000     0.281080
      973.000     0.280870
      974.000     0.280660
      975.000     0.280450
      976.000     0.280240
      977.000     0.279385
      978.000     0.278530
      979.000     0.277675
      980.000     0.276820
      981.000     0.277100
      982.000     0.277380
      983.000     0.277660
      984.000     0.277940
      985.000     0.279285
      986.000     0.280630
      987.000     0.281975
      988.000     0.283320
      989.000     0.282565
      990.000     0.281810
      991.000     0.281055
      992.000     0.280300
      993.000     0.280658
      994.000     0.281015
      995.000     0.281372
      996.000     0.281730
      997.000     0.282127
      998.000     0.282525
      999.000     0.282923
      1000.00     0.283320
      1001.00     0.283320
      1002.00     0.283320
      1003.00     0.283320
      1004.00     0.283320
      1005.00     0.283360
      1006.00     0.283400
      1007.00     0.283440
      1008.00     0.283480
      1009.00     0.283857
      1010.00     0.284235
      1011.00     0.284613
      1012.00     0.284990
      1013.00     0.284990
      1014.00     0.284990
      1015.00     0.284990
      1016.00     0.284990
      1017.00     0.285255
      1018.00     0.285520
      1019.00     0.285785
      1020.00     0.286050
      1021.00     0.285915
      1022.00     0.285780
      1023.00     0.285645
      1024.00     0.285510
      1025.00     0.285152
      1026.00     0.284795
      1027.00     0.284438
      1028.00     0.284080
      1029.00     0.283562
      1030.00     0.283045
      1031.00     0.282528
      1032.00     0.282010
      1033.00     0.282377
      1034.00     0.282745
      1035.00     0.283112
      1036.00     0.283480
      1037.00     0.283692
      1038.00     0.283905
      1039.00     0.284118
      1040.00     0.284330
      1041.00     0.284752
      1042.00     0.285175
      1043.00     0.285598
      1044.00     0.286020
      1045.00     0.285897
      1046.00     0.285775
      1047.00     0.285652
      1048.00     0.285530
      1049.00     0.286433
      1050.00     0.287335
      1051.00     0.288237
      1052.00     0.289140
      1053.00     0.288978
      1054.00     0.288815
      1055.00     0.288652
      1056.00     0.288490
      1057.00     0.288177
      1058.00     0.287865
      1059.00     0.287553
      1060.00     0.287240
      1061.00     0.287260
      1062.00     0.287280
      1063.00     0.287300
      1064.00     0.287320
      1065.00     0.287915
      1066.00     0.288510
      1067.00     0.289105
      1068.00     0.289700
      1069.00     0.289373
      1070.00     0.289045
      1071.00     0.288718
      1072.00     0.288390
      1073.00     0.288557
      1074.00     0.288725
      1075.00     0.288893
      1076.00     0.289060
      1077.00     0.289438
      1078.00     0.289815
      1079.00     0.290192
      1080.00     0.290570
      1081.00     0.290648
      1082.00     0.290725
      1083.00     0.290802
      1084.00     0.290880
      1085.00     0.291497
      1086.00     0.292115
      1087.00     0.292732
      1088.00     0.293350
      1089.00     0.293437
      1090.00     0.293525
      1091.00     0.293613
      1092.00     0.293700
      1093.00     0.293353
      1094.00     0.293005
      1095.00     0.292657
      1096.00     0.292310
      1097.00     0.291698
      1098.00     0.291085
      1099.00     0.290473
      1100.00     0.289860
      1101.00     0.289465
      1102.00     0.289070
      1103.00     0.288675
      1104.00     0.288280
      1105.00     0.289472
      1106.00     0.290665
      1107.00     0.291857
      1108.00     0.293050
      1109.00     0.293025
      1110.00     0.293000
      1111.00     0.292975
      1112.00     0.292950
      1113.00     0.293805
      1114.00     0.294660
      1115.00     0.295515
      1116.00     0.296370
      1117.00     0.296833
      1118.00     0.297295
      1119.00     0.297758
      1120.00     0.298220
      1121.00     0.298533
      1122.00     0.298845
      1123.00     0.299158
      1124.00     0.299470
      1125.00     0.298695
      1126.00     0.297920
      1127.00     0.297145
      1128.00     0.296370
      1129.00     0.297210
      1130.00     0.298050
      1131.00     0.298890
      1132.00     0.299730
      1133.00     0.299825
      1134.00     0.299920
      1135.00     0.300015
      1136.00     0.300110
      1137.00     0.300507
      1138.00     0.300905
      1139.00     0.301302
      1140.00     0.301700
      1141.00     0.300380
      1142.00     0.299060
      1143.00     0.297740
      1144.00     0.296420
      1145.00     0.296520
      1146.00     0.296620
      1147.00     0.296720
      1148.00     0.296820
      1149.00     0.296990
      1150.00     0.297160
      1151.00     0.297330
      1152.00     0.297500
      1153.00     0.297730
      1154.00     0.297960
      1155.00     0.298190
      1156.00     0.298420
      1157.00     0.298735
      1158.00     0.299050
      1159.00     0.299365
      1160.00     0.299680
      1161.00     0.300297
      1162.00     0.300915
      1163.00     0.301533
      1164.00     0.302150
      1165.00     0.302458
      1166.00     0.302765
      1167.00     0.303072
      1168.00     0.303380
      1169.00     0.303690
      1170.00     0.304000
      1171.00     0.304310
      1172.00     0.304620
      1173.00     0.304770
      1174.00     0.304920
      1175.00     0.305070
      1176.00     0.305220
      1177.00     0.305455
      1178.00     0.305690
      1179.00     0.305925
      1180.00     0.306160
      1181.00     0.306390
      1182.00     0.306620
      1183.00     0.306850
      1184.00     0.307080
      1185.00     0.307378
      1186.00     0.307675
      1187.00     0.307972
      1188.00     0.308270
      1189.00     0.308502
      1190.00     0.308735
      1191.00     0.308968
      1192.00     0.309200
      1193.00     0.309200
      1194.00     0.309200
      1195.00     0.309200
      1196.00     0.309200
      1197.00     0.309435
      1198.00     0.309670
      1199.00     0.309905
      1200.00     0.310140
      1201.00     0.310140
      1202.00     0.310140
      1203.00     0.310140
      1204.00     0.310140
      1205.00     0.310598
      1206.00     0.311055
      1207.00     0.311513
      1208.00     0.311970
      1209.00     0.312517
      1210.00     0.313065
      1211.00     0.313612
      1212.00     0.314160
      1213.00     0.313925
      1214.00     0.313690
      1215.00     0.313455
      1216.00     0.313220
      1217.00     0.313375
      1218.00     0.313530
      1219.00     0.313685
      1220.00     0.313840
      1221.00     0.313605
      1222.00     0.313370
      1223.00     0.313135
      1224.00     0.312900
      1225.00     0.313610
      1226.00     0.314320
      1227.00     0.315030
      1228.00     0.315740
      1229.00     0.316060
      1230.00     0.316380
      1231.00     0.316700
      1232.00     0.317020
      1233.00     0.316940
      1234.00     0.316860
      1235.00     0.316780
      1236.00     0.316700
      1237.00     0.316775
      1238.00     0.316850
      1239.00     0.316925
      1240.00     0.317000
      1241.00     0.317160
      1242.00     0.317320
      1243.00     0.317480
      1244.00     0.317640
      1245.00     0.318583
      1246.00     0.319525
      1247.00     0.320468
      1248.00     0.321410
      1249.00     0.320772
      1250.00     0.320135
      1251.00     0.319497
      1252.00     0.318860
      1253.00     0.318540
      1254.00     0.318220
      1255.00     0.317900
      1256.00     0.317580
      1257.00     0.317627
      1258.00     0.317675
      1259.00     0.317722
      1260.00     0.317770
      1261.00     0.317483
      1262.00     0.317195
      1263.00     0.316907
      1264.00     0.316620
      1265.00     0.316940
      1266.00     0.317260
      1267.00     0.317580
      1268.00     0.317900
      1269.00     0.318448
      1270.00     0.318995
      1271.00     0.319542
      1272.00     0.320090
      1273.00     0.320157
      1274.00     0.320225
      1275.00     0.320293
      1276.00     0.320360
      1277.00     0.320193
      1278.00     0.320025
      1279.00     0.319857
      1280.00     0.319690
      1281.00     0.320385
      1282.00     0.321080
      1283.00     0.321775
      1284.00     0.322470
      1285.00     0.323240
      1286.00     0.324010
      1287.00     0.324780
      1288.00     0.325550
      1289.00     0.325935
      1290.00     0.326320
      1291.00     0.326705
      1292.00     0.327090
      1293.00     0.327590
      1294.00     0.328090
      1295.00     0.328590
      1296.00     0.329090
      1297.00     0.328175
      1298.00     0.327260
      1299.00     0.326345
      1300.00     0.325430
      1301.00     0.325490
      1302.00     0.325550
      1303.00     0.325610
      1304.00     0.325670
      1305.00     0.326175
      1306.00     0.326680
      1307.00     0.327185
      1308.00     0.327690
      1309.00     0.327770
      1310.00     0.327850
      1311.00     0.327930
      1312.00     0.328010
      1313.00     0.327630
      1314.00     0.327250
      1315.00     0.326870
      1316.00     0.326490
      1317.00     0.326652
      1318.00     0.326815
      1319.00     0.326977
      1320.00     0.327140
      1321.00     0.327303
      1322.00     0.327465
      1323.00     0.327627
      1324.00     0.327790
      1325.00     0.327305
      1326.00     0.326820
      1327.00     0.326335
      1328.00     0.325850
      1329.00     0.325930
      1330.00     0.326010
      1331.00     0.326090
      1332.00     0.326170
      1333.00     0.326585
      1334.00     0.327000
      1335.00     0.327415
      1336.00     0.327830
      1337.00     0.328893
      1338.00     0.329955
      1339.00     0.331017
      1340.00     0.332080
      1341.00     0.330963
      1342.00     0.329845
      1343.00     0.328728
      1344.00     0.327610
      1345.00     0.327420
      1346.00     0.327230
      1347.00     0.327040
      1348.00     0.326850
      1349.00     0.326750
      1350.00     0.326650
      1351.00     0.326550
      1352.00     0.326450
      1353.00     0.327315
      1354.00     0.328180
      1355.00     0.329045
      1356.00     0.329910
      1357.00     0.329700
      1358.00     0.329490
      1359.00     0.329280
      1360.00     0.329070
      1361.00     0.328345
      1362.00     0.327620
      1363.00     0.326895
      1364.00     0.326170
      1365.00     0.326078
      1366.00     0.325985
      1367.00     0.325893
      1368.00     0.325800
      1369.00     0.326485
      1370.00     0.327170
      1371.00     0.327855
      1372.00     0.328540
      1373.00     0.328395
      1374.00     0.328250
      1375.00     0.328105
      1376.00     0.327960
      1377.00     0.327603
      1378.00     0.327245
      1379.00     0.326888
      1380.00     0.326530
      1381.00     0.327088
      1382.00     0.327645
      1383.00     0.328202
      1384.00     0.328760
      1385.00     0.327502
      1386.00     0.326245
      1387.00     0.324988
      1388.00     0.323730
      1389.00     0.323008
      1390.00     0.322285
      1391.00     0.321562
      1392.00     0.320840
      1393.00     0.320775
      1394.00     0.320710
      1395.00     0.320645
      1396.00     0.320580
      1397.00     0.319777
      1398.00     0.318975
      1399.00     0.318172
      1400.00     0.317370
      1401.00     0.317275
      1402.00     0.317180
      1403.00     0.317085
      1404.00     0.316990
      1405.00     0.316895
      1406.00     0.316800
      1407.00     0.316705
      1408.00     0.316610
      1409.00     0.317072
      1410.00     0.317535
      1411.00     0.317998
      1412.00     0.318460
      1413.00     0.319393
      1414.00     0.320325
      1415.00     0.321258
      1416.00     0.322190
      1417.00     0.322670
      1418.00     0.323150
      1419.00     0.323630
      1420.00     0.324110
      1421.00     0.324192
      1422.00     0.324275
      1423.00     0.324358
      1424.00     0.324440
      1425.00     0.324675
      1426.00     0.324910
      1427.00     0.325145
      1428.00     0.325380
      1429.00     0.325600
      1430.00     0.325820
      1431.00     0.326040
      1432.00     0.326260
      1433.00     0.326015
      1434.00     0.325770
      1435.00     0.325525
      1436.00     0.325280
      1437.00     0.325617
      1438.00     0.325955
      1439.00     0.326293
      1440.00     0.326630
      1441.00     0.327013
      1442.00     0.327395
      1443.00     0.327778
      1444.00     0.328160
      1445.00     0.328575
      1446.00     0.328990
      1447.00     0.329405
      1448.00     0.329820
      1449.00     0.330967
      1450.00     0.332115
      1451.00     0.333263
      1452.00     0.334410
      1453.00     0.335362
      1454.00     0.336315
      1455.00     0.337268
      1456.00     0.338220
      1457.00     0.338335
      1458.00     0.338450
      1459.00     0.338565
      1460.00     0.338680
      1461.00     0.338883
      1462.00     0.339085
      1463.00     0.339288
      1464.00     0.339490
      1465.00     0.339405
      1466.00     0.339320
      1467.00     0.339235
      1468.00     0.339150
      1469.00     0.339765
      1470.00     0.340380
      1471.00     0.340995
      1472.00     0.341610
      1473.00     0.341445
      1474.00     0.341280
      1475.00     0.341115
      1476.00     0.340950
      1477.00     0.341123
      1478.00     0.341295
      1479.00     0.341468
      1480.00     0.341640
      1481.00     0.341728
      1482.00     0.341815
      1483.00     0.341903
      1484.00     0.341990
      1485.00     0.342413
      1486.00     0.342835
      1487.00     0.343257
      1488.00     0.343680
      1489.00     0.344160
      1490.00     0.344640
      1491.00     0.345120
      1492.00     0.345600
      1493.00     0.344560
      1494.00     0.343520
      1495.00     0.342480
      1496.00     0.341440
      1497.00     0.341563
      1498.00     0.341685
      1499.00     0.341808
      1500.00     0.341930
      1501.00     0.342873
      1502.00     0.343815
      1503.00     0.344757
      1504.00     0.345700
      1505.00     0.345932
      1506.00     0.346165
      1507.00     0.346397
      1508.00     0.346630
      1509.00     0.346372
      1510.00     0.346115
      1511.00     0.345858
      1512.00     0.345600
      1513.00     0.345685
      1514.00     0.345770
      1515.00     0.345855
      1516.00     0.345940
      1517.00     0.345768
      1518.00     0.345595
      1519.00     0.345423
      1520.00     0.345250
      1521.00     0.345482
      1522.00     0.345715
      1523.00     0.345948
      1524.00     0.346180
      1525.00     0.346392
      1526.00     0.346605
      1527.00     0.346817
      1528.00     0.347030
      1529.00     0.346645
      1530.00     0.346260
      1531.00     0.345875
      1532.00     0.345490
      1533.00     0.345875
      1534.00     0.346260
      1535.00     0.346645
      1536.00     0.347030
      1537.00     0.347827
      1538.00     0.348625
      1539.00     0.349422
      1540.00     0.350220
      1541.00     0.350753
      1542.00     0.351285
      1543.00     0.351817
      1544.00     0.352350
      1545.00     0.352437
      1546.00     0.352525
      1547.00     0.352612
      1548.00     0.352700
      1549.00     0.353392
      1550.00     0.354085
      1551.00     0.354778
      1552.00     0.355470
      1553.00     0.354768
      1554.00     0.354065
      1555.00     0.353363
      1556.00     0.352660
      1557.00     0.352233
      1558.00     0.351805
      1559.00     0.351377
      1560.00     0.350950
      1561.00     0.351300
      1562.00     0.351650
      1563.00     0.352000
      1564.00     0.352350
      1565.00     0.352260
      1566.00     0.352170
      1567.00     0.352080
      1568.00     0.351990
      1569.00     0.350893
      1570.00     0.349795
      1571.00     0.348697
      1572.00     0.347600
      1573.00     0.348032
      1574.00     0.348465
      1575.00     0.348897
      1576.00     0.349330
      1577.00     0.349622
      1578.00     0.349915
      1579.00     0.350207
      1580.00     0.350500
      1581.00     0.350850
      1582.00     0.351200
      1583.00     0.351550
      1584.00     0.351900
      1585.00     0.352307
      1586.00     0.352715
      1587.00     0.353123
      1588.00     0.353530
      1589.00     0.353378
      1590.00     0.353225
      1591.00     0.353072
      1592.00     0.352920
      1593.00     0.353827
      1594.00     0.354735
      1595.00     0.355642
      1596.00     0.356550
      1597.00     0.357260
      1598.00     0.357970
      1599.00     0.358680
      1600.00     0.359390
      1601.00     0.358945
      1602.00     0.358500
      1603.00     0.358055
      1604.00     0.357610
      1605.00     0.357238
      1606.00     0.356865
      1607.00     0.356492
      1608.00     0.356120
      1609.00     0.356245
      1610.00     0.356370
      1611.00     0.356495
      1612.00     0.356620
      1613.00     0.357402
      1614.00     0.358185
      1615.00     0.358967
      1616.00     0.359750
      1617.00     0.359590
      1618.00     0.359430
      1619.00     0.359270
      1620.00     0.359110
      1621.00     0.359717
      1622.00     0.360325
      1623.00     0.360932
      1624.00     0.361540
      1625.00     0.361472
      1626.00     0.361405
      1627.00     0.361337
      1628.00     0.361270
      1629.00     0.360767
      1630.00     0.360265
      1631.00     0.359762
      1632.00     0.359260
      1633.00     0.359492
      1634.00     0.359725
      1635.00     0.359958
      1636.00     0.360190
      1637.00     0.360202
      1638.00     0.360215
      1639.00     0.360227
      1640.00     0.360240
      1641.00     0.361025
      1642.00     0.361810
      1643.00     0.362595
      1644.00     0.363380
      1645.00     0.363600
      1646.00     0.363820
      1647.00     0.364040
      1648.00     0.364260
      1649.00     0.364442
      1650.00     0.364625
      1651.00     0.364807
      1652.00     0.364990
      1653.00     0.364535
      1654.00     0.364080
      1655.00     0.363625
      1656.00     0.363170
      1657.00     0.362438
      1658.00     0.361705
      1659.00     0.360972
      1660.00     0.360240
      1661.00     0.360510
      1662.00     0.360780
      1663.00     0.361050
      1664.00     0.361320
      1665.00     0.361602
      1666.00     0.361885
      1667.00     0.362168
      1668.00     0.362450
      1669.00     0.362360
      1670.00     0.362270
      1671.00     0.362180
      1672.00     0.362090
      1673.00     0.363562
      1674.00     0.365035
      1675.00     0.366508
      1676.00     0.367980
      1677.00     0.367243
      1678.00     0.366505
      1679.00     0.365767
      1680.00     0.365030
      1681.00     0.364668
      1682.00     0.364305
      1683.00     0.363943
      1684.00     0.363580
      1685.00     0.363400
      1686.00     0.363220
      1687.00     0.363040
      1688.00     0.362860
      1689.00     0.362450
      1690.00     0.362040
      1691.00     0.361630
      1692.00     0.361220
      1693.00     0.361347
      1694.00     0.361475
      1695.00     0.361603
      1696.00     0.361730
      1697.00     0.361960
      1698.00     0.362190
      1699.00     0.362420
      1700.00     0.362650
      1701.00     0.363052
      1702.00     0.363455
      1703.00     0.363858
      1704.00     0.364260
      1705.00     0.364403
      1706.00     0.364545
      1707.00     0.364688
      1708.00     0.364830
      1709.00     0.365145
      1710.00     0.365460
      1711.00     0.365775
      1712.00     0.366090
      1713.00     0.366550
      1714.00     0.367010
      1715.00     0.367470
      1716.00     0.367930
      1717.00     0.367512
      1718.00     0.367095
      1719.00     0.366677
      1720.00     0.366260
      1721.00     0.365695
      1722.00     0.365130
      1723.00     0.364565
      1724.00     0.364000
      1725.00     0.363563
      1726.00     0.363125
      1727.00     0.362687
      1728.00     0.362250
      1729.00     0.362390
      1730.00     0.362530
      1731.00     0.362670
      1732.00     0.362810
      1733.00     0.363182
      1734.00     0.363555
      1735.00     0.363928
      1736.00     0.364300
      1737.00     0.364795
      1738.00     0.365290
      1739.00     0.365785
      1740.00     0.366280
      1741.00     0.366370
      1742.00     0.366460
      1743.00     0.366550
      1744.00     0.366640
      1745.00     0.366733
      1746.00     0.366825
      1747.00     0.366917
      1748.00     0.367010
      1749.00     0.367193
      1750.00     0.367375
      1751.00     0.367557
      1752.00     0.367740
      1753.00     0.367277
      1754.00     0.366815
      1755.00     0.366352
      1756.00     0.365890
      1757.00     0.365890
      1758.00     0.365890
      1759.00     0.365890
      1760.00     0.365890
      1761.00     0.365797
      1762.00     0.365705
      1763.00     0.365612
      1764.00     0.365520
      1765.00     0.365892
      1766.00     0.366265
      1767.00     0.366637
      1768.00     0.367010
      1769.00     0.366547
      1770.00     0.366085
      1771.00     0.365622
      1772.00     0.365160
      1773.00     0.365342
      1774.00     0.365525
      1775.00     0.365707
      1776.00     0.365890
      1777.00     0.366072
      1778.00     0.366255
      1779.00     0.366437
      1780.00     0.366620
      1781.00     0.366345
      1782.00     0.366070
      1783.00     0.365795
      1784.00     0.365520
      1785.00     0.365885
      1786.00     0.366250
      1787.00     0.366615
      1788.00     0.366980
      1789.00     0.366747
      1790.00     0.366515
      1791.00     0.366283
      1792.00     0.366050
      1793.00     0.366747
      1794.00     0.367445
      1795.00     0.368142
      1796.00     0.368840
      1797.00     0.368797
      1798.00     0.368755
      1799.00     0.368713
      1800.00     0.368670
      1801.00     0.368248
      1802.00     0.367825
      1803.00     0.367403
      1804.00     0.366980
      1805.00     0.367770
      1806.00     0.368560
      1807.00     0.369350
      1808.00     0.370140
      1809.00     0.369955
      1810.00     0.369770
      1811.00     0.369585
      1812.00     0.369400
      1813.00     0.369493
      1814.00     0.369585
      1815.00     0.369678
      1816.00     0.369770
      1817.00     0.369445
      1818.00     0.369120
      1819.00     0.368795
      1820.00     0.368470
      1821.00     0.368470
      1822.00     0.368470
      1823.00     0.368470
      1824.00     0.368470
      1825.00     0.368000
      1826.00     0.367530
      1827.00     0.367060
      1828.00     0.366590
      1829.00     0.365515
      1830.00     0.364440
      1831.00     0.363365
      1832.00     0.362290
      1833.00     0.362017
      1834.00     0.361745
      1835.00     0.361472
      1836.00     0.361200
      1837.00     0.361690
      1838.00     0.362180
      1839.00     0.362670
      1840.00     0.363160
      1841.00     0.363435
      1842.00     0.363710
      1843.00     0.363985
      1844.00     0.364260
      1845.00     0.365393
      1846.00     0.366525
      1847.00     0.367658
      1848.00     0.368790
      1849.00     0.370100
      1850.00     0.371410
      1851.00     0.372720
      1852.00     0.374030
      1853.00     0.373890
      1854.00     0.373750
      1855.00     0.373610
      1856.00     0.373470
      1857.00     0.372338
      1858.00     0.371205
      1859.00     0.370072
      1860.00     0.368940
      1861.00     0.367087
      1862.00     0.365235
      1863.00     0.363383
      1864.00     0.361530
      1865.00     0.359855
      1866.00     0.358180
      1867.00     0.356505
      1868.00     0.354830
      1869.00     0.353948
      1870.00     0.353065
      1871.00     0.352183
      1872.00     0.351300
      1873.00     0.350757
      1874.00     0.350215
      1875.00     0.349672
      1876.00     0.349130
      1877.00     0.348485
      1878.00     0.347840
      1879.00     0.347195
      1880.00     0.346550
      1881.00     0.345492
      1882.00     0.344435
      1883.00     0.343378
      1884.00     0.342320
      1885.00     0.340982
      1886.00     0.339645
      1887.00     0.338307
      1888.00     0.336970
      1889.00     0.334960
      1890.00     0.332950
      1891.00     0.330940
      1892.00     0.328930
      1893.00     0.327150
      1894.00     0.325370
      1895.00     0.323590
      1896.00     0.321810
      1897.00     0.319255
      1898.00     0.316700
      1899.00     0.314145
      1900.00     0.311590
      1901.00     0.309408
      1902.00     0.307225
      1903.00     0.305043
      1904.00     0.302860
      1905.00     0.301970
      1906.00     0.301080
      1907.00     0.300190
      1908.00     0.299300
      1909.00     0.298975
      1910.00     0.298650
      1911.00     0.298325
      1912.00     0.298000
      1913.00     0.297920
      1914.00     0.297840
      1915.00     0.297760
      1916.00     0.297680
      1917.00     0.299300
      1918.00     0.300920
      1919.00     0.302540
      1920.00     0.304160
      1921.00     0.305290
      1922.00     0.306420
      1923.00     0.307550
      1924.00     0.308680
      1925.00     0.309803
      1926.00     0.310925
      1927.00     0.312047
      1928.00     0.313170
      1929.00     0.314137
      1930.00     0.315105
      1931.00     0.316072
      1932.00     0.317040
      1933.00     0.318045
      1934.00     0.319050
      1935.00     0.320055
      1936.00     0.321060
      1937.00     0.320898
      1938.00     0.320735
      1939.00     0.320572
      1940.00     0.320410
      1941.00     0.320720
      1942.00     0.321030
      1943.00     0.321340
      1944.00     0.321650
      1945.00     0.322197
      1946.00     0.322745
      1947.00     0.323292
      1948.00     0.323840
      1949.00     0.324232
      1950.00     0.324625
      1951.00     0.325018
      1952.00     0.325410
      1953.00     0.325480
      1954.00     0.325550
      1955.00     0.325620
      1956.00     0.325690
      1957.00     0.326165
      1958.00     0.326640
      1959.00     0.327115
      1960.00     0.327590
      1961.00     0.327913
      1962.00     0.328235
      1963.00     0.328557
      1964.00     0.328880
      1965.00     0.329530
      1966.00     0.330180
      1967.00     0.330830
      1968.00     0.331480
      1969.00     0.332370
      1970.00     0.333260
      1971.00     0.334150
      1972.00     0.335040
      1973.00     0.335605
      1974.00     0.336170
      1975.00     0.336735
      1976.00     0.337300
      1977.00     0.337715
      1978.00     0.338130
      1979.00     0.338545
      1980.00     0.338960
      1981.00     0.339947
      1982.00     0.340935
      1983.00     0.341922
      1984.00     0.342910
      1985.00     0.343150
      1986.00     0.343390
      1987.00     0.343630
      1988.00     0.343870
      1989.00     0.343613
      1990.00     0.343355
      1991.00     0.343098
      1992.00     0.342840
      1993.00     0.343787
      1994.00     0.344735
      1995.00     0.345683
      1996.00     0.346630
      1997.00     0.346550
      1998.00     0.346470
      1999.00     0.346390
      2000.00     0.346310
      2001.00     0.347290
      2002.00     0.348270
      2003.00     0.349250
      2004.00     0.350230
      2005.00     0.351375
      2006.00     0.352520
      2007.00     0.353665
      2008.00     0.354810
      2009.00     0.355773
      2010.00     0.356735
      2011.00     0.357697
      2012.00     0.358660
      2013.00     0.359087
      2014.00     0.359515
      2015.00     0.359942
      2016.00     0.360370
      2017.00     0.360987
      2018.00     0.361605
      2019.00     0.362222
      2020.00     0.362840
      2021.00     0.363125
      2022.00     0.363410
      2023.00     0.363695
      2024.00     0.363980
      2025.00     0.363790
      2026.00     0.363600
      2027.00     0.363410
      2028.00     0.363220
      2029.00     0.363505
      2030.00     0.363790
      2031.00     0.364075
      2032.00     0.364360
      2033.00     0.365427
      2034.00     0.366495
      2035.00     0.367562
      2036.00     0.368630
      2037.00     0.368778
      2038.00     0.368925
      2039.00     0.369072
      2040.00     0.369220
      2041.00     0.369510
      2042.00     0.369800
      2043.00     0.370090
      2044.00     0.370380
      2045.00     0.370623
      2046.00     0.370865
      2047.00     0.371107
      2048.00     0.371350
      2049.00     0.371740
      2050.00     0.372130
      2051.00     0.372520
      2052.00     0.372910
      2053.00     0.372765
      2054.00     0.372620
      2055.00     0.372475
      2056.00     0.372330
      2057.00     0.372870
      2058.00     0.373410
      2059.00     0.373950
      2060.00     0.374490
      2061.00     0.374830
      2062.00     0.375170
      2063.00     0.375510
      2064.00     0.375850
      2065.00     0.375455
      2066.00     0.375060
      2067.00     0.374665
      2068.00     0.374270
      2069.00     0.374417
      2070.00     0.374565
      2071.00     0.374712
      2072.00     0.374860
      2073.00     0.375450
      2074.00     0.376040
      2075.00     0.376630
      2076.00     0.377220
      2077.00     0.377220
      2078.00     0.377220
      2079.00     0.377220
      2080.00     0.377614
      2081.00     0.379553
      2082.00     0.382210
      2083.00     0.381427
      2084.00     0.381125
      2085.00     0.380169
      2086.00     0.379383
      2087.00     0.378590
      2088.00     0.377992
      2089.00     0.377444
      2090.00     0.377056
      2091.00     0.376873
      2092.00     0.376930
      2093.00     0.377267
      2094.00     0.377770
      2095.00     0.378400
      2096.00     0.379000
      2097.00     0.379495
      2098.00     0.379740
      2099.00     0.379727
      2100.00     0.379505
      2101.00     0.379136
      2102.00     0.378733
      2103.00     0.378304
      2104.00     0.378000
      2105.00     0.377810
      2106.00     0.377729
      2107.00     0.377721
      2108.00     0.377767
      2109.00     0.377833
      2110.00     0.377920
      2111.00     0.378023
      2112.00     0.378078
      2113.00     0.378079
      2114.00     0.378037
      2115.00     0.377985
      2116.00     0.378020
      2117.00     0.378254
      2118.00     0.378600
      2119.00     0.378995
      2120.00     0.379263
      2121.00     0.379273
      2122.00     0.378980
      2123.00     0.378533
      2124.00     0.378093
      2125.00     0.377811
      2126.00     0.377747
      2127.00     0.377847
      2128.00     0.378004
      2129.00     0.378130
      2130.00     0.378191
      2131.00     0.378202
      2132.00     0.378228
      2133.00     0.378306
      2134.00     0.378470
      2135.00     0.378740
      2136.00     0.379110
      2137.00     0.379433
      2138.00     0.379631
      2139.00     0.379633
      2140.00     0.379455
      2141.00     0.379217
      2142.00     0.379096
      2143.00     0.379178
      2144.00     0.379430
      2145.00     0.379742
      2146.00     0.379925
      2147.00     0.379856
      2148.00     0.379561
      2149.00     0.379143
      2150.00     0.378730
      2151.00     0.378428
      2152.00     0.378300
      2153.00     0.378334
      2154.00     0.378490
      2155.00     0.378700
      2156.00     0.378920
      2157.00     0.379070
      2158.00     0.379090
      2159.00     0.378932
      2160.00     0.378561
      2161.00     0.378000
      2162.00     0.377309
      2163.00     0.376609
      2164.00     0.375997
      2165.00     0.375561
      2166.00     0.375361
      2167.00     0.375403
      2168.00     0.375650
      2169.00     0.376012
      2170.00     0.376380
      2171.00     0.376618
      2172.00     0.376658
      2173.00     0.376493
      2174.00     0.376172
      2175.00     0.375763
      2176.00     0.375302
      2177.00     0.374893
      2178.00     0.374593
      2179.00     0.374442
      2180.00     0.374430
      2181.00     0.374520
      2182.00     0.374622
      2183.00     0.374611
      2184.00     0.374393
      2185.00     0.373936
      2186.00     0.373276
      2187.00     0.372437
      2188.00     0.371610
      2189.00     0.370985
      2190.00     0.370556
      2191.00     0.370356
      2192.00     0.370330
      2193.00     0.370350
      2194.00     0.370283
      2195.00     0.370086
      2196.00     0.369737
      2197.00     0.369280
      2198.00     0.368669
      2199.00     0.367985
      2200.00     0.367207
      2201.00     0.366287
      2202.00     0.365363
      2203.00     0.364406
      2204.00     0.363525
      2205.00     0.362918
      2206.00     0.362540
      2207.00     0.362480
      2208.00     0.362672
      2209.00     0.362990
      2210.00     0.363279
      2211.00     0.363474
      2212.00     0.363507
      2213.00     0.363388
      2214.00     0.363173
      2215.00     0.362920
      2216.00     0.362689
      2217.00     0.362527
      2218.00     0.362483
      2219.00     0.362550
      2220.00     0.362722
      2221.00     0.363009
      2222.00     0.363337
      2223.00     0.363667
      2224.00     0.363980
      2225.00     0.364140
      2226.00     0.364147
      2227.00     0.364002
      2228.00     0.363720
      2229.00     0.363416
      2230.00     0.363121
      2231.00     0.362915
      2232.00     0.362777
      2233.00     0.362674
      2234.00     0.362558
      2235.00     0.362375
      2236.00     0.362115
      2237.00     0.361749
      2238.00     0.361322
      2239.00     0.360874
      2240.00     0.360377
      2241.00     0.359898
      2242.00     0.359452
      2243.00     0.359026
      2244.00     0.358620
      2245.00     0.358284
      2246.00     0.358028
      2247.00     0.357829
      2248.00     0.357720
      2249.00     0.357683
      2250.00     0.357698
      2251.00     0.357760
      2252.00     0.357820
      2253.00     0.357870
      2254.00     0.357880
      2255.00     0.357860
      2256.00     0.357767
      2257.00     0.357633
      2258.00     0.357458
      2259.00     0.357235
      2260.00     0.356986
      2261.00     0.356749
      2262.00     0.356564
      2263.00     0.356508
      2264.00     0.356572
      2265.00     0.356742
      2266.00     0.356950
      2267.00     0.357132
      2268.00     0.357210
      2269.00     0.357130
      2270.00     0.356904
      2271.00     0.356560
      2272.00     0.356152
      2273.00     0.355712
      2274.00     0.355264
      2275.00     0.354795
      2276.00     0.354336
      2277.00     0.353847
      2278.00     0.353331
      2279.00     0.352818
      2280.00     0.352346
      2281.00     0.351890
      2282.00     0.351502
      2283.00     0.351166
      2284.00     0.350838
      2285.00     0.350460
      2286.00     0.349984
      2287.00     0.349378
      2288.00     0.348652
      2289.00     0.347858
      2290.00     0.347056
      2291.00     0.346304
      2292.00     0.345649
      2293.00     0.345097
      2294.00     0.344572
      2295.00     0.344095
      2296.00     0.343651
      2297.00     0.343266
      2298.00     0.342932
      2299.00     0.342650
      2300.00     0.342340
      2301.00     0.341990
      2302.00     0.341550
      2303.00     0.341050
      2304.00     0.340550
      2305.00     0.340050
      2306.00     0.339640
      2307.00     0.339357
      2308.00     0.339191
      2309.00     0.339024
      2310.00     0.338782
      2311.00     0.338417
      2312.00     0.337873
      2313.00     0.337172
      2314.00     0.336466
      2315.00     0.335782
      2316.00     0.335186
      2317.00     0.334763
      2318.00     0.334455
      2319.00     0.334185
      2320.00     0.333895
      2321.00     0.333526
      2322.00     0.333018
      2323.00     0.332437
      2324.00     0.331841
      2325.00     0.331256
      2326.00     0.330794
      2327.00     0.330445
      2328.00     0.330226
      2329.00     0.330092
      2330.00     0.330010
      2331.00     0.329910
      2332.00     0.329792
      2333.00     0.329600
      2334.00     0.329351
      2335.00     0.329028
      2336.00     0.328676
      2337.00     0.328304
      2338.00     0.327986
      2339.00     0.327768
      2340.00     0.327711
      2341.00     0.327835
      2342.00     0.328127
      2343.00     0.328532
      2344.00     0.328984
      2345.00     0.329365
      2346.00     0.329660
      2347.00     0.329831
      2348.00     0.329879
      2349.00     0.329870
      2350.00     0.329840
      2351.00     0.329840
      2352.00     0.329873
      2353.00     0.329920
      2354.00     0.329959
      2355.00     0.329983
      2356.00     0.329996
      2357.00     0.330016
      2358.00     0.330075
      2359.00     0.330188
      2360.00     0.330359
      2361.00     0.330591
      2362.00     0.330825
      2363.00     0.331048
      2364.00     0.331230
      2365.00     0.331350
      2366.00     0.331377
      2367.00     0.331347
      2368.00     0.331253
      2369.00     0.331099
      2370.00     0.330904
      2371.00     0.330695
      2372.00     0.330490
      2373.00     0.330290
      2374.00     0.330090
      2375.00     0.329885
      2376.00     0.329655
      2377.00     0.329410
      2378.00     0.329128
      2379.00     0.328812
      2380.00     0.328543
      2381.00     0.328323
      2382.00     0.328158
      2383.00     0.328051
      2384.00     0.327983
      2385.00     0.327921
      2386.00     0.327832
      2387.00     0.327692
      2388.00     0.327495
      2389.00     0.327240
      2390.00     0.326967
      2391.00     0.326678
      2392.00     0.326402
      2393.00     0.326135
      2394.00     0.325894
      2395.00     0.325689
      2396.00     0.325525
      2397.00     0.325410
      2398.00     0.325345
      2399.00     0.325290
      2400.00     0.325235
      2401.00     0.325115
      2402.00     0.324915
      2403.00     0.324621
      2404.00     0.324261
      2405.00     0.323884
      2406.00     0.323543
      2407.00     0.323261
      2408.00     0.323022
      2409.00     0.322840
      2410.00     0.322667
      2411.00     0.322470
      2412.00     0.322250
      2413.00     0.322002
      2414.00     0.321743
      2415.00     0.321499
      2416.00     0.321277
      2417.00     0.321063
      2418.00     0.320790
      2419.00     0.320435
      2420.00     0.319983
      2421.00     0.319483
      2422.00     0.318925
      2423.00     0.318348
      2424.00     0.317830
      2425.00     0.317383
      2426.00     0.316946
      2427.00     0.316510
      2428.00     0.316060
      2429.00     0.315505
      2430.00     0.314887
      2431.00     0.314197
      2432.00     0.313463
      2433.00     0.312788
      2434.00     0.312220
      2435.00     0.311720
      2436.00     0.311387
      2437.00     0.311109
      2438.00     0.310896
      2439.00     0.310705
      2440.00     0.310520
      2441.00     0.310335
      2442.00     0.310104
      2443.00     0.309846
      2444.00     0.309509
      2445.00     0.309120
      2446.00     0.308655
      2447.00     0.308142
      2448.00     0.307603
      2449.00     0.307027
      2450.00     0.306510
      2451.00     0.305992
      2452.00     0.305558
      2453.00     0.305162
      2454.00     0.304775
      2455.00     0.304397
      2456.00     0.304026
      2457.00     0.303608
      2458.00     0.303192
      2459.00     0.302760
      2460.00     0.302312
      2461.00     0.301905
      2462.00     0.301557
      2463.00     0.301263
      2464.00     0.301030
      2465.00     0.300812
      2466.00     0.300610
      2467.00     0.300369
      2468.00     0.300058
      2469.00     0.299673
      2470.00     0.299247
      2471.00     0.298780
      2472.00     0.298297
      2473.00     0.297833
      2474.00     0.297377
      2475.00     0.296967
      2476.00     0.296613
      2477.00     0.296288
      2478.00     0.295972
      2479.00     0.295655
      2480.00     0.295327
      2481.00     0.294965
      2482.00     0.294577
      2483.00     0.294190
      2484.00     0.293790
      2485.00     0.293398
      2486.00     0.293033
      2487.00     0.292700
      2488.00     0.292407
      2489.00     0.292162
      2490.00     0.291970
      2491.00     0.291820
      2492.00     0.291697
      2493.00     0.291585
      2494.00     0.291463
      2495.00     0.291312
      2496.00     0.291120
      2497.00     0.290837
      2498.00     0.290480
      2499.00     0.290060
      2500.00     0.289597
