      400.000    0.0290200
      401.000    0.0316280
      402.000    0.0327270
      403.000    0.0326190
      404.000    0.0324450
      405.000    0.0334120
      406.000    0.0339190
      407.000    0.0340110
      408.000    0.0349370
      409.000    0.0381650
      410.000    0.0356850
      411.000    0.0345480
      412.000    0.0375500
      413.000    0.0398890
      414.000    0.0401180
      415.000    0.0402320
      416.000    0.0404610
      417.000    0.0414170
      418.000    0.0413570
      419.000    0.0413570
      420.000    0.0436900
      421.000    0.0431640
      422.000    0.0433530
      423.000    0.0451670
      424.000    0.0458960
      425.000    0.0457350
      426.000    0.0487690
      427.000    0.0496870
      428.000    0.0515020
      429.000    0.0501730
      430.000    0.0515520
      431.000    0.0551220
      432.000    0.0532960
      433.000    0.0508950
      434.000    0.0542230
      435.000    0.0561460
      436.000    0.0583800
      437.000    0.0563930
      438.000    0.0585490
      439.000    0.0585490
      440.000    0.0606130
      441.000    0.0616800
      442.000    0.0623890
      443.000    0.0622990
      444.000    0.0654840
      445.000    0.0661540
      446.000    0.0681090
      447.000    0.0702070
      448.000    0.0709670
      449.000    0.0717210
      450.000    0.0729970
      451.000    0.0749420
      452.000    0.0771800
      453.000    0.0756040
      454.000    0.0785430
      455.000    0.0792620
      456.000    0.0776800
      457.000    0.0786250
      458.000    0.0785120
      459.000    0.0778940
      460.000    0.0793290
      461.000    0.0822260
      462.000    0.0824080
      463.000    0.0808640
      464.000    0.0819800
      465.000    0.0824200
      466.000    0.0845760
      467.000    0.0845760
      468.000    0.0847020
      469.000    0.0843440
      470.000    0.0867820
      471.000    0.0872520
      472.000    0.0856270
      473.000    0.0870650
      474.000    0.0874530
      475.000    0.0904190
      476.000    0.0925080
      477.000    0.0906870
      478.000    0.0930630
      479.000    0.0930630
      480.000    0.0945440
      481.000    0.0939820
      482.000    0.0958720
      483.000    0.0953020
      484.000    0.0950190
      485.000    0.0972160
      486.000    0.0983350
      487.000     0.100610
      488.000     0.101660
      489.000     0.101810
      490.000     0.103530
      491.000     0.104220
      492.000     0.103920
      493.000     0.104530
      494.000     0.106020
      495.000     0.107070
      496.000     0.106300
      497.000     0.110020
      498.000     0.113030
      499.000     0.113760
      500.000     0.115380
      501.000     0.115600
      502.000     0.115430
      503.000     0.114000
      504.000     0.114560
      505.000     0.113950
      506.000     0.119470
      507.000     0.118790
      508.000     0.119830
      509.000     0.117950
      510.000     0.123760
      511.000     0.124630
      512.000     0.126350
      513.000     0.126710
      514.000     0.128300
      515.000     0.130070
      516.000     0.130620
      517.000     0.132040
      518.000     0.134730
      519.000     0.135220
      520.000     0.137390
      521.000     0.137530
      522.000     0.137610
      523.000     0.137220
      524.000     0.137560
      525.000     0.139850
      526.000     0.140700
      527.000     0.140460
      528.000     0.142000
      529.000     0.145120
      530.000     0.146270
      531.000     0.146960
      532.000     0.148010
      533.000     0.150140
      534.000     0.153280
      535.000     0.152820
      536.000     0.154070
      537.000     0.154490
      538.000     0.159390
      539.000     0.160850
      540.000     0.161460
      541.000     0.165040
      542.000     0.165370
      543.000     0.165970
      544.000     0.168200
      545.000     0.169540
      546.000     0.170580
      547.000     0.172020
      548.000     0.176130
      549.000     0.175950
      550.000     0.177320
      551.000     0.180060
      552.000     0.181430
      553.000     0.181990
      554.000     0.185670
      555.000     0.187250
      556.000     0.188580
      557.000     0.189890
      558.000     0.189600
      559.000     0.189840
      560.000     0.194380
      561.000     0.194920
      562.000     0.199650
      563.000     0.200680
      564.000     0.203260
      565.000     0.202160
      566.000     0.207380
      567.000     0.209710
      568.000     0.210940
      569.000     0.213540
      570.000     0.214360
      571.000     0.216430
      572.000     0.215340
      573.000     0.217530
      574.000     0.220640
      575.000     0.221660
      576.000     0.224940
      577.000     0.227050
      578.000     0.226930
      579.000     0.227990
      580.000     0.230970
      581.000     0.232030
      582.000     0.235320
      583.000     0.236550
      584.000     0.236550
      585.000     0.242240
      586.000     0.245600
      587.000     0.244470
      588.000     0.247200
      589.000     0.246790
      590.000     0.246160
      591.000     0.249490
      592.000     0.250030
      593.000     0.250980
      594.000     0.252150
      595.000     0.248960
      596.000     0.255800
      597.000     0.255650
      598.000     0.255320
      599.000     0.255750
      600.000     0.253500
      601.000     0.254660
      602.000     0.258030
      603.000     0.256550
      604.000     0.257370
      605.000     0.258100
      606.000     0.259640
      607.000     0.260360
      608.000     0.258590
      609.000     0.262450
      610.000     0.260270
      611.000     0.263880
      612.000     0.261150
      613.000     0.264370
      614.000     0.264330
      615.000     0.266050
      616.000     0.264710
      617.000     0.262460
      618.000     0.266190
      619.000     0.266510
      620.000     0.267570
      621.000     0.267490
      622.000     0.265680
      623.000     0.269880
      624.000     0.269600
      625.000     0.270190
      626.000     0.272980
      627.000     0.269210
      628.000     0.269910
      629.000     0.272250
      630.000     0.274010
      631.000     0.273940
      632.000     0.274070
      633.000     0.269640
      634.000     0.274070
      635.000     0.275410
      636.000     0.276410
      637.000     0.275340
      638.000     0.270430
      639.000     0.273400
      640.000     0.278520
      641.000     0.281240
      642.000     0.281240
      643.000     0.278890
      644.000     0.274790
      645.000     0.278550
      646.000     0.276800
      647.000     0.276140
      648.000     0.278200
      649.000     0.282970
      650.000     0.283920
      651.000     0.287100
      652.000     0.284270
      653.000     0.284290
      654.000     0.286340
      655.000     0.288060
      656.000     0.288060
      657.000     0.288130
      658.000     0.286050
      659.000     0.287710
      660.000     0.289100
      661.000     0.290130
      662.000     0.290830
      663.000     0.290120
      664.000     0.290110
      665.000     0.289420
      666.000     0.292860
      667.000     0.293920
      668.000     0.296010
      669.000     0.294930
      670.000     0.293170
      671.000     0.292150
      672.000     0.294930
      673.000     0.299090
      674.000     0.301200
      675.000     0.299430
      676.000     0.297020
      677.000     0.299760
      678.000     0.299370
      679.000     0.302140
      680.000     0.298620
      681.000     0.299330
      682.000     0.300710
      683.000     0.301070
      684.000     0.304510
      685.000     0.304150
      686.000     0.304120
      687.000     0.303760
      688.000     0.307290
      689.000     0.305200
      690.000     0.303710
      691.000     0.306200
      692.000     0.310390
      693.000     0.310750
      694.000     0.309360
      695.000     0.313480
      696.000     0.314970
      697.000     0.313980
      698.000     0.313810
      699.000     0.327110
      700.000     0.315820
      701.000     0.315840
      702.000     0.312710
      703.000     0.313560
      704.000     0.315570
      705.000     0.315290
      706.000     0.318960
      707.000     0.320710
      708.000     0.321730
      709.000     0.318970
      710.000     0.318320
      711.000     0.320340
      712.000     0.316850
      713.000     0.318320
      714.000     0.320810
      715.000     0.322850
      716.000     0.323860
      717.000     0.325140
      718.000     0.322520
      719.000     0.321780
      720.000     0.317500
      721.000     0.318490
      722.000     0.319950
      723.000     0.321680
      724.000     0.320490
      725.000     0.320580
      726.000     0.320850
      727.000     0.323680
      728.000     0.323310
      729.000     0.326310
      730.000     0.328050
      731.000     0.327560
      732.000     0.328800
      733.000     0.328540
      734.000     0.328800
      735.000     0.328800
      736.000     0.330560
      737.000     0.327310
      738.000     0.327680
      739.000     0.329300
      740.000     0.331680
      741.000     0.332920
      742.000     0.333920
      743.000     0.332810
      744.000     0.332300
      745.000     0.331930
      746.000     0.332920
      747.000     0.332550
      748.000     0.331420
      749.000     0.331930
      750.000     0.332920
      751.000     0.331550
      752.000     0.334920
      753.000     0.335920
      754.000     0.336820
      755.000     0.336820
      756.000     0.335540
      757.000     0.335540
      758.000     0.334030
      759.000     0.334650
      760.000     0.335400
      761.000     0.337300
      762.000     0.338060
      763.000     0.339830
      764.000     0.338770
      765.000     0.337110
      766.000     0.339000
      767.000     0.339610
      768.000     0.338850
      769.000     0.339010
      770.000     0.339610
      771.000     0.336650
      772.000     0.337860
      773.000     0.340990
      774.000     0.341290
      775.000     0.344840
      776.000     0.344060
      777.000     0.344520
      778.000     0.341830
      779.000     0.343580
      780.000     0.341000
      781.000     0.343740
      782.000     0.346290
      783.000     0.342990
      784.000     0.341760
      785.000     0.343680
      786.000     0.342910
      787.000     0.340780
      788.000     0.343750
      789.000     0.343980
      790.000     0.344750
      791.000     0.342830
      792.000     0.342380
      793.000     0.346510
      794.000     0.345730
      795.000     0.347900
      796.000     0.348890
      797.000     0.347070
      798.000     0.343830
      799.000     0.343830
      800.000     0.343830
      801.000     0.344122
      802.000     0.344415
      803.000     0.344707
      804.000     0.345000
      805.000     0.345145
      806.000     0.345290
      807.000     0.345435
      808.000     0.345580
      809.000     0.346097
      810.000     0.346615
      811.000     0.347133
      812.000     0.347650
      813.000     0.346890
      814.000     0.346130
      815.000     0.345370
      816.000     0.344610
      817.000     0.345112
      818.000     0.345615
      819.000     0.346117
      820.000     0.346620
      821.000     0.347575
      822.000     0.348530
      823.000     0.349485
      824.000     0.350440
      825.000     0.349875
      826.000     0.349310
      827.000     0.348745
      828.000     0.348180
      829.000     0.348735
      830.000     0.349290
      831.000     0.349845
      832.000     0.350400
      833.000     0.349993
      834.000     0.349585
      835.000     0.349177
      836.000     0.348770
      837.000     0.348532
      838.000     0.348295
      839.000     0.348058
      840.000     0.347820
      841.000     0.347315
      842.000     0.346810
      843.000     0.346305
      844.000     0.345800
      845.000     0.346273
      846.000     0.346745
      847.000     0.347218
      848.000     0.347690
      849.000     0.347838
      850.000     0.347985
      851.000     0.348132
      852.000     0.348280
      853.000     0.348280
      854.000     0.348280
      855.000     0.348280
      856.000     0.348280
      857.000     0.348807
      858.000     0.349335
      859.000     0.349863
      860.000     0.350390
      861.000     0.350085
      862.000     0.349780
      863.000     0.349475
      864.000     0.349170
      865.000     0.349047
      866.000     0.348925
      867.000     0.348803
      868.000     0.348680
      869.000     0.349057
      870.000     0.349435
      871.000     0.349813
      872.000     0.350190
      873.000     0.350655
      874.000     0.351120
      875.000     0.351585
      876.000     0.352050
      877.000     0.351710
      878.000     0.351370
      879.000     0.351030
      880.000     0.350690
      881.000     0.350995
      882.000     0.351300
      883.000     0.351605
      884.000     0.351910
      885.000     0.352213
      886.000     0.352515
      887.000     0.352818
      888.000     0.353120
      889.000     0.352905
      890.000     0.352690
      891.000     0.352475
      892.000     0.352260
      893.000     0.352118
      894.000     0.351975
      895.000     0.351833
      896.000     0.351690
      897.000     0.351690
      898.000     0.351690
      899.000     0.351690
      900.000     0.351690
      901.000     0.352155
      902.000     0.352620
      903.000     0.353085
      904.000     0.353550
      905.000     0.353335
      906.000     0.353120
      907.000     0.352905
      908.000     0.352690
      909.000     0.353210
      910.000     0.353730
      911.000     0.354250
      912.000     0.354770
      913.000     0.355033
      914.000     0.355295
      915.000     0.355558
      916.000     0.355820
      917.000     0.356232
      918.000     0.356645
      919.000     0.357058
      920.000     0.357470
      921.000     0.357453
      922.000     0.357435
      923.000     0.357418
      924.000     0.357400
      925.000     0.357960
      926.000     0.358520
      927.000     0.359080
      928.000     0.359640
      929.000     0.359550
      930.000     0.359460
      931.000     0.359370
      932.000     0.359280
      933.000     0.359098
      934.000     0.358915
      935.000     0.358732
      936.000     0.358550
      937.000     0.358822
      938.000     0.359095
      939.000     0.359367
      940.000     0.359640
      941.000     0.359823
      942.000     0.360005
      943.000     0.360187
      944.000     0.360370
      945.000     0.360697
      946.000     0.361025
      947.000     0.361353
      948.000     0.361680
      949.000     0.362098
      950.000     0.362515
      951.000     0.362933
      952.000     0.363350
      953.000     0.363393
      954.000     0.363435
      955.000     0.363478
      956.000     0.363520
      957.000     0.363710
      958.000     0.363900
      959.000     0.364090
      960.000     0.364280
      961.000     0.363843
      962.000     0.363405
      963.000     0.362967
      964.000     0.362530
      965.000     0.363418
      966.000     0.364305
      967.000     0.365193
      968.000     0.366080
      969.000     0.365710
      970.000     0.365340
      971.000     0.364970
      972.000     0.364600
      973.000     0.364325
      974.000     0.364050
      975.000     0.363775
      976.000     0.363500
      977.000     0.362682
      978.000     0.361865
      979.000     0.361048
      980.000     0.360230
      981.000     0.360613
      982.000     0.360995
      983.000     0.361377
      984.000     0.361760
      985.000     0.363922
      986.000     0.366085
      987.000     0.368248
      988.000     0.370410
      989.000     0.369397
      990.000     0.368385
      991.000     0.367373
      992.000     0.366360
      993.000     0.366998
      994.000     0.367635
      995.000     0.368272
      996.000     0.368910
      997.000     0.369050
      998.000     0.369190
      999.000     0.369330
      1000.00     0.369470
      1001.00     0.369237
      1002.00     0.369005
      1003.00     0.368772
      1004.00     0.368540
      1005.00     0.369443
      1006.00     0.370345
      1007.00     0.371248
      1008.00     0.372150
      1009.00     0.372573
      1010.00     0.372995
      1011.00     0.373417
      1012.00     0.373840
      1013.00     0.373605
      1014.00     0.373370
      1015.00     0.373135
      1016.00     0.372900
      1017.00     0.374272
      1018.00     0.375645
      1019.00     0.377017
      1020.00     0.378390
      1021.00     0.378370
      1022.00     0.378350
      1023.00     0.378330
      1024.00     0.378310
      1025.00     0.377600
      1026.00     0.376890
      1027.00     0.376180
      1028.00     0.375470
      1029.00     0.375560
      1030.00     0.375650
      1031.00     0.375740
      1032.00     0.375830
      1033.00     0.375847
      1034.00     0.375865
      1035.00     0.375883
      1036.00     0.375900
      1037.00     0.375243
      1038.00     0.374585
      1039.00     0.373928
      1040.00     0.373270
      1041.00     0.373835
      1042.00     0.374400
      1043.00     0.374965
      1044.00     0.375530
      1045.00     0.375525
      1046.00     0.375520
      1047.00     0.375515
      1048.00     0.375510
      1049.00     0.376015
      1050.00     0.376520
      1051.00     0.377025
      1052.00     0.377530
      1053.00     0.377857
      1054.00     0.378185
      1055.00     0.378513
      1056.00     0.378840
      1057.00     0.379515
      1058.00     0.380190
      1059.00     0.380865
      1060.00     0.381540
      1061.00     0.380550
      1062.00     0.379560
      1063.00     0.378570
      1064.00     0.377580
      1065.00     0.378527
      1066.00     0.379475
      1067.00     0.380423
      1068.00     0.381370
      1069.00     0.382035
      1070.00     0.382700
      1071.00     0.383365
      1072.00     0.384030
      1073.00     0.383630
      1074.00     0.383230
      1075.00     0.382830
      1076.00     0.382430
      1077.00     0.382690
      1078.00     0.382950
      1079.00     0.383210
      1080.00     0.383470
      1081.00     0.383500
      1082.00     0.383530
      1083.00     0.383560
      1084.00     0.383590
      1085.00     0.384020
      1086.00     0.384450
      1087.00     0.384880
      1088.00     0.385310
      1089.00     0.385115
      1090.00     0.384920
      1091.00     0.384725
      1092.00     0.384530
      1093.00     0.384460
      1094.00     0.384390
      1095.00     0.384320
      1096.00     0.384250
      1097.00     0.384292
      1098.00     0.384335
      1099.00     0.384378
      1100.00     0.384420
      1101.00     0.384282
      1102.00     0.384145
      1103.00     0.384008
      1104.00     0.383870
      1105.00     0.383895
      1106.00     0.383920
      1107.00     0.383945
      1108.00     0.383970
      1109.00     0.385360
      1110.00     0.386750
      1111.00     0.388140
      1112.00     0.389530
      1113.00     0.390200
      1114.00     0.390870
      1115.00     0.391540
      1116.00     0.392210
      1117.00     0.392507
      1118.00     0.392805
      1119.00     0.393103
      1120.00     0.393400
      1121.00     0.393975
      1122.00     0.394550
      1123.00     0.395125
      1124.00     0.395700
      1125.00     0.395063
      1126.00     0.394425
      1127.00     0.393787
      1128.00     0.393150
      1129.00     0.394667
      1130.00     0.396185
      1131.00     0.397703
      1132.00     0.399220
      1133.00     0.398003
      1134.00     0.396785
      1135.00     0.395568
      1136.00     0.394350
      1137.00     0.394960
      1138.00     0.395570
      1139.00     0.396180
      1140.00     0.396790
      1141.00     0.395818
      1142.00     0.394845
      1143.00     0.393872
      1144.00     0.392900
      1145.00     0.392405
      1146.00     0.391910
      1147.00     0.391415
      1148.00     0.390920
      1149.00     0.391462
      1150.00     0.392005
      1151.00     0.392547
      1152.00     0.393090
      1153.00     0.393712
      1154.00     0.394335
      1155.00     0.394957
      1156.00     0.395580
      1157.00     0.395615
      1158.00     0.395650
      1159.00     0.395685
      1160.00     0.395720
      1161.00     0.396385
      1162.00     0.397050
      1163.00     0.397715
      1164.00     0.398380
      1165.00     0.399180
      1166.00     0.399980
      1167.00     0.400780
      1168.00     0.401580
      1169.00     0.401680
      1170.00     0.401780
      1171.00     0.401880
      1172.00     0.401980
      1173.00     0.402415
      1174.00     0.402850
      1175.00     0.403285
      1176.00     0.403720
      1177.00     0.403485
      1178.00     0.403250
      1179.00     0.403015
      1180.00     0.402780
      1181.00     0.403085
      1182.00     0.403390
      1183.00     0.403695
      1184.00     0.404000
      1185.00     0.404558
      1186.00     0.405115
      1187.00     0.405672
      1188.00     0.406230
      1189.00     0.406772
      1190.00     0.407315
      1191.00     0.407858
      1192.00     0.408400
      1193.00     0.408400
      1194.00     0.408400
      1195.00     0.408400
      1196.00     0.408400
      1197.00     0.408165
      1198.00     0.407930
      1199.00     0.407695
      1200.00     0.407460
      1201.00     0.407460
      1202.00     0.407460
      1203.00     0.407460
      1204.00     0.407460
      1205.00     0.407372
      1206.00     0.407285
      1207.00     0.407197
      1208.00     0.407110
      1209.00     0.407522
      1210.00     0.407935
      1211.00     0.408347
      1212.00     0.408760
      1213.00     0.408685
      1214.00     0.408610
      1215.00     0.408535
      1216.00     0.408460
      1217.00     0.408593
      1218.00     0.408725
      1219.00     0.408857
      1220.00     0.408990
      1221.00     0.408990
      1222.00     0.408990
      1223.00     0.408990
      1224.00     0.408990
      1225.00     0.410082
      1226.00     0.411175
      1227.00     0.412268
      1228.00     0.413360
      1229.00     0.413307
      1230.00     0.413255
      1231.00     0.413202
      1232.00     0.413150
      1233.00     0.413517
      1234.00     0.413885
      1235.00     0.414253
      1236.00     0.414620
      1237.00     0.414883
      1238.00     0.415145
      1239.00     0.415408
      1240.00     0.415670
      1241.00     0.415882
      1242.00     0.416095
      1243.00     0.416308
      1244.00     0.416520
      1245.00     0.417062
      1246.00     0.417605
      1247.00     0.418148
      1248.00     0.418690
      1249.00     0.418478
      1250.00     0.418265
      1251.00     0.418052
      1252.00     0.417840
      1253.00     0.417652
      1254.00     0.417465
      1255.00     0.417278
      1256.00     0.417090
      1257.00     0.417322
      1258.00     0.417555
      1259.00     0.417787
      1260.00     0.418020
      1261.00     0.417470
      1262.00     0.416920
      1263.00     0.416370
      1264.00     0.415820
      1265.00     0.416243
      1266.00     0.416665
      1267.00     0.417087
      1268.00     0.417510
      1269.00     0.417535
      1270.00     0.417560
      1271.00     0.417585
      1272.00     0.417610
      1273.00     0.417083
      1274.00     0.416555
      1275.00     0.416027
      1276.00     0.415500
      1277.00     0.415447
      1278.00     0.415395
      1279.00     0.415343
      1280.00     0.415290
      1281.00     0.415442
      1282.00     0.415595
      1283.00     0.415747
      1284.00     0.415900
      1285.00     0.415693
      1286.00     0.415485
      1287.00     0.415277
      1288.00     0.415070
      1289.00     0.415895
      1290.00     0.416720
      1291.00     0.417545
      1292.00     0.418370
      1293.00     0.418825
      1294.00     0.419280
      1295.00     0.419735
      1296.00     0.420190
      1297.00     0.419367
      1298.00     0.418545
      1299.00     0.417722
      1300.00     0.416900
      1301.00     0.416385
      1302.00     0.415870
      1303.00     0.415355
      1304.00     0.414840
      1305.00     0.415365
      1306.00     0.415890
      1307.00     0.416415
      1308.00     0.416940
      1309.00     0.417275
      1310.00     0.417610
      1311.00     0.417945
      1312.00     0.418280
      1313.00     0.418845
      1314.00     0.419410
      1315.00     0.419975
      1316.00     0.420540
      1317.00     0.420750
      1318.00     0.420960
      1319.00     0.421170
      1320.00     0.421380
      1321.00     0.421590
      1322.00     0.421800
      1323.00     0.422010
      1324.00     0.422220
      1325.00     0.421590
      1326.00     0.420960
      1327.00     0.420330
      1328.00     0.419700
      1329.00     0.420265
      1330.00     0.420830
      1331.00     0.421395
      1332.00     0.421960
      1333.00     0.421545
      1334.00     0.421130
      1335.00     0.420715
      1336.00     0.420300
      1337.00     0.421367
      1338.00     0.422435
      1339.00     0.423503
      1340.00     0.424570
      1341.00     0.426203
      1342.00     0.427835
      1343.00     0.429467
      1344.00     0.431100
      1345.00     0.430620
      1346.00     0.430140
      1347.00     0.429660
      1348.00     0.429180
      1349.00     0.429170
      1350.00     0.429160
      1351.00     0.429150
      1352.00     0.429140
      1353.00     0.429873
      1354.00     0.430605
      1355.00     0.431338
      1356.00     0.432070
      1357.00     0.431360
      1358.00     0.430650
      1359.00     0.429940
      1360.00     0.429230
      1361.00     0.429205
      1362.00     0.429180
      1363.00     0.429155
      1364.00     0.429130
      1365.00     0.429140
      1366.00     0.429150
      1367.00     0.429160
      1368.00     0.429170
      1369.00     0.429658
      1370.00     0.430145
      1371.00     0.430633
      1372.00     0.431120
      1373.00     0.429328
      1374.00     0.427535
      1375.00     0.425743
      1376.00     0.423950
      1377.00     0.422703
      1378.00     0.421455
      1379.00     0.420208
      1380.00     0.418960
      1381.00     0.419542
      1382.00     0.420125
      1383.00     0.420708
      1384.00     0.421290
      1385.00     0.419843
      1386.00     0.418395
      1387.00     0.416947
      1388.00     0.415500
      1389.00     0.414232
      1390.00     0.412965
      1391.00     0.411697
      1392.00     0.410430
      1393.00     0.409292
      1394.00     0.408155
      1395.00     0.407017
      1396.00     0.405880
      1397.00     0.404988
      1398.00     0.404095
      1399.00     0.403202
      1400.00     0.402310
      1401.00     0.401115
      1402.00     0.399920
      1403.00     0.398725
      1404.00     0.397530
      1405.00     0.397055
      1406.00     0.396580
      1407.00     0.396105
      1408.00     0.395630
      1409.00     0.396028
      1410.00     0.396425
      1411.00     0.396823
      1412.00     0.397220
      1413.00     0.398855
      1414.00     0.400490
      1415.00     0.402125
      1416.00     0.403760
      1417.00     0.405007
      1418.00     0.406255
      1419.00     0.407503
      1420.00     0.408750
      1421.00     0.409323
      1422.00     0.409895
      1423.00     0.410468
      1424.00     0.411040
      1425.00     0.411510
      1426.00     0.411980
      1427.00     0.412450
      1428.00     0.412920
      1429.00     0.413307
      1430.00     0.413695
      1431.00     0.414082
      1432.00     0.414470
      1433.00     0.414620
      1434.00     0.414770
      1435.00     0.414920
      1436.00     0.415070
      1437.00     0.415318
      1438.00     0.415565
      1439.00     0.415812
      1440.00     0.416060
      1441.00     0.416650
      1442.00     0.417240
      1443.00     0.417830
      1444.00     0.418420
      1445.00     0.418117
      1446.00     0.417815
      1447.00     0.417513
      1448.00     0.417210
      1449.00     0.418190
      1450.00     0.419170
      1451.00     0.420150
      1452.00     0.421130
      1453.00     0.421685
      1454.00     0.422240
      1455.00     0.422795
      1456.00     0.423350
      1457.00     0.423720
      1458.00     0.424090
      1459.00     0.424460
      1460.00     0.424830
      1461.00     0.425268
      1462.00     0.425705
      1463.00     0.426143
      1464.00     0.426580
      1465.00     0.426473
      1466.00     0.426365
      1467.00     0.426258
      1468.00     0.426150
      1469.00     0.426275
      1470.00     0.426400
      1471.00     0.426525
      1472.00     0.426650
      1473.00     0.427442
      1474.00     0.428235
      1475.00     0.429027
      1476.00     0.429820
      1477.00     0.430972
      1478.00     0.432125
      1479.00     0.433277
      1480.00     0.434430
      1481.00     0.435243
      1482.00     0.436055
      1483.00     0.436868
      1484.00     0.437680
      1485.00     0.437212
      1486.00     0.436745
      1487.00     0.436278
      1488.00     0.435810
      1489.00     0.436130
      1490.00     0.436450
      1491.00     0.436770
      1492.00     0.437090
      1493.00     0.435768
      1494.00     0.434445
      1495.00     0.433123
      1496.00     0.431800
      1497.00     0.431365
      1498.00     0.430930
      1499.00     0.430495
      1500.00     0.430060
      1501.00     0.431005
      1502.00     0.431950
      1503.00     0.432895
      1504.00     0.433840
      1505.00     0.434302
      1506.00     0.434765
      1507.00     0.435228
      1508.00     0.435690
      1509.00     0.435363
      1510.00     0.435035
      1511.00     0.434707
      1512.00     0.434380
      1513.00     0.434490
      1514.00     0.434600
      1515.00     0.434710
      1516.00     0.434820
      1517.00     0.435065
      1518.00     0.435310
      1519.00     0.435555
      1520.00     0.435800
      1521.00     0.436260
      1522.00     0.436720
      1523.00     0.437180
      1524.00     0.437640
      1525.00     0.438545
      1526.00     0.439450
      1527.00     0.440355
      1528.00     0.441260
      1529.00     0.440827
      1530.00     0.440395
      1531.00     0.439962
      1532.00     0.439530
      1533.00     0.440195
      1534.00     0.440860
      1535.00     0.441525
      1536.00     0.442190
      1537.00     0.441855
      1538.00     0.441520
      1539.00     0.441185
      1540.00     0.440850
      1541.00     0.441637
      1542.00     0.442425
      1543.00     0.443213
      1544.00     0.444000
      1545.00     0.444575
      1546.00     0.445150
      1547.00     0.445725
      1548.00     0.446300
      1549.00     0.446068
      1550.00     0.445835
      1551.00     0.445602
      1552.00     0.445370
      1553.00     0.444255
      1554.00     0.443140
      1555.00     0.442025
      1556.00     0.440910
      1557.00     0.441010
      1558.00     0.441110
      1559.00     0.441210
      1560.00     0.441310
      1561.00     0.441983
      1562.00     0.442655
      1563.00     0.443328
      1564.00     0.444000
      1565.00     0.443658
      1566.00     0.443315
      1567.00     0.442972
      1568.00     0.442630
      1569.00     0.441302
      1570.00     0.439975
      1571.00     0.438648
      1572.00     0.437320
      1573.00     0.438327
      1574.00     0.439335
      1575.00     0.440342
      1576.00     0.441350
      1577.00     0.443400
      1578.00     0.445450
      1579.00     0.447500
      1580.00     0.449550
      1581.00     0.449768
      1582.00     0.449985
      1583.00     0.450202
      1584.00     0.450420
      1585.00     0.449950
      1586.00     0.449480
      1587.00     0.449010
      1588.00     0.448540
      1589.00     0.448218
      1590.00     0.447895
      1591.00     0.447572
      1592.00     0.447250
      1593.00     0.447465
      1594.00     0.447680
      1595.00     0.447895
      1596.00     0.448110
      1597.00     0.447895
      1598.00     0.447680
      1599.00     0.447465
      1600.00     0.447250
      1601.00     0.446235
      1602.00     0.445220
      1603.00     0.444205
      1604.00     0.443190
      1605.00     0.443300
      1606.00     0.443410
      1607.00     0.443520
      1608.00     0.443630
      1609.00     0.444997
      1610.00     0.446365
      1611.00     0.447732
      1612.00     0.449100
      1613.00     0.449212
      1614.00     0.449325
      1615.00     0.449438
      1616.00     0.449550
      1617.00     0.449878
      1618.00     0.450205
      1619.00     0.450532
      1620.00     0.450860
      1621.00     0.451095
      1622.00     0.451330
      1623.00     0.451565
      1624.00     0.451800
      1625.00     0.452245
      1626.00     0.452690
      1627.00     0.453135
      1628.00     0.453580
      1629.00     0.453238
      1630.00     0.452895
      1631.00     0.452552
      1632.00     0.452210
      1633.00     0.452210
      1634.00     0.452210
      1635.00     0.452210
      1636.00     0.452210
      1637.00     0.451645
      1638.00     0.451080
      1639.00     0.450515
      1640.00     0.449950
      1641.00     0.450295
      1642.00     0.450640
      1643.00     0.450985
      1644.00     0.451330
      1645.00     0.452592
      1646.00     0.453855
      1647.00     0.455118
      1648.00     0.456380
      1649.00     0.457075
      1650.00     0.457770
      1651.00     0.458465
      1652.00     0.459160
      1653.00     0.458587
      1654.00     0.458015
      1655.00     0.457442
      1656.00     0.456870
      1657.00     0.455835
      1658.00     0.454800
      1659.00     0.453765
      1660.00     0.452730
      1661.00     0.452605
      1662.00     0.452480
      1663.00     0.452355
      1664.00     0.452230
      1665.00     0.452698
      1666.00     0.453165
      1667.00     0.453633
      1668.00     0.454100
      1669.00     0.454450
      1670.00     0.454800
      1671.00     0.455150
      1672.00     0.455500
      1673.00     0.455952
      1674.00     0.456405
      1675.00     0.456858
      1676.00     0.457310
      1677.00     0.457200
      1678.00     0.457090
      1679.00     0.456980
      1680.00     0.456870
      1681.00     0.457567
      1682.00     0.458265
      1683.00     0.458963
      1684.00     0.459660
      1685.00     0.458280
      1686.00     0.456900
      1687.00     0.455520
      1688.00     0.454140
      1689.00     0.454143
      1690.00     0.454145
      1691.00     0.454148
      1692.00     0.454150
      1693.00     0.454373
      1694.00     0.454595
      1695.00     0.454818
      1696.00     0.455040
      1697.00     0.455272
      1698.00     0.455505
      1699.00     0.455738
      1700.00     0.455970
      1701.00     0.457235
      1702.00     0.458500
      1703.00     0.459765
      1704.00     0.461030
      1705.00     0.460450
      1706.00     0.459870
      1707.00     0.459290
      1708.00     0.458710
      1709.00     0.459403
      1710.00     0.460095
      1711.00     0.460787
      1712.00     0.461480
      1713.00     0.462532
      1714.00     0.463585
      1715.00     0.464638
      1716.00     0.465690
      1717.00     0.464520
      1718.00     0.463350
      1719.00     0.462180
      1720.00     0.461010
      1721.00     0.460300
      1722.00     0.459590
      1723.00     0.458880
      1724.00     0.458170
      1725.00     0.457845
      1726.00     0.457520
      1727.00     0.457195
      1728.00     0.456870
      1729.00     0.457450
      1730.00     0.458030
      1731.00     0.458610
      1732.00     0.459190
      1733.00     0.459305
      1734.00     0.459420
      1735.00     0.459535
      1736.00     0.459650
      1737.00     0.459405
      1738.00     0.459160
      1739.00     0.458915
      1740.00     0.458670
      1741.00     0.458785
      1742.00     0.458900
      1743.00     0.459015
      1744.00     0.459130
      1745.00     0.459475
      1746.00     0.459820
      1747.00     0.460165
      1748.00     0.460510
      1749.00     0.460045
      1750.00     0.459580
      1751.00     0.459115
      1752.00     0.458650
      1753.00     0.458188
      1754.00     0.457725
      1755.00     0.457263
      1756.00     0.456800
      1757.00     0.456800
      1758.00     0.456800
      1759.00     0.456800
      1760.00     0.456800
      1761.00     0.456918
      1762.00     0.457035
      1763.00     0.457153
      1764.00     0.457270
      1765.00     0.457155
      1766.00     0.457040
      1767.00     0.456925
      1768.00     0.456810
      1769.00     0.456810
      1770.00     0.456810
      1771.00     0.456810
      1772.00     0.456810
      1773.00     0.456807
      1774.00     0.456805
      1775.00     0.456803
      1776.00     0.456800
      1777.00     0.456798
      1778.00     0.456795
      1779.00     0.456793
      1780.00     0.456790
      1781.00     0.456677
      1782.00     0.456565
      1783.00     0.456452
      1784.00     0.456340
      1785.00     0.456567
      1786.00     0.456795
      1787.00     0.457022
      1788.00     0.457250
      1789.00     0.457483
      1790.00     0.457715
      1791.00     0.457947
      1792.00     0.458180
      1793.00     0.458180
      1794.00     0.458180
      1795.00     0.458180
      1796.00     0.458180
      1797.00     0.458298
      1798.00     0.458415
      1799.00     0.458533
      1800.00     0.458650
      1801.00     0.458765
      1802.00     0.458880
      1803.00     0.458995
      1804.00     0.459110
      1805.00     0.459225
      1806.00     0.459340
      1807.00     0.459455
      1808.00     0.459570
      1809.00     0.460035
      1810.00     0.460500
      1811.00     0.460965
      1812.00     0.461430
      1813.00     0.460618
      1814.00     0.459805
      1815.00     0.458993
      1816.00     0.458180
      1817.00     0.458295
      1818.00     0.458410
      1819.00     0.458525
      1820.00     0.458640
      1821.00     0.458177
      1822.00     0.457715
      1823.00     0.457253
      1824.00     0.456790
      1825.00     0.455967
      1826.00     0.455145
      1827.00     0.454322
      1828.00     0.453500
      1829.00     0.452215
      1830.00     0.450930
      1831.00     0.449645
      1832.00     0.448360
      1833.00     0.448020
      1834.00     0.447680
      1835.00     0.447340
      1836.00     0.447000
      1837.00     0.447790
      1838.00     0.448580
      1839.00     0.449370
      1840.00     0.450160
      1841.00     0.450970
      1842.00     0.451780
      1843.00     0.452590
      1844.00     0.453400
      1845.00     0.454695
      1846.00     0.455990
      1847.00     0.457285
      1848.00     0.458580
      1849.00     0.459865
      1850.00     0.461150
      1851.00     0.462435
      1852.00     0.463720
      1853.00     0.463960
      1854.00     0.464200
      1855.00     0.464440
      1856.00     0.464680
      1857.00     0.462547
      1858.00     0.460415
      1859.00     0.458283
      1860.00     0.456150
      1861.00     0.452715
      1862.00     0.449280
      1863.00     0.445845
      1864.00     0.442410
      1865.00     0.439158
      1866.00     0.435905
      1867.00     0.432653
      1868.00     0.429400
      1869.00     0.428243
      1870.00     0.427085
      1871.00     0.425927
      1872.00     0.424770
      1873.00     0.424205
      1874.00     0.423640
      1875.00     0.423075
      1876.00     0.422510
      1877.00     0.420657
      1878.00     0.418805
      1879.00     0.416952
      1880.00     0.415100
      1881.00     0.413180
      1882.00     0.411260
      1883.00     0.409340
      1884.00     0.407420
      1885.00     0.404585
      1886.00     0.401750
      1887.00     0.398915
      1888.00     0.396080
      1889.00     0.392760
      1890.00     0.389440
      1891.00     0.386120
      1892.00     0.382800
      1893.00     0.380982
      1894.00     0.379165
      1895.00     0.377347
      1896.00     0.375530
      1897.00     0.372360
      1898.00     0.369190
      1899.00     0.366020
      1900.00     0.362850
      1901.00     0.360665
      1902.00     0.358480
      1903.00     0.356295
      1904.00     0.354110
      1905.00     0.353723
      1906.00     0.353335
      1907.00     0.352948
      1908.00     0.352560
      1909.00     0.352753
      1910.00     0.352945
      1911.00     0.353138
      1912.00     0.353330
      1913.00     0.353233
      1914.00     0.353135
      1915.00     0.353038
      1916.00     0.352940
      1917.00     0.354300
      1918.00     0.355660
      1919.00     0.357020
      1920.00     0.358380
      1921.00     0.360225
      1922.00     0.362070
      1923.00     0.363915
      1924.00     0.365760
      1925.00     0.367780
      1926.00     0.369800
      1927.00     0.371820
      1928.00     0.373840
      1929.00     0.375532
      1930.00     0.377225
      1931.00     0.378918
      1932.00     0.380610
      1933.00     0.382730
      1934.00     0.384850
      1935.00     0.386970
      1936.00     0.389090
      1937.00     0.389553
      1938.00     0.390015
      1939.00     0.390478
      1940.00     0.390940
      1941.00     0.391688
      1942.00     0.392435
      1943.00     0.393183
      1944.00     0.393930
      1945.00     0.394918
      1946.00     0.395905
      1947.00     0.396892
      1948.00     0.397880
      1949.00     0.398490
      1950.00     0.399100
      1951.00     0.399710
      1952.00     0.400320
      1953.00     0.400348
      1954.00     0.400375
      1955.00     0.400402
      1956.00     0.400430
      1957.00     0.400905
      1958.00     0.401380
      1959.00     0.401855
      1960.00     0.402330
      1961.00     0.403150
      1962.00     0.403970
      1963.00     0.404790
      1964.00     0.405610
      1965.00     0.407732
      1966.00     0.409855
      1967.00     0.411977
      1968.00     0.414100
      1969.00     0.414795
      1970.00     0.415490
      1971.00     0.416185
      1972.00     0.416880
      1973.00     0.417228
      1974.00     0.417575
      1975.00     0.417922
      1976.00     0.418270
      1977.00     0.418970
      1978.00     0.419670
      1979.00     0.420370
      1980.00     0.421070
      1981.00     0.421642
      1982.00     0.422215
      1983.00     0.422787
      1984.00     0.423360
      1985.00     0.423840
      1986.00     0.424320
      1987.00     0.424800
      1988.00     0.425280
      1989.00     0.425435
      1990.00     0.425590
      1991.00     0.425745
      1992.00     0.425900
      1993.00     0.426610
      1994.00     0.427320
      1995.00     0.428030
      1996.00     0.428740
      1997.00     0.429118
      1998.00     0.429495
      1999.00     0.429873
      2000.00     0.430250
      2001.00     0.431058
      2002.00     0.431865
      2003.00     0.432673
      2004.00     0.433480
      2005.00     0.434188
      2006.00     0.434895
      2007.00     0.435603
      2008.00     0.436310
      2009.00     0.437753
      2010.00     0.439195
      2011.00     0.440637
      2012.00     0.442080
      2013.00     0.443035
      2014.00     0.443990
      2015.00     0.444945
      2016.00     0.445900
      2017.00     0.446853
      2018.00     0.447805
      2019.00     0.448757
      2020.00     0.449710
      2021.00     0.449823
      2022.00     0.449935
      2023.00     0.450048
      2024.00     0.450160
      2025.00     0.450165
      2026.00     0.450170
      2027.00     0.450175
      2028.00     0.450180
      2029.00     0.450537
      2030.00     0.450895
      2031.00     0.451252
      2032.00     0.451610
      2033.00     0.451970
      2034.00     0.452330
      2035.00     0.452690
      2036.00     0.453050
      2037.00     0.452933
      2038.00     0.452815
      2039.00     0.452698
      2040.00     0.452580
      2041.00     0.453425
      2042.00     0.454270
      2043.00     0.455115
      2044.00     0.455960
      2045.00     0.455472
      2046.00     0.454985
      2047.00     0.454497
      2048.00     0.454010
      2049.00     0.454980
      2050.00     0.455950
      2051.00     0.456920
      2052.00     0.457890
      2053.00     0.458255
      2054.00     0.458620
      2055.00     0.458985
      2056.00     0.459350
      2057.00     0.459960
      2058.00     0.460570
      2059.00     0.461180
      2060.00     0.461790
      2061.00     0.461302
      2062.00     0.460815
      2063.00     0.460328
      2064.00     0.459840
      2065.00     0.459355
      2066.00     0.458870
      2067.00     0.458385
      2068.00     0.457900
      2069.00     0.458510
      2070.00     0.459120
      2071.00     0.459730
      2072.00     0.460340
      2073.00     0.460582
      2074.00     0.460825
      2075.00     0.461067
      2076.00     0.461310
      2077.00     0.461310
      2078.00     0.461310
      2079.00     0.461310
      2080.00     0.461098
      2081.00     0.460869
      2082.00     0.461480
      2083.00     0.461440
      2084.00     0.461617
      2085.00     0.461674
      2086.00     0.461709
      2087.00     0.461730
      2088.00     0.461727
      2089.00     0.461684
      2090.00     0.461601
      2091.00     0.461547
      2092.00     0.461611
      2093.00     0.461902
      2094.00     0.462350
      2095.00     0.462849
      2096.00     0.463185
      2097.00     0.463216
      2098.00     0.462890
      2099.00     0.462249
      2100.00     0.461580
      2101.00     0.460986
      2102.00     0.460603
      2103.00     0.460414
      2104.00     0.460430
      2105.00     0.460617
      2106.00     0.460866
      2107.00     0.461116
      2108.00     0.461282
      2109.00     0.461292
      2110.00     0.461160
      2111.00     0.460926
      2112.00     0.460729
      2113.00     0.460677
      2114.00     0.460790
      2115.00     0.461050
      2116.00     0.461310
      2117.00     0.461421
      2118.00     0.461327
      2119.00     0.461055
      2120.00     0.460683
      2121.00     0.460352
      2122.00     0.460080
      2123.00     0.459952
      2124.00     0.459881
      2125.00     0.459835
      2126.00     0.459766
      2127.00     0.459677
      2128.00     0.459589
      2129.00     0.459570
      2130.00     0.459649
      2131.00     0.459863
      2132.00     0.460183
      2133.00     0.460517
      2134.00     0.460817
      2135.00     0.461040
      2136.00     0.461180
      2137.00     0.461210
      2138.00     0.461208
      2139.00     0.461190
      2140.00     0.461140
      2141.00     0.461023
      2142.00     0.460801
      2143.00     0.460457
      2144.00     0.460000
      2145.00     0.459467
      2146.00     0.458935
      2147.00     0.458478
      2148.00     0.458194
      2149.00     0.458063
      2150.00     0.458071
      2151.00     0.458169
      2152.00     0.458280
      2153.00     0.458334
      2154.00     0.458252
      2155.00     0.458020
      2156.00     0.457647
      2157.00     0.457180
      2158.00     0.456687
      2159.00     0.456244
      2160.00     0.455893
      2161.00     0.455640
      2162.00     0.455451
      2163.00     0.455262
      2164.00     0.455057
      2165.00     0.454794
      2166.00     0.454494
      2167.00     0.454183
      2168.00     0.453896
      2169.00     0.453653
      2170.00     0.453490
      2171.00     0.453418
      2172.00     0.453400
      2173.00     0.453390
      2174.00     0.453330
      2175.00     0.453181
      2176.00     0.452898
      2177.00     0.452473
      2178.00     0.451941
      2179.00     0.451377
      2180.00     0.450830
      2181.00     0.450370
      2182.00     0.449917
      2183.00     0.449483
      2184.00     0.449037
      2185.00     0.448570
      2186.00     0.448082
      2187.00     0.447527
      2188.00     0.446953
      2189.00     0.446409
      2190.00     0.445822
      2191.00     0.445202
      2192.00     0.444560
      2193.00     0.443990
      2194.00     0.443398
      2195.00     0.442889
      2196.00     0.442465
      2197.00     0.442103
      2198.00     0.441683
      2199.00     0.441165
      2200.00     0.440441
      2201.00     0.439397
      2202.00     0.438147
      2203.00     0.436601
      2204.00     0.434865
      2205.00     0.433277
      2206.00     0.431730
      2207.00     0.430630
      2208.00     0.429898
      2209.00     0.429656
      2210.00     0.429793
      2211.00     0.430173
      2212.00     0.430570
      2213.00     0.430830
      2214.00     0.430801
      2215.00     0.430435
      2216.00     0.429758
      2217.00     0.428827
      2218.00     0.427928
      2219.00     0.427126
      2220.00     0.426634
      2221.00     0.426497
      2222.00     0.426769
      2223.00     0.427367
      2224.00     0.428310
      2225.00     0.429340
      2226.00     0.430512
      2227.00     0.431530
      2228.00     0.432474
      2229.00     0.433163
      2230.00     0.433647
      2231.00     0.433871
      2232.00     0.433873
      2233.00     0.433652
      2234.00     0.433256
      2235.00     0.432725
      2236.00     0.432165
      2237.00     0.431574
      2238.00     0.431054
      2239.00     0.430666
      2240.00     0.430370
      2241.00     0.430185
      2242.00     0.430063
      2243.00     0.429939
      2244.00     0.429752
      2245.00     0.429502
      2246.00     0.429170
      2247.00     0.428753
      2248.00     0.428332
      2249.00     0.427903
      2250.00     0.427491
      2251.00     0.427080
      2252.00     0.426770
      2253.00     0.426530
      2254.00     0.426390
      2255.00     0.426350
      2256.00     0.426413
      2257.00     0.426549
      2258.00     0.426745
      2259.00     0.427000
      2260.00     0.427304
      2261.00     0.427649
      2262.00     0.428026
      2263.00     0.428348
      2264.00     0.428622
      2265.00     0.428814
      2266.00     0.428918
      2267.00     0.428942
      2268.00     0.428892
      2269.00     0.428792
      2270.00     0.428638
      2271.00     0.428420
      2272.00     0.428160
      2273.00     0.427856
      2274.00     0.427529
      2275.00     0.427184
      2276.00     0.426864
      2277.00     0.426532
      2278.00     0.426151
      2279.00     0.425700
      2280.00     0.425168
      2281.00     0.424494
      2282.00     0.423758
      2283.00     0.423002
      2284.00     0.422274
      2285.00     0.421604
      2286.00     0.420984
      2287.00     0.420410
      2288.00     0.419858
      2289.00     0.419300
      2290.00     0.418748
      2291.00     0.418188
      2292.00     0.417640
      2293.00     0.417136
      2294.00     0.416595
      2295.00     0.416045
      2296.00     0.415496
      2297.00     0.414959
      2298.00     0.414458
      2299.00     0.414040
      2300.00     0.413630
      2301.00     0.413240
      2302.00     0.412840
      2303.00     0.412390
      2304.00     0.411917
      2305.00     0.411348
      2306.00     0.410759
      2307.00     0.410196
      2308.00     0.409739
      2309.00     0.409314
      2310.00     0.408926
      2311.00     0.408574
      2312.00     0.408148
      2313.00     0.407611
      2314.00     0.406994
      2315.00     0.406242
      2316.00     0.405346
      2317.00     0.404425
      2318.00     0.403460
      2319.00     0.402465
      2320.00     0.401585
      2321.00     0.400814
      2322.00     0.400134
      2323.00     0.399598
      2324.00     0.399136
      2325.00     0.398653
      2326.00     0.398126
      2327.00     0.397439
      2328.00     0.396666
      2329.00     0.395732
      2330.00     0.394850
      2331.00     0.393910
      2332.00     0.393155
      2333.00     0.392468
      2334.00     0.391942
      2335.00     0.391480
      2336.00     0.391128
      2337.00     0.390813
      2338.00     0.390567
      2339.00     0.390366
      2340.00     0.390203
      2341.00     0.390065
      2342.00     0.389941
      2343.00     0.389826
      2344.00     0.389724
      2345.00     0.389646
      2346.00     0.389614
      2347.00     0.389646
      2348.00     0.389735
      2349.00     0.389890
      2350.00     0.390140
      2351.00     0.390422
      2352.00     0.390753
      2353.00     0.391164
      2354.00     0.391592
      2355.00     0.392019
      2356.00     0.392448
      2357.00     0.392800
      2358.00     0.393032
      2359.00     0.393141
      2360.00     0.393136
      2361.00     0.393042
      2362.00     0.392918
      2363.00     0.392815
      2364.00     0.392760
      2365.00     0.392790
      2366.00     0.392890
      2367.00     0.393023
      2368.00     0.393145
      2369.00     0.393199
      2370.00     0.393144
      2371.00     0.392964
      2372.00     0.392682
      2373.00     0.392316
      2374.00     0.391907
      2375.00     0.391505
      2376.00     0.391139
      2377.00     0.390830
      2378.00     0.390585
      2379.00     0.390362
      2380.00     0.390193
      2381.00     0.390044
      2382.00     0.389898
      2383.00     0.389747
      2384.00     0.389593
      2385.00     0.389427
      2386.00     0.389235
      2387.00     0.389009
      2388.00     0.388751
      2389.00     0.388460
      2390.00     0.388142
      2391.00     0.387815
      2392.00     0.387474
      2393.00     0.387109
      2394.00     0.386715
      2395.00     0.386274
      2396.00     0.385786
      2397.00     0.385285
      2398.00     0.384802
      2399.00     0.384320
      2400.00     0.383929
      2401.00     0.383653
      2402.00     0.383484
      2403.00     0.383389
      2404.00     0.383311
      2405.00     0.383193
      2406.00     0.382993
      2407.00     0.382696
      2408.00     0.382267
      2409.00     0.381740
      2410.00     0.381195
      2411.00     0.380674
      2412.00     0.380243
      2413.00     0.379851
      2414.00     0.379492
      2415.00     0.379148
      2416.00     0.378790
      2417.00     0.378414
      2418.00     0.377950
      2419.00     0.377432
      2420.00     0.376914
      2421.00     0.376437
      2422.00     0.375966
      2423.00     0.375507
      2424.00     0.375077
      2425.00     0.374650
      2426.00     0.374144
      2427.00     0.373580
      2428.00     0.373005
      2429.00     0.372345
      2430.00     0.371697
      2431.00     0.371057
      2432.00     0.370437
      2433.00     0.369892
      2434.00     0.369436
      2435.00     0.369000
      2436.00     0.368633
      2437.00     0.368240
      2438.00     0.367863
      2439.00     0.367466
      2440.00     0.367047
      2441.00     0.366629
      2442.00     0.366180
      2443.00     0.365780
      2444.00     0.365364
      2445.00     0.364987
      2446.00     0.364622
      2447.00     0.364286
      2448.00     0.363983
      2449.00     0.363703
      2450.00     0.363470
      2451.00     0.363261
      2452.00     0.363090
      2453.00     0.362929
      2454.00     0.362750
      2455.00     0.362540
      2456.00     0.362300
      2457.00     0.361997
      2458.00     0.361673
      2459.00     0.361318
      2460.00     0.360930
      2461.00     0.360550
      2462.00     0.360183
      2463.00     0.359815
      2464.00     0.359440
      2465.00     0.358986
      2466.00     0.358535
      2467.00     0.358050
      2468.00     0.357514
      2469.00     0.356953
      2470.00     0.356413
      2471.00     0.355880
      2472.00     0.355355
      2473.00     0.354843
      2474.00     0.354296
      2475.00     0.353743
      2476.00     0.353200
      2477.00     0.352629
      2478.00     0.352021
      2479.00     0.351390
      2480.00     0.350751
      2481.00     0.350098
      2482.00     0.349470
      2483.00     0.348907
      2484.00     0.348390
      2485.00     0.347907
      2486.00     0.347450
      2487.00     0.346995
      2488.00     0.346537
      2489.00     0.346075
      2490.00     0.345600
      2491.00     0.345125
      2492.00     0.344663
      2493.00     0.344220
      2494.00     0.343797
      2495.00     0.343390
      2496.00     0.342990
      2497.00     0.342598
      2498.00     0.342193
      2499.00     0.341785
      2500.00     0.341373
