      400.000   0.00226000
      401.000   0.00318100
      402.000   0.00420900
      403.000   0.00506700
      404.000   0.00504100
      405.000   0.00514600
      406.000   0.00535000
      407.000   0.00882200
      408.000   0.00973500
      409.000   0.00890400
      410.000   0.00886300
      411.000   0.00973500
      412.000    0.0106620
      413.000    0.0106800
      414.000    0.0110470
      415.000    0.0119180
      416.000    0.0119650
      417.000    0.0128180
      418.000    0.0144050
      419.000    0.0161700
      420.000    0.0160840
      421.000    0.0161380
      422.000    0.0152070
      423.000    0.0152880
      424.000    0.0179830
      425.000    0.0188780
      426.000    0.0162540
      427.000    0.0170800
      428.000    0.0170730
      429.000    0.0214880
      430.000    0.0214880
      431.000    0.0188330
      432.000    0.0188020
      433.000    0.0205920
      434.000    0.0206020
      435.000    0.0206050
      436.000    0.0240730
      437.000    0.0240690
      438.000    0.0240730
      439.000    0.0249280
      440.000    0.0236250
      441.000    0.0244700
      442.000    0.0257530
      443.000    0.0257250
      444.000    0.0257250
      445.000    0.0257720
      446.000    0.0274460
      447.000    0.0269560
      448.000    0.0286840
      449.000    0.0270130
      450.000    0.0277930
      451.000    0.0282400
      452.000    0.0289990
      453.000    0.0311310
      454.000    0.0312840
      455.000    0.0328280
      456.000    0.0328730
      457.000    0.0329470
      458.000    0.0318890
      459.000    0.0330780
      460.000    0.0333930
      461.000    0.0334250
      462.000    0.0337590
      463.000    0.0337410
      464.000    0.0328570
      465.000    0.0345360
      466.000    0.0357990
      467.000    0.0345360
      468.000    0.0353440
      469.000    0.0353640
      470.000    0.0354230
      471.000    0.0354430
      472.000    0.0353440
      473.000    0.0353240
      474.000    0.0383800
      475.000    0.0400750
      476.000    0.0387730
      477.000    0.0353640
      478.000    0.0399250
      479.000    0.0399010
      480.000    0.0394700
      481.000    0.0399500
      482.000    0.0407400
      483.000    0.0407660
      484.000    0.0415260
      485.000    0.0415260
      486.000    0.0414720
      487.000    0.0423920
      488.000    0.0427650
      489.000    0.0436300
      490.000    0.0443170
      491.000    0.0424610
      492.000    0.0432560
      493.000    0.0432560
      494.000    0.0435720
      495.000    0.0436010
      496.000    0.0434860
      497.000    0.0455450
      498.000    0.0456060
      499.000    0.0455150
      500.000    0.0442870
      501.000    0.0451480
      502.000    0.0465960
      503.000    0.0463110
      504.000    0.0497100
      505.000    0.0470080
      506.000    0.0496420
      507.000    0.0496760
      508.000    0.0487510
      509.000    0.0486520
      510.000    0.0499660
      511.000    0.0511370
      512.000    0.0502380
      513.000    0.0503060
      514.000    0.0522830
      515.000    0.0523550
      516.000    0.0534590
      517.000    0.0521750
      518.000    0.0521390
      519.000    0.0520680
      520.000    0.0536060
      521.000    0.0523910
      522.000    0.0534590
      523.000    0.0550290
      524.000    0.0534950
      525.000    0.0532760
      526.000    0.0573520
      527.000    0.0576340
      528.000    0.0576340
      529.000    0.0571930
      530.000    0.0571540
      531.000    0.0571150
      532.000    0.0599900
      533.000    0.0599900
      534.000    0.0601160
      535.000    0.0602410
      536.000    0.0602410
      537.000    0.0619330
      538.000    0.0619330
      539.000    0.0618450
      540.000    0.0627710
      541.000    0.0627710
      542.000    0.0611840
      543.000    0.0614820
      544.000    0.0629040
      545.000    0.0627710
      546.000    0.0641830
      547.000    0.0665060
      548.000    0.0647030
      549.000    0.0661340
      550.000    0.0659490
      551.000    0.0654780
      552.000    0.0652550
      553.000    0.0676740
      554.000    0.0644970
      555.000    0.0659270
      556.000    0.0670850
      557.000    0.0681140
      558.000    0.0684770
      559.000    0.0711350
      560.000    0.0738380
      561.000    0.0752730
      562.000    0.0733600
      563.000    0.0732550
      564.000    0.0750600
      565.000    0.0758450
      566.000    0.0751980
      567.000    0.0745290
      568.000    0.0747780
      569.000    0.0757630
      570.000    0.0764890
      571.000    0.0750400
      572.000    0.0764890
      573.000    0.0769550
      574.000    0.0776730
      575.000    0.0780650
      576.000    0.0780650
      577.000    0.0773000
      578.000    0.0784590
      579.000    0.0789130
      580.000    0.0789610
      581.000    0.0797300
      582.000    0.0800620
      583.000    0.0796150
      584.000    0.0786800
      585.000    0.0810570
      586.000    0.0807090
      587.000    0.0808250
      588.000    0.0810420
      589.000    0.0817940
      590.000    0.0819110
      591.000    0.0824440
      592.000    0.0823850
      593.000    0.0812720
      594.000    0.0841590
      595.000    0.0840990
      596.000    0.0835650
      597.000    0.0835650
      598.000    0.0856680
      599.000    0.0858150
      600.000    0.0865800
      601.000    0.0859710
      602.000    0.0868460
      603.000    0.0866630
      604.000    0.0854680
      605.000    0.0886330
      606.000    0.0877440
      607.000    0.0889080
      608.000    0.0888460
      609.000    0.0903680
      610.000    0.0887240
      611.000    0.0875020
      612.000    0.0884480
      613.000    0.0889080
      614.000    0.0899200
      615.000    0.0903790
      616.000    0.0904410
      617.000    0.0905030
      618.000    0.0905030
      619.000    0.0929450
      620.000    0.0930100
      621.000    0.0920460
      622.000    0.0901920
      623.000    0.0901300
      624.000    0.0916660
      625.000    0.0935860
      626.000    0.0958900
      627.000    0.0966150
      628.000    0.0969460
      629.000    0.0972130
      630.000    0.0970250
      631.000    0.0972270
      632.000    0.0959210
      633.000    0.0971460
      634.000    0.0959870
      635.000    0.0972800
      636.000    0.0968130
      637.000    0.0976320
      638.000    0.0995970
      639.000    0.0984420
      640.000    0.0972990
      641.000    0.0987110
      642.000    0.0990480
      643.000     0.101961
      644.000     0.102031
      645.000    0.0974680
      646.000     0.102547
      647.000     0.101476
      648.000     0.101614
      649.000     0.101115
      650.000     0.102687
      651.000     0.103178
      652.000     0.103389
      653.000     0.104535
      654.000     0.104322
      655.000     0.106256
      656.000     0.105036
      657.000     0.104535
      658.000     0.105822
      659.000     0.104166
      660.000     0.104748
      661.000     0.102707
      662.000     0.105952
      663.000     0.102842
      664.000     0.105393
      665.000     0.109163
      666.000     0.109387
      667.000     0.109314
      668.000     0.109021
      669.000     0.109167
      670.000     0.109094
      671.000     0.109021
      672.000     0.106668
      673.000     0.106668
      674.000     0.107944
      675.000     0.111217
      676.000     0.111440
      677.000     0.111217
      678.000     0.112065
      679.000     0.112286
      680.000     0.113717
      681.000     0.112434
      682.000     0.111844
      683.000     0.111551
      684.000     0.112677
      685.000     0.114023
      686.000     0.114322
      687.000     0.114472
      688.000     0.114397
      689.000     0.113361
      690.000     0.115673
      691.000     0.115597
      692.000     0.115673
      693.000     0.116568
      694.000     0.116568
      695.000     0.119424
      696.000     0.120199
      697.000     0.120527
      698.000     0.121486
      699.000     0.119699
      700.000     0.121030
      701.000     0.119699
      702.000     0.119622
      703.000     0.120796
      704.000     0.123060
      705.000     0.124309
      706.000     0.124229
      707.000     0.122981
      708.000     0.123831
      709.000     0.125558
      710.000     0.125800
      711.000     0.125316
      712.000     0.124995
      713.000     0.124380
      714.000     0.125465
      715.000     0.127727
      716.000     0.127973
      717.000     0.127113
      718.000     0.127113
      719.000     0.127113
      720.000     0.127319
      721.000     0.129885
      722.000     0.129278
      723.000     0.131380
      724.000     0.132286
      725.000     0.131781
      726.000     0.131865
      727.000     0.131446
      728.000     0.131697
      729.000     0.132765
      730.000     0.133188
      731.000     0.133878
      732.000     0.135666
      733.000     0.134470
      734.000     0.132153
      735.000     0.134215
      736.000     0.134898
      737.000     0.135455
      738.000     0.135711
      739.000     0.136182
      740.000     0.138527
      741.000     0.137587
      742.000     0.137501
      743.000     0.137242
      744.000     0.138302
      745.000     0.139237
      746.000     0.141120
      747.000     0.139412
      748.000     0.139588
      749.000     0.140796
      750.000     0.141297
      751.000     0.141386
      752.000     0.142444
      753.000     0.143006
      754.000     0.142827
      755.000     0.142294
      756.000     0.142383
      757.000     0.142294
      758.000     0.143525
      759.000     0.142944
      760.000     0.144959
      761.000     0.146188
      762.000     0.145139
      763.000     0.145770
      764.000     0.148262
      765.000     0.147507
      766.000     0.148736
      767.000     0.148539
      768.000     0.147711
      769.000     0.148004
      770.000     0.149503
      771.000     0.149595
      772.000     0.149780
      773.000     0.152235
      774.000     0.152235
      775.000     0.152329
      776.000     0.152706
      777.000     0.152895
      778.000     0.152517
      779.000     0.153462
      780.000     0.153936
      781.000     0.152803
      782.000     0.152709
      783.000     0.153748
      784.000     0.154594
      785.000     0.153465
      786.000     0.156674
      787.000     0.157619
      788.000     0.157716
      789.000     0.158093
      790.000     0.159418
      791.000     0.158835
      792.000     0.158093
      793.000     0.160157
      794.000     0.158642
      795.000     0.160261
      796.000     0.158545
      797.000     0.159232
      798.000     0.158383
      799.000     0.158377
      800.000     0.165755
      801.000     0.166276
      802.000     0.166798
      803.000     0.167319
      804.000     0.167840
      805.000     0.168077
      806.000     0.168314
      807.000     0.168550
      808.000     0.168787
      809.000     0.169377
      810.000     0.169967
      811.000     0.170557
      812.000     0.171147
      813.000     0.171556
      814.000     0.171964
      815.000     0.172372
      816.000     0.172781
      817.000     0.172996
      818.000     0.173212
      819.000     0.173427
      820.000     0.173643
      821.000     0.173977
      822.000     0.174311
      823.000     0.174645
      824.000     0.174979
      825.000     0.175366
      826.000     0.175752
      827.000     0.176138
      828.000     0.176525
      829.000     0.177208
      830.000     0.177892
      831.000     0.178576
      832.000     0.179259
      833.000     0.179568
      834.000     0.179876
      835.000     0.180184
      836.000     0.180493
      837.000     0.180885
      838.000     0.181277
      839.000     0.181670
      840.000     0.182062
      841.000     0.182986
      842.000     0.183910
      843.000     0.184833
      844.000     0.185757
      845.000     0.185459
      846.000     0.185162
      847.000     0.184864
      848.000     0.184566
      849.000     0.184712
      850.000     0.184857
      851.000     0.185002
      852.000     0.185148
      853.000     0.185518
      854.000     0.185888
      855.000     0.186259
      856.000     0.186629
      857.000     0.187118
      858.000     0.187607
      859.000     0.188096
      860.000     0.188585
      861.000     0.189236
      862.000     0.189887
      863.000     0.190539
      864.000     0.191190
      865.000     0.191458
      866.000     0.191726
      867.000     0.191994
      868.000     0.192262
      869.000     0.192609
      870.000     0.192957
      871.000     0.193305
      872.000     0.193652
      873.000     0.193606
      874.000     0.193559
      875.000     0.193513
      876.000     0.193467
      877.000     0.194015
      878.000     0.194562
      879.000     0.195110
      880.000     0.195657
      881.000     0.196838
      882.000     0.198019
      883.000     0.199200
      884.000     0.200381
      885.000     0.199791
      886.000     0.199200
      887.000     0.198610
      888.000     0.198019
      889.000     0.198383
      890.000     0.198747
      891.000     0.199111
      892.000     0.199475
      893.000     0.200373
      894.000     0.201271
      895.000     0.202169
      896.000     0.203067
      897.000     0.203575
      898.000     0.204082
      899.000     0.204590
      900.000     0.205097
      901.000     0.205252
      902.000     0.205407
      903.000     0.205562
      904.000     0.205717
      905.000     0.206496
      906.000     0.207275
      907.000     0.208054
      908.000     0.208833
      909.000     0.208660
      910.000     0.208487
      911.000     0.208314
      912.000     0.208141
      913.000     0.208351
      914.000     0.208561
      915.000     0.208772
      916.000     0.208982
      917.000     0.209696
      918.000     0.210411
      919.000     0.211125
      920.000     0.211839
      921.000     0.212045
      922.000     0.212251
      923.000     0.212456
      924.000     0.212662
      925.000     0.213699
      926.000     0.214736
      927.000     0.215774
      928.000     0.216811
      929.000     0.217320
      930.000     0.217828
      931.000     0.218337
      932.000     0.218845
      933.000     0.218876
      934.000     0.218906
      935.000     0.218937
      936.000     0.218967
      937.000     0.219778
      938.000     0.220590
      939.000     0.221401
      940.000     0.222212
      941.000     0.222243
      942.000     0.222274
      943.000     0.222305
      944.000     0.222336
      945.000     0.222729
      946.000     0.223121
      947.000     0.223513
      948.000     0.223906
      949.000     0.224404
      950.000     0.224903
      951.000     0.225401
      952.000     0.225900
      953.000     0.226401
      954.000     0.226903
      955.000     0.227405
      956.000     0.227906
      957.000     0.227603
      958.000     0.227301
      959.000     0.226999
      960.000     0.226696
      961.000     0.227587
      962.000     0.228478
      963.000     0.229369
      964.000     0.230260
      965.000     0.230637
      966.000     0.231014
      967.000     0.231391
      968.000     0.231768
      969.000     0.231993
      970.000     0.232218
      971.000     0.232442
      972.000     0.232667
      973.000     0.232667
      974.000     0.232667
      975.000     0.232667
      976.000     0.232667
      977.000     0.233684
      978.000     0.234701
      979.000     0.235717
      980.000     0.236734
      981.000     0.237064
      982.000     0.237393
      983.000     0.237723
      984.000     0.238053
      985.000     0.238184
      986.000     0.238315
      987.000     0.238446
      988.000     0.238577
      989.000     0.238968
      990.000     0.239358
      991.000     0.239749
      992.000     0.240139
      993.000     0.241193
      994.000     0.242246
      995.000     0.243300
      996.000     0.244353
      997.000     0.244973
      998.000     0.245592
      999.000     0.246211
      1000.00     0.246831
      1001.00     0.246628
      1002.00     0.246424
      1003.00     0.246221
      1004.00     0.246018
      1005.00     0.245951
      1006.00     0.245883
      1007.00     0.245816
      1008.00     0.245748
      1009.00     0.246997
      1010.00     0.248246
      1011.00     0.249495
      1012.00     0.250744
      1013.00     0.251213
      1014.00     0.251682
      1015.00     0.252150
      1016.00     0.252619
      1017.00     0.253365
      1018.00     0.254111
      1019.00     0.254858
      1020.00     0.255604
      1021.00     0.255394
      1022.00     0.255184
      1023.00     0.254973
      1024.00     0.254763
      1025.00     0.255245
      1026.00     0.255727
      1027.00     0.256209
      1028.00     0.256691
      1029.00     0.257251
      1030.00     0.257811
      1031.00     0.258372
      1032.00     0.258932
      1033.00     0.258832
      1034.00     0.258732
      1035.00     0.258633
      1036.00     0.258533
      1037.00     0.258790
      1038.00     0.259046
      1039.00     0.259303
      1040.00     0.259560
      1041.00     0.260179
      1042.00     0.260798
      1043.00     0.261418
      1044.00     0.262037
      1045.00     0.262477
      1046.00     0.262918
      1047.00     0.263359
      1048.00     0.263799
      1049.00     0.264295
      1050.00     0.264791
      1051.00     0.265286
      1052.00     0.265782
      1053.00     0.265795
      1054.00     0.265807
      1055.00     0.265819
      1056.00     0.265832
      1057.00     0.266113
      1058.00     0.266394
      1059.00     0.266675
      1060.00     0.266956
      1061.00     0.267138
      1062.00     0.267320
      1063.00     0.267502
      1064.00     0.267684
      1065.00     0.268646
      1066.00     0.269608
      1067.00     0.270570
      1068.00     0.271532
      1069.00     0.271406
      1070.00     0.271280
      1071.00     0.271155
      1072.00     0.271029
      1073.00     0.271351
      1074.00     0.271674
      1075.00     0.271996
      1076.00     0.272318
      1077.00     0.272207
      1078.00     0.272097
      1079.00     0.271986
      1080.00     0.271876
      1081.00     0.272040
      1082.00     0.272204
      1083.00     0.272368
      1084.00     0.272532
      1085.00     0.273780
      1086.00     0.275029
      1087.00     0.276277
      1088.00     0.277525
      1089.00     0.277976
      1090.00     0.278426
      1091.00     0.278877
      1092.00     0.279328
      1093.00     0.279543
      1094.00     0.279757
      1095.00     0.279972
      1096.00     0.280187
      1097.00     0.280356
      1098.00     0.280525
      1099.00     0.280694
      1100.00     0.280863
      1101.00     0.280679
      1102.00     0.280496
      1103.00     0.280312
      1104.00     0.280129
      1105.00     0.280684
      1106.00     0.281238
      1107.00     0.281793
      1108.00     0.282348
      1109.00     0.282714
      1110.00     0.283079
      1111.00     0.283445
      1112.00     0.283810
      1113.00     0.284337
      1114.00     0.284865
      1115.00     0.285392
      1116.00     0.285919
      1117.00     0.286282
      1118.00     0.286645
      1119.00     0.287008
      1120.00     0.287371
      1121.00     0.288014
      1122.00     0.288657
      1123.00     0.289300
      1124.00     0.289943
      1125.00     0.290074
      1126.00     0.290205
      1127.00     0.290335
      1128.00     0.290466
      1129.00     0.290794
      1130.00     0.291122
      1131.00     0.291449
      1132.00     0.291777
      1133.00     0.291827
      1134.00     0.291877
      1135.00     0.291927
      1136.00     0.291977
      1137.00     0.292063
      1138.00     0.292149
      1139.00     0.292234
      1140.00     0.292320
      1141.00     0.292439
      1142.00     0.292558
      1143.00     0.292678
      1144.00     0.292797
      1145.00     0.293990
      1146.00     0.295184
      1147.00     0.296378
      1148.00     0.297571
      1149.00     0.297697
      1150.00     0.297823
      1151.00     0.297949
      1152.00     0.298075
      1153.00     0.298487
      1154.00     0.298899
      1155.00     0.299310
      1156.00     0.299722
      1157.00     0.300693
      1158.00     0.301664
      1159.00     0.302634
      1160.00     0.303605
      1161.00     0.303405
      1162.00     0.303206
      1163.00     0.303007
      1164.00     0.302807
      1165.00     0.303290
      1166.00     0.303774
      1167.00     0.304258
      1168.00     0.304741
      1169.00     0.304781
      1170.00     0.304822
      1171.00     0.304862
      1172.00     0.304903
      1173.00     0.304944
      1174.00     0.304985
      1175.00     0.305025
      1176.00     0.305066
      1177.00     0.305467
      1178.00     0.305869
      1179.00     0.306270
      1180.00     0.306671
      1181.00     0.307036
      1182.00     0.307402
      1183.00     0.307767
      1184.00     0.308132
      1185.00     0.308417
      1186.00     0.308702
      1187.00     0.308987
      1188.00     0.309272
      1189.00     0.310042
      1190.00     0.310811
      1191.00     0.311581
      1192.00     0.312351
      1193.00     0.312481
      1194.00     0.312612
      1195.00     0.312742
      1196.00     0.312872
      1197.00     0.312953
      1198.00     0.313035
      1199.00     0.313116
      1200.00     0.313197
      1201.00     0.313282
      1202.00     0.313367
      1203.00     0.313452
      1204.00     0.313537
      1205.00     0.312965
      1206.00     0.312393
      1207.00     0.311820
      1208.00     0.311248
      1209.00     0.311448
      1210.00     0.311647
      1211.00     0.311846
      1212.00     0.312046
      1213.00     0.313071
      1214.00     0.314095
      1215.00     0.315120
      1216.00     0.316144
      1217.00     0.316646
      1218.00     0.317147
      1219.00     0.317649
      1220.00     0.318150
      1221.00     0.318610
      1222.00     0.319071
      1223.00     0.319531
      1224.00     0.319991
      1225.00     0.319947
      1226.00     0.319903
      1227.00     0.319860
      1228.00     0.319816
      1229.00     0.319617
      1230.00     0.319418
      1231.00     0.319219
      1232.00     0.319020
      1233.00     0.319219
      1234.00     0.319418
      1235.00     0.319617
      1236.00     0.319816
      1237.00     0.320300
      1238.00     0.320784
      1239.00     0.321268
      1240.00     0.321752
      1241.00     0.322126
      1242.00     0.322500
      1243.00     0.322874
      1244.00     0.323248
      1245.00     0.323486
      1246.00     0.323725
      1247.00     0.323963
      1248.00     0.324201
      1249.00     0.324102
      1250.00     0.324003
      1251.00     0.323904
      1252.00     0.323805
      1253.00     0.324075
      1254.00     0.324344
      1255.00     0.324614
      1256.00     0.324883
      1257.00     0.325168
      1258.00     0.325452
      1259.00     0.325737
      1260.00     0.326021
      1261.00     0.325815
      1262.00     0.325609
      1263.00     0.325403
      1264.00     0.325197
      1265.00     0.324834
      1266.00     0.324471
      1267.00     0.324109
      1268.00     0.323746
      1269.00     0.324147
      1270.00     0.324549
      1271.00     0.324950
      1272.00     0.325352
      1273.00     0.326043
      1274.00     0.326734
      1275.00     0.327425
      1276.00     0.328116
      1277.00     0.328325
      1278.00     0.328535
      1279.00     0.328744
      1280.00     0.328953
      1281.00     0.329239
      1282.00     0.329525
      1283.00     0.329810
      1284.00     0.330096
      1285.00     0.330616
      1286.00     0.331137
      1287.00     0.331657
      1288.00     0.332177
      1289.00     0.332077
      1290.00     0.331976
      1291.00     0.331876
      1292.00     0.331775
      1293.00     0.331676
      1294.00     0.331577
      1295.00     0.331478
      1296.00     0.331379
      1297.00     0.331803
      1298.00     0.332227
      1299.00     0.332651
      1300.00     0.333075
      1301.00     0.333030
      1302.00     0.332986
      1303.00     0.332942
      1304.00     0.332897
      1305.00     0.333286
      1306.00     0.333674
      1307.00     0.334062
      1308.00     0.334451
      1309.00     0.334317
      1310.00     0.334183
      1311.00     0.334049
      1312.00     0.333915
      1313.00     0.334103
      1314.00     0.334292
      1315.00     0.334480
      1316.00     0.334668
      1317.00     0.335410
      1318.00     0.336152
      1319.00     0.336895
      1320.00     0.337637
      1321.00     0.338485
      1322.00     0.339334
      1323.00     0.340182
      1324.00     0.341031
      1325.00     0.341031
      1326.00     0.341031
      1327.00     0.341031
      1328.00     0.341031
      1329.00     0.340833
      1330.00     0.340634
      1331.00     0.340436
      1332.00     0.340237
      1333.00     0.340333
      1334.00     0.340428
      1335.00     0.340524
      1336.00     0.340619
      1337.00     0.340035
      1338.00     0.339451
      1339.00     0.338866
      1340.00     0.338282
      1341.00     0.338673
      1342.00     0.339063
      1343.00     0.339454
      1344.00     0.339844
      1345.00     0.339947
      1346.00     0.340051
      1347.00     0.340154
      1348.00     0.340257
      1349.00     0.340968
      1350.00     0.341680
      1351.00     0.342391
      1352.00     0.343102
      1353.00     0.343094
      1354.00     0.343085
      1355.00     0.343076
      1356.00     0.343068
      1357.00     0.342364
      1358.00     0.341661
      1359.00     0.340957
      1360.00     0.340254
      1361.00     0.339923
      1362.00     0.339592
      1363.00     0.339261
      1364.00     0.338930
      1365.00     0.339064
      1366.00     0.339199
      1367.00     0.339333
      1368.00     0.339467
      1369.00     0.339474
      1370.00     0.339482
      1371.00     0.339490
      1372.00     0.339497
      1373.00     0.339215
      1374.00     0.338932
      1375.00     0.338650
      1376.00     0.338367
      1377.00     0.337287
      1378.00     0.336208
      1379.00     0.335128
      1380.00     0.334048
      1381.00     0.333965
      1382.00     0.333883
      1383.00     0.333800
      1384.00     0.333717
      1385.00     0.333656
      1386.00     0.333595
      1387.00     0.333533
      1388.00     0.333472
      1389.00     0.333665
      1390.00     0.333858
      1391.00     0.334052
      1392.00     0.334245
      1393.00     0.333459
      1394.00     0.332673
      1395.00     0.331887
      1396.00     0.331101
      1397.00     0.331416
      1398.00     0.331731
      1399.00     0.332047
      1400.00     0.332362
      1401.00     0.331375
      1402.00     0.330388
      1403.00     0.329401
      1404.00     0.328414
      1405.00     0.328506
      1406.00     0.328599
      1407.00     0.328691
      1408.00     0.328784
      1409.00     0.329020
      1410.00     0.329256
      1411.00     0.329492
      1412.00     0.329728
      1413.00     0.330389
      1414.00     0.331050
      1415.00     0.331711
      1416.00     0.332372
      1417.00     0.333028
      1418.00     0.333685
      1419.00     0.334342
      1420.00     0.334998
      1421.00     0.336094
      1422.00     0.337189
      1423.00     0.338285
      1424.00     0.339381
      1425.00     0.339699
      1426.00     0.340018
      1427.00     0.340336
      1428.00     0.340655
      1429.00     0.341069
      1430.00     0.341484
      1431.00     0.341899
      1432.00     0.342313
      1433.00     0.342775
      1434.00     0.343237
      1435.00     0.343698
      1436.00     0.344160
      1437.00     0.343960
      1438.00     0.343759
      1439.00     0.343559
      1440.00     0.343359
      1441.00     0.343406
      1442.00     0.343453
      1443.00     0.343500
      1444.00     0.343547
      1445.00     0.343686
      1446.00     0.343825
      1447.00     0.343964
      1448.00     0.344103
      1449.00     0.344209
      1450.00     0.344314
      1451.00     0.344419
      1452.00     0.344525
      1453.00     0.344433
      1454.00     0.344342
      1455.00     0.344251
      1456.00     0.344159
      1457.00     0.344824
      1458.00     0.345488
      1459.00     0.346153
      1460.00     0.346817
      1461.00     0.346771
      1462.00     0.346725
      1463.00     0.346678
      1464.00     0.346632
      1465.00     0.347453
      1466.00     0.348274
      1467.00     0.349094
      1468.00     0.349915
      1469.00     0.349569
      1470.00     0.349224
      1471.00     0.348878
      1472.00     0.348533
      1473.00     0.348775
      1474.00     0.349018
      1475.00     0.349260
      1476.00     0.349502
      1477.00     0.349745
      1478.00     0.349988
      1479.00     0.350231
      1480.00     0.350474
      1481.00     0.350277
      1482.00     0.350080
      1483.00     0.349884
      1484.00     0.349687
      1485.00     0.349780
      1486.00     0.349874
      1487.00     0.349967
      1488.00     0.350060
      1489.00     0.350189
      1490.00     0.350318
      1491.00     0.350447
      1492.00     0.350576
      1493.00     0.350972
      1494.00     0.351369
      1495.00     0.351766
      1496.00     0.352162
      1497.00     0.352476
      1498.00     0.352791
      1499.00     0.353105
      1500.00     0.353419
      1501.00     0.353837
      1502.00     0.354254
      1503.00     0.354672
      1504.00     0.355090
      1505.00     0.355416
      1506.00     0.355742
      1507.00     0.356068
      1508.00     0.356394
      1509.00     0.356394
      1510.00     0.356394
      1511.00     0.356394
      1512.00     0.356394
      1513.00     0.356649
      1514.00     0.356903
      1515.00     0.357157
      1516.00     0.357412
      1517.00     0.357783
      1518.00     0.358155
      1519.00     0.358526
      1520.00     0.358897
      1521.00     0.359202
      1522.00     0.359508
      1523.00     0.359813
      1524.00     0.360118
      1525.00     0.359929
      1526.00     0.359739
      1527.00     0.359550
      1528.00     0.359361
      1529.00     0.360171
      1530.00     0.360981
      1531.00     0.361792
      1532.00     0.362602
      1533.00     0.362967
      1534.00     0.363333
      1535.00     0.363698
      1536.00     0.364064
      1537.00     0.364160
      1538.00     0.364255
      1539.00     0.364351
      1540.00     0.364447
      1541.00     0.364351
      1542.00     0.364255
      1543.00     0.364160
      1544.00     0.364064
      1545.00     0.363730
      1546.00     0.363397
      1547.00     0.363063
      1548.00     0.362730
      1549.00     0.363290
      1550.00     0.363849
      1551.00     0.364408
      1552.00     0.364968
      1553.00     0.365160
      1554.00     0.365352
      1555.00     0.365544
      1556.00     0.365736
      1557.00     0.366151
      1558.00     0.366566
      1559.00     0.366981
      1560.00     0.367396
      1561.00     0.367345
      1562.00     0.367294
      1563.00     0.367243
      1564.00     0.367192
      1565.00     0.368126
      1566.00     0.369060
      1567.00     0.369993
      1568.00     0.370927
      1569.00     0.370336
      1570.00     0.369745
      1571.00     0.369153
      1572.00     0.368562
      1573.00     0.367562
      1574.00     0.366562
      1575.00     0.365561
      1576.00     0.364561
      1577.00     0.364707
      1578.00     0.364854
      1579.00     0.365000
      1580.00     0.365146
      1581.00     0.365708
      1582.00     0.366271
      1583.00     0.366834
      1584.00     0.367396
      1585.00     0.367348
      1586.00     0.367299
      1587.00     0.367251
      1588.00     0.367203
      1589.00     0.367106
      1590.00     0.367009
      1591.00     0.366913
      1592.00     0.366816
      1593.00     0.366913
      1594.00     0.367009
      1595.00     0.367106
      1596.00     0.367203
      1597.00     0.367155
      1598.00     0.367106
      1599.00     0.367058
      1600.00     0.367009
      1601.00     0.366765
      1602.00     0.366522
      1603.00     0.366279
      1604.00     0.366035
      1605.00     0.366190
      1606.00     0.366345
      1607.00     0.366500
      1608.00     0.366655
      1609.00     0.366905
      1610.00     0.367154
      1611.00     0.367404
      1612.00     0.367654
      1613.00     0.368038
      1614.00     0.368423
      1615.00     0.368807
      1616.00     0.369191
      1617.00     0.369385
      1618.00     0.369579
      1619.00     0.369772
      1620.00     0.369966
      1621.00     0.369359
      1622.00     0.368752
      1623.00     0.368146
      1624.00     0.367539
      1625.00     0.368443
      1626.00     0.369347
      1627.00     0.370251
      1628.00     0.371155
      1629.00     0.371742
      1630.00     0.372330
      1631.00     0.372917
      1632.00     0.373504
      1633.00     0.374190
      1634.00     0.374876
      1635.00     0.375563
      1636.00     0.376249
      1637.00     0.375315
      1638.00     0.374381
      1639.00     0.373447
      1640.00     0.372513
      1641.00     0.372274
      1642.00     0.372036
      1643.00     0.371797
      1644.00     0.371558
      1645.00     0.372113
      1646.00     0.372669
      1647.00     0.373224
      1648.00     0.373779
      1649.00     0.374024
      1650.00     0.374269
      1651.00     0.374513
      1652.00     0.374758
      1653.00     0.374489
      1654.00     0.374220
      1655.00     0.373952
      1656.00     0.373683
      1657.00     0.373540
      1658.00     0.373398
      1659.00     0.373255
      1660.00     0.373113
      1661.00     0.373622
      1662.00     0.374132
      1663.00     0.374641
      1664.00     0.375151
      1665.00     0.375371
      1666.00     0.375591
      1667.00     0.375810
      1668.00     0.376030
      1669.00     0.375205
      1670.00     0.374381
      1671.00     0.373556
      1672.00     0.372731
      1673.00     0.373058
      1674.00     0.373386
      1675.00     0.373713
      1676.00     0.374040
      1677.00     0.373852
      1678.00     0.373665
      1679.00     0.373477
      1680.00     0.373290
      1681.00     0.374189
      1682.00     0.375087
      1683.00     0.375986
      1684.00     0.376885
      1685.00     0.376787
      1686.00     0.376689
      1687.00     0.376591
      1688.00     0.376493
      1689.00     0.376729
      1690.00     0.376965
      1691.00     0.377200
      1692.00     0.377436
      1693.00     0.376956
      1694.00     0.376476
      1695.00     0.375996
      1696.00     0.375516
      1697.00     0.375968
      1698.00     0.376419
      1699.00     0.376871
      1700.00     0.377322
      1701.00     0.376844
      1702.00     0.376366
      1703.00     0.375889
      1704.00     0.375411
      1705.00     0.376036
      1706.00     0.376661
      1707.00     0.377286
      1708.00     0.377911
      1709.00     0.377796
      1710.00     0.377680
      1711.00     0.377565
      1712.00     0.377450
      1713.00     0.377812
      1714.00     0.378174
      1715.00     0.378536
      1716.00     0.378898
      1717.00     0.379326
      1718.00     0.379755
      1719.00     0.380183
      1720.00     0.380611
      1721.00     0.380372
      1722.00     0.380134
      1723.00     0.379895
      1724.00     0.379657
      1725.00     0.379946
      1726.00     0.380234
      1727.00     0.380523
      1728.00     0.380812
      1729.00     0.380662
      1730.00     0.380511
      1731.00     0.380361
      1732.00     0.380211
      1733.00     0.379815
      1734.00     0.379420
      1735.00     0.379024
      1736.00     0.378628
      1737.00     0.378864
      1738.00     0.379099
      1739.00     0.379335
      1740.00     0.379570
      1741.00     0.379050
      1742.00     0.378529
      1743.00     0.378009
      1744.00     0.377489
      1745.00     0.378357
      1746.00     0.379225
      1747.00     0.380094
      1748.00     0.380962
      1749.00     0.381011
      1750.00     0.381061
      1751.00     0.381111
      1752.00     0.381160
      1753.00     0.380923
      1754.00     0.380686
      1755.00     0.380449
      1756.00     0.380212
      1757.00     0.380112
      1758.00     0.380013
      1759.00     0.379913
      1760.00     0.379813
      1761.00     0.379882
      1762.00     0.379951
      1763.00     0.380020
      1764.00     0.380089
      1765.00     0.379841
      1766.00     0.379592
      1767.00     0.379344
      1768.00     0.379096
      1769.00     0.379028
      1770.00     0.378960
      1771.00     0.378893
      1772.00     0.378825
      1773.00     0.379153
      1774.00     0.379482
      1775.00     0.379811
      1776.00     0.380139
      1777.00     0.379848
      1778.00     0.379558
      1779.00     0.379268
      1780.00     0.378977
      1781.00     0.379559
      1782.00     0.380141
      1783.00     0.380724
      1784.00     0.381306
      1785.00     0.381256
      1786.00     0.381207
      1787.00     0.381158
      1788.00     0.381108
      1789.00     0.380713
      1790.00     0.380317
      1791.00     0.379921
      1792.00     0.379526
      1793.00     0.379458
      1794.00     0.379389
      1795.00     0.379321
      1796.00     0.379252
      1797.00     0.379567
      1798.00     0.379883
      1799.00     0.380198
      1800.00     0.380513
      1801.00     0.380563
      1802.00     0.380612
      1803.00     0.380661
      1804.00     0.380711
      1805.00     0.381310
      1806.00     0.381909
      1807.00     0.382508
      1808.00     0.383107
      1809.00     0.382841
      1810.00     0.382576
      1811.00     0.382310
      1812.00     0.382045
      1813.00     0.381612
      1814.00     0.381180
      1815.00     0.380747
      1816.00     0.380315
      1817.00     0.379836
      1818.00     0.379358
      1819.00     0.378879
      1820.00     0.378400
      1821.00     0.379163
      1822.00     0.379925
      1823.00     0.380688
      1824.00     0.381451
      1825.00     0.381557
      1826.00     0.381662
      1827.00     0.381768
      1828.00     0.381874
      1829.00     0.381877
      1830.00     0.381881
      1831.00     0.381885
      1832.00     0.381888
      1833.00     0.382274
      1834.00     0.382660
      1835.00     0.383046
      1836.00     0.383432
      1837.00     0.383494
      1838.00     0.383556
      1839.00     0.383617
      1840.00     0.383679
      1841.00     0.382831
      1842.00     0.381984
      1843.00     0.381136
      1844.00     0.380288
      1845.00     0.380326
      1846.00     0.380363
      1847.00     0.380401
      1848.00     0.380439
      1849.00     0.380162
      1850.00     0.379884
      1851.00     0.379607
      1852.00     0.379330
      1853.00     0.379379
      1854.00     0.379428
      1855.00     0.379477
      1856.00     0.379526
      1857.00     0.379413
      1858.00     0.379299
      1859.00     0.379185
      1860.00     0.379072
      1861.00     0.378854
      1862.00     0.378636
      1863.00     0.378418
      1864.00     0.378200
      1865.00     0.376627
      1866.00     0.375053
      1867.00     0.373480
      1868.00     0.371907
      1869.00     0.370559
      1870.00     0.369211
      1871.00     0.367863
      1872.00     0.366515
      1873.00     0.365086
      1874.00     0.363658
      1875.00     0.362230
      1876.00     0.360801
      1877.00     0.359013
      1878.00     0.357226
      1879.00     0.355438
      1880.00     0.353650
      1881.00     0.352020
      1882.00     0.350389
      1883.00     0.348759
      1884.00     0.347129
      1885.00     0.344929
      1886.00     0.342728
      1887.00     0.340527
      1888.00     0.338327
      1889.00     0.335956
      1890.00     0.333585
      1891.00     0.331214
      1892.00     0.328843
      1893.00     0.326632
      1894.00     0.324422
      1895.00     0.322212
      1896.00     0.320001
      1897.00     0.318888
      1898.00     0.317774
      1899.00     0.316661
      1900.00     0.315547
      1901.00     0.314560
      1902.00     0.313573
      1903.00     0.312585
      1904.00     0.311598
      1905.00     0.310954
      1906.00     0.310309
      1907.00     0.309665
      1908.00     0.309021
      1909.00     0.309955
      1910.00     0.310889
      1911.00     0.311823
      1912.00     0.312757
      1913.00     0.313299
      1914.00     0.313841
      1915.00     0.314383
      1916.00     0.314925
      1917.00     0.315297
      1918.00     0.315670
      1919.00     0.316042
      1920.00     0.316414
      1921.00     0.317647
      1922.00     0.318880
      1923.00     0.320114
      1924.00     0.321347
      1925.00     0.322030
      1926.00     0.322714
      1927.00     0.323398
      1928.00     0.324081
      1929.00     0.324291
      1930.00     0.324502
      1931.00     0.324712
      1932.00     0.324922
      1933.00     0.325796
      1934.00     0.326670
      1935.00     0.327545
      1936.00     0.328419
      1937.00     0.328891
      1938.00     0.329363
      1939.00     0.329836
      1940.00     0.330308
      1941.00     0.330335
      1942.00     0.330361
      1943.00     0.330388
      1944.00     0.330415
      1945.00     0.330706
      1946.00     0.330997
      1947.00     0.331287
      1948.00     0.331578
      1949.00     0.331979
      1950.00     0.332381
      1951.00     0.332783
      1952.00     0.333184
      1953.00     0.333367
      1954.00     0.333550
      1955.00     0.333733
      1956.00     0.333916
      1957.00     0.334227
      1958.00     0.334539
      1959.00     0.334850
      1960.00     0.335161
      1961.00     0.335910
      1962.00     0.336659
      1963.00     0.337408
      1964.00     0.338157
      1965.00     0.338683
      1966.00     0.339208
      1967.00     0.339734
      1968.00     0.340260
      1969.00     0.340684
      1970.00     0.341109
      1971.00     0.341533
      1972.00     0.341957
      1973.00     0.342669
      1974.00     0.343381
      1975.00     0.344094
      1976.00     0.344806
      1977.00     0.344846
      1978.00     0.344887
      1979.00     0.344927
      1980.00     0.344968
      1981.00     0.345887
      1982.00     0.346806
      1983.00     0.347726
      1984.00     0.348645
      1985.00     0.349352
      1986.00     0.350059
      1987.00     0.350766
      1988.00     0.351473
      1989.00     0.352476
      1990.00     0.353478
      1991.00     0.354481
      1992.00     0.355484
      1993.00     0.355551
      1994.00     0.355618
      1995.00     0.355686
      1996.00     0.355753
      1997.00     0.356275
      1998.00     0.356798
      1999.00     0.357320
      2000.00     0.357843
      2001.00     0.357740
      2002.00     0.357637
      2003.00     0.357534
      2004.00     0.357431
      2005.00     0.357953
      2006.00     0.358475
      2007.00     0.358996
      2008.00     0.359518
      2009.00     0.359426
      2010.00     0.359335
      2011.00     0.359244
      2012.00     0.359152
      2013.00     0.359612
      2014.00     0.360072
      2015.00     0.360533
      2016.00     0.360993
      2017.00     0.361811
      2018.00     0.362628
      2019.00     0.363445
      2020.00     0.364263
      2021.00     0.364098
      2022.00     0.363934
      2023.00     0.363769
      2024.00     0.363604
      2025.00     0.363330
      2026.00     0.363056
      2027.00     0.362781
      2028.00     0.362507
      2029.00     0.362764
      2030.00     0.363021
      2031.00     0.363279
      2032.00     0.363536
      2033.00     0.363885
      2034.00     0.364234
      2035.00     0.364583
      2036.00     0.364932
      2037.00     0.365235
      2038.00     0.365539
      2039.00     0.365842
      2040.00     0.366146
      2041.00     0.366219
      2042.00     0.366292
      2043.00     0.366365
      2044.00     0.366438
      2045.00     0.366265
      2046.00     0.366093
      2047.00     0.365920
      2048.00     0.365747
      2049.00     0.366427
      2050.00     0.367106
      2051.00     0.367786
      2052.00     0.368466
      2053.00     0.369129
      2054.00     0.369792
      2055.00     0.370454
      2056.00     0.371117
      2057.00     0.371071
      2058.00     0.371024
      2059.00     0.370978
      2060.00     0.370932
      2061.00     0.371118
      2062.00     0.371303
      2063.00     0.371489
      2064.00     0.371675
      2065.00     0.371853
      2066.00     0.372032
      2067.00     0.372211
      2068.00     0.372389
      2069.00     0.371747
      2070.00     0.371105
      2071.00     0.370463
      2072.00     0.369821
      2073.00     0.370378
      2074.00     0.370935
      2075.00     0.371492
      2076.00     0.372049
      2077.00     0.371937
      2078.00     0.371825
      2079.00     0.371713
      2080.00     0.372523
      2081.00     0.372717
      2082.00     0.370846
      2083.00     0.370748
      2084.00     0.370307
      2085.00     0.370483
      2086.00     0.370679
      2087.00     0.370702
      2088.00     0.370560
      2089.00     0.370487
      2090.00     0.370745
      2091.00     0.371366
      2092.00     0.372056
      2093.00     0.372421
      2094.00     0.372257
      2095.00     0.371800
      2096.00     0.371270
      2097.00     0.370786
      2098.00     0.370478
      2099.00     0.370383
      2100.00     0.370433
      2101.00     0.370595
      2102.00     0.370844
      2103.00     0.371069
      2104.00     0.371156
      2105.00     0.371156
      2106.00     0.371166
      2107.00     0.371176
      2108.00     0.371260
      2109.00     0.371368
      2110.00     0.371449
      2111.00     0.371515
      2112.00     0.371490
      2113.00     0.371392
      2114.00     0.371361
      2115.00     0.371413
      2116.00     0.371439
      2117.00     0.371582
      2118.00     0.371807
      2119.00     0.372042
      2120.00     0.372351
      2121.00     0.372683
      2122.00     0.372836
      2123.00     0.372754
      2124.00     0.372744
      2125.00     0.372851
      2126.00     0.373022
      2127.00     0.373267
      2128.00     0.373464
      2129.00     0.373432
      2130.00     0.373330
      2131.00     0.373264
      2132.00     0.373134
      2133.00     0.372943
      2134.00     0.372746
      2135.00     0.372585
      2136.00     0.372543
      2137.00     0.372752
      2138.00     0.373042
      2139.00     0.373190
      2140.00     0.373181
      2141.00     0.372983
      2142.00     0.372645
      2143.00     0.372242
      2144.00     0.371855
      2145.00     0.371597
      2146.00     0.371472
      2147.00     0.371556
      2148.00     0.371748
      2149.00     0.371887
      2150.00     0.371783
      2151.00     0.371304
      2152.00     0.370595
      2153.00     0.369920
      2154.00     0.369411
      2155.00     0.369156
      2156.00     0.369127
      2157.00     0.369177
      2158.00     0.369129
      2159.00     0.368947
      2160.00     0.368799
      2161.00     0.368710
      2162.00     0.368636
      2163.00     0.368558
      2164.00     0.368467
      2165.00     0.368342
      2166.00     0.368135
      2167.00     0.367951
      2168.00     0.367816
      2169.00     0.367577
      2170.00     0.367169
      2171.00     0.366679
      2172.00     0.366185
      2173.00     0.365721
      2174.00     0.365408
      2175.00     0.365286
      2176.00     0.365222
      2177.00     0.365117
      2178.00     0.364979
      2179.00     0.364866
      2180.00     0.364816
      2181.00     0.364782
      2182.00     0.364754
      2183.00     0.364629
      2184.00     0.364281
      2185.00     0.363748
      2186.00     0.363108
      2187.00     0.362443
      2188.00     0.361846
      2189.00     0.361330
      2190.00     0.360809
      2191.00     0.360273
      2192.00     0.359750
      2193.00     0.359259
      2194.00     0.358768
      2195.00     0.358417
      2196.00     0.358126
      2197.00     0.357732
      2198.00     0.357161
      2199.00     0.356480
      2200.00     0.355691
      2201.00     0.354850
      2202.00     0.354176
      2203.00     0.353636
      2204.00     0.353202
      2205.00     0.352950
      2206.00     0.352802
      2207.00     0.352775
      2208.00     0.352930
      2209.00     0.353215
      2210.00     0.353536
      2211.00     0.353907
      2212.00     0.354336
      2213.00     0.354859
      2214.00     0.355395
      2215.00     0.355966
      2216.00     0.356559
      2217.00     0.357148
      2218.00     0.357639
      2219.00     0.358180
      2220.00     0.358729
      2221.00     0.359185
      2222.00     0.359417
      2223.00     0.359541
      2224.00     0.359611
      2225.00     0.359635
      2226.00     0.359743
      2227.00     0.359964
      2228.00     0.360184
      2229.00     0.360245
      2230.00     0.360241
      2231.00     0.360263
      2232.00     0.360293
      2233.00     0.360335
      2234.00     0.360413
      2235.00     0.360430
      2236.00     0.360345
      2237.00     0.360211
      2238.00     0.360126
      2239.00     0.360111
      2240.00     0.360143
      2241.00     0.360235
      2242.00     0.360331
      2243.00     0.360442
      2244.00     0.360624
      2245.00     0.360788
      2246.00     0.360907
      2247.00     0.360983
      2248.00     0.361030
      2249.00     0.361049
      2250.00     0.361045
      2251.00     0.361142
      2252.00     0.361288
      2253.00     0.361359
      2254.00     0.361330
      2255.00     0.361212
      2256.00     0.361071
      2257.00     0.360990
      2258.00     0.361068
      2259.00     0.361399
      2260.00     0.361906
      2261.00     0.362443
      2262.00     0.362875
      2263.00     0.363047
      2264.00     0.362989
      2265.00     0.362841
      2266.00     0.362811
      2267.00     0.362979
      2268.00     0.363242
      2269.00     0.363477
      2270.00     0.363592
      2271.00     0.363457
      2272.00     0.363051
      2273.00     0.362564
      2274.00     0.362149
      2275.00     0.361820
      2276.00     0.361600
      2277.00     0.361500
      2278.00     0.361500
      2279.00     0.361501
      2280.00     0.361500
      2281.00     0.361538
      2282.00     0.361527
      2283.00     0.361401
      2284.00     0.361207
      2285.00     0.361028
      2286.00     0.360868
      2287.00     0.360736
      2288.00     0.360692
      2289.00     0.360734
      2290.00     0.360754
      2291.00     0.360692
      2292.00     0.360559
      2293.00     0.360390
      2294.00     0.360108
      2295.00     0.359762
      2296.00     0.359453
      2297.00     0.359251
      2298.00     0.359144
      2299.00     0.359113
      2300.00     0.359115
      2301.00     0.359096
      2302.00     0.358961
      2303.00     0.358759
      2304.00     0.358588
      2305.00     0.358450
      2306.00     0.358349
      2307.00     0.358295
      2308.00     0.358256
      2309.00     0.358188
      2310.00     0.358128
      2311.00     0.358149
      2312.00     0.358229
      2313.00     0.358310
      2314.00     0.358322
      2315.00     0.358241
      2316.00     0.358027
      2317.00     0.357743
      2318.00     0.357484
      2319.00     0.357326
      2320.00     0.357275
      2321.00     0.357275
      2322.00     0.357277
      2323.00     0.357203
      2324.00     0.357006
      2325.00     0.356679
      2326.00     0.356301
      2327.00     0.355891
      2328.00     0.355548
      2329.00     0.355258
      2330.00     0.355036
      2331.00     0.354753
      2332.00     0.354464
      2333.00     0.354145
      2334.00     0.353857
      2335.00     0.353630
      2336.00     0.353565
      2337.00     0.353638
      2338.00     0.353751
      2339.00     0.353797
      2340.00     0.353738
      2341.00     0.353558
      2342.00     0.353256
      2343.00     0.352874
      2344.00     0.352445
      2345.00     0.352031
      2346.00     0.351630
      2347.00     0.351216
      2348.00     0.350846
      2349.00     0.350522
      2350.00     0.350236
      2351.00     0.350031
      2352.00     0.349842
      2353.00     0.349624
      2354.00     0.349432
      2355.00     0.349268
      2356.00     0.349122
      2357.00     0.349010
      2358.00     0.348939
      2359.00     0.348891
      2360.00     0.348826
      2361.00     0.348707
      2362.00     0.348553
      2363.00     0.348377
      2364.00     0.348222
      2365.00     0.348056
      2366.00     0.347871
      2367.00     0.347649
      2368.00     0.347338
      2369.00     0.346912
      2370.00     0.346415
      2371.00     0.345967
      2372.00     0.345617
      2373.00     0.345363
      2374.00     0.345200
      2375.00     0.345098
      2376.00     0.345002
      2377.00     0.344836
      2378.00     0.344570
      2379.00     0.344270
      2380.00     0.343966
      2381.00     0.343619
      2382.00     0.343250
      2383.00     0.342891
      2384.00     0.342560
      2385.00     0.342283
      2386.00     0.342091
      2387.00     0.341992
      2388.00     0.341958
      2389.00     0.341938
      2390.00     0.341920
      2391.00     0.341874
      2392.00     0.341836
      2393.00     0.341810
      2394.00     0.341790
      2395.00     0.341753
      2396.00     0.341648
      2397.00     0.341435
      2398.00     0.341127
      2399.00     0.340710
      2400.00     0.340241
      2401.00     0.339854
      2402.00     0.339588
      2403.00     0.339447
      2404.00     0.339420
      2405.00     0.339458
      2406.00     0.339492
      2407.00     0.339468
      2408.00     0.339325
      2409.00     0.339054
      2410.00     0.338728
      2411.00     0.338364
      2412.00     0.338018
      2413.00     0.337675
      2414.00     0.337347
      2415.00     0.337033
      2416.00     0.336711
      2417.00     0.336387
      2418.00     0.336010
      2419.00     0.335599
      2420.00     0.335137
      2421.00     0.334664
      2422.00     0.334147
      2423.00     0.333610
      2424.00     0.333110
      2425.00     0.332660
      2426.00     0.332255
      2427.00     0.331913
      2428.00     0.331626
      2429.00     0.331299
      2430.00     0.330940
      2431.00     0.330527
      2432.00     0.330063
      2433.00     0.329611
      2434.00     0.329218
      2435.00     0.328879
      2436.00     0.328626
      2437.00     0.328391
      2438.00     0.328135
      2439.00     0.327800
      2440.00     0.327371
      2441.00     0.326884
      2442.00     0.326336
      2443.00     0.325882
      2444.00     0.325475
      2445.00     0.325157
      2446.00     0.324897
      2447.00     0.324681
      2448.00     0.324471
      2449.00     0.324214
      2450.00     0.323925
      2451.00     0.323557
      2452.00     0.323190
      2453.00     0.322805
      2454.00     0.322369
      2455.00     0.321914
      2456.00     0.321501
      2457.00     0.321120
      2458.00     0.320803
      2459.00     0.320482
      2460.00     0.320133
      2461.00     0.319787
      2462.00     0.319457
      2463.00     0.319145
      2464.00     0.318852
      2465.00     0.318606
      2466.00     0.318454
      2467.00     0.318328
      2468.00     0.318162
      2469.00     0.317905
      2470.00     0.317552
      2471.00     0.317079
      2472.00     0.316538
      2473.00     0.315985
      2474.00     0.315445
      2475.00     0.315009
      2476.00     0.314719
      2477.00     0.314559
      2478.00     0.314502
      2479.00     0.314454
      2480.00     0.314349
      2481.00     0.314146
      2482.00     0.313817
      2483.00     0.313393
      2484.00     0.312909
      2485.00     0.312447
      2486.00     0.312075
      2487.00     0.311817
      2488.00     0.311674
      2489.00     0.311632
      2490.00     0.311669
      2491.00     0.311686
      2492.00     0.311604
      2493.00     0.311443
      2494.00     0.311214
      2495.00     0.310924
      2496.00     0.310580
      2497.00     0.310196
      2498.00     0.309824
      2499.00     0.309498
      2500.00     0.309212
