      400.000    0.0690200
      401.000    0.0708380
      402.000    0.0690660
      403.000    0.0708270
      404.000    0.0708400
      405.000    0.0726150
      406.000    0.0739420
      407.000    0.0739380
      408.000    0.0752590
      409.000    0.0739310
      410.000    0.0739240
      411.000    0.0787060
      412.000    0.0773890
      413.000    0.0791230
      414.000    0.0791230
      415.000    0.0791590
      416.000    0.0792360
      417.000    0.0810110
      418.000    0.0810110
      419.000    0.0828170
      420.000    0.0829210
      421.000    0.0829460
      422.000    0.0851330
      423.000    0.0814490
      424.000    0.0848130
      425.000    0.0862580
      426.000    0.0879780
      427.000    0.0879170
      428.000    0.0895760
      429.000    0.0891130
      430.000    0.0891760
      431.000    0.0896880
      432.000    0.0909180
      433.000    0.0907780
      434.000    0.0911910
      435.000    0.0912410
      436.000    0.0912650
      437.000    0.0926590
      438.000    0.0945400
      439.000    0.0942890
      440.000    0.0963750
      441.000    0.0977540
      442.000     0.100114
      443.000     0.100046
      444.000    0.0999450
      445.000     0.101648
      446.000     0.101576
      447.000     0.101468
      448.000     0.101648
      449.000     0.103735
      450.000     0.103249
      451.000     0.103543
      452.000     0.105014
      453.000     0.104732
      454.000     0.104813
      455.000     0.104853
      456.000     0.103237
      457.000     0.108461
      458.000     0.110470
      459.000     0.106664
      460.000     0.110495
      461.000     0.109640
      462.000     0.107691
      463.000     0.109592
      464.000     0.112263
      465.000     0.111967
      466.000     0.109305
      467.000     0.111770
      468.000     0.113469
      469.000     0.109688
      470.000     0.111261
      471.000     0.115598
      472.000     0.116798
      473.000     0.113623
      474.000     0.115328
      475.000     0.116798
      476.000     0.116689
      477.000     0.119810
      478.000     0.116525
      479.000     0.119752
      480.000     0.116362
      481.000     0.116689
      482.000     0.119752
      483.000     0.120994
      484.000     0.122318
      485.000     0.120580
      486.000     0.121755
      487.000     0.121935
      488.000     0.123490
      489.000     0.123305
      490.000     0.123305
      491.000     0.123243
      492.000     0.123614
      493.000     0.123800
      494.000     0.123987
      495.000     0.124847
      496.000     0.124784
      497.000     0.128068
      498.000     0.128982
      499.000     0.128982
      500.000     0.129248
      501.000     0.130929
      502.000     0.130342
      503.000     0.131637
      504.000     0.131297
      505.000     0.131027
      506.000     0.130758
      507.000     0.132474
      508.000     0.134040
      509.000     0.132931
      510.000     0.135378
      511.000     0.136315
      512.000     0.137467
      513.000     0.136457
      514.000     0.138122
      515.000     0.137830
      516.000     0.135751
      517.000     0.138823
      518.000     0.140478
      519.000     0.140404
      520.000     0.141540
      521.000     0.141992
      522.000     0.141766
      523.000     0.141465
      524.000     0.143881
      525.000     0.147252
      526.000     0.145086
      527.000     0.143728
      528.000     0.143576
      529.000     0.143348
      530.000     0.146446
      531.000     0.149573
      532.000     0.149164
      533.000     0.150523
      534.000     0.147729
      535.000     0.147808
      536.000     0.151186
      537.000     0.154867
      538.000     0.148045
      539.000     0.150375
      540.000     0.151659
      541.000     0.156410
      542.000     0.152287
      543.000     0.153564
      544.000     0.155378
      545.000     0.156826
      546.000     0.157086
      547.000     0.157929
      548.000     0.156183
      549.000     0.159880
      550.000     0.159880
      551.000     0.160123
      552.000     0.160793
      553.000     0.160447
      554.000     0.162812
      555.000     0.162462
      556.000     0.163289
      557.000     0.163727
      558.000     0.163992
      559.000     0.163574
      560.000     0.170073
      561.000     0.171182
      562.000     0.171801
      563.000     0.174476
      564.000     0.177846
      565.000     0.176575
      566.000     0.177757
      567.000     0.176575
      568.000     0.179501
      569.000     0.179501
      570.000     0.180116
      571.000     0.180425
      572.000     0.180461
      573.000     0.180708
      574.000     0.180854
      575.000     0.181590
      576.000     0.180686
      577.000     0.180897
      578.000     0.183881
      579.000     0.183447
      580.000     0.183126
      581.000     0.181590
      582.000     0.184666
      583.000     0.184558
      584.000     0.186080
      585.000     0.185424
      586.000     0.183447
      587.000     0.186536
      588.000     0.188644
      589.000     0.188978
      590.000     0.191999
      591.000     0.189981
      592.000     0.190980
      593.000     0.193569
      594.000     0.193337
      595.000     0.193288
      596.000     0.189307
      597.000     0.185691
      598.000     0.188866
      599.000     0.191057
      600.000     0.189734
      601.000     0.191130
      602.000     0.191875
      603.000     0.193681
      604.000     0.193350
      605.000     0.194549
      606.000     0.196769
      607.000     0.196193
      608.000     0.196082
      609.000     0.197706
      610.000     0.195860
      611.000     0.195529
      612.000     0.197594
      613.000     0.198160
      614.000     0.198142
      615.000     0.199536
      616.000     0.204895
      617.000     0.205247
      618.000     0.204666
      619.000     0.202202
      620.000     0.205020
      621.000     0.206551
      622.000     0.207486
      623.000     0.207579
      624.000     0.211426
      625.000     0.206162
      626.000     0.208947
      627.000     0.207342
      628.000     0.206968
      629.000     0.207553
      630.000     0.210509
      631.000     0.206162
      632.000     0.206044
      633.000     0.208590
      634.000     0.209387
      635.000     0.208947
      636.000     0.209067
      637.000     0.208912
      638.000     0.212168
      639.000     0.216848
      640.000     0.217597
      641.000     0.215405
      642.000     0.214172
      643.000     0.218376
      644.000     0.218879
      645.000     0.218627
      646.000     0.218502
      647.000     0.218627
      648.000     0.216019
      649.000     0.218650
      650.000     0.219025
      651.000     0.220806
      652.000     0.221443
      653.000     0.220680
      654.000     0.224382
      655.000     0.225549
      656.000     0.222761
      657.000     0.226598
      658.000     0.226862
      659.000     0.223920
      660.000     0.224566
      661.000     0.226048
      662.000     0.224753
      663.000     0.224496
      664.000     0.221921
      665.000     0.224065
      666.000     0.228652
      667.000     0.228911
      668.000     0.229302
      669.000     0.229171
      670.000     0.227749
      671.000     0.229537
      672.000     0.231861
      673.000     0.233008
      674.000     0.232346
      675.000     0.234321
      676.000     0.230419
      677.000     0.231297
      678.000     0.234098
      679.000     0.236305
      680.000     0.242235
      681.000     0.238613
      682.000     0.239077
      683.000     0.237986
      684.000     0.238043
      685.000     0.236968
      686.000     0.237638
      687.000     0.240857
      688.000     0.240311
      689.000     0.239903
      690.000     0.242987
      691.000     0.243263
      692.000     0.243263
      693.000     0.241374
      694.000     0.246227
      695.000     0.251053
      696.000     0.248491
      697.000     0.247073
      698.000     0.247353
      699.000     0.255967
      700.000     0.249997
      701.000     0.250699
      702.000     0.250981
      703.000     0.250699
      704.000     0.250667
      705.000     0.249969
      706.000     0.252488
      707.000     0.252630
      708.000     0.253025
      709.000     0.253025
      710.000     0.253983
      711.000     0.252445
      712.000     0.254409
      713.000     0.254409
      714.000     0.256607
      715.000     0.256464
      716.000     0.256593
      717.000     0.257848
      718.000     0.258426
      719.000     0.261207
      720.000     0.260914
      721.000     0.261417
      722.000     0.261127
      723.000     0.261784
      724.000     0.261639
      725.000     0.262439
      726.000     0.263375
      727.000     0.264606
      728.000     0.265196
      729.000     0.265492
      730.000     0.267326
      731.000     0.268269
      732.000     0.265201
      733.000     0.269507
      734.000     0.268015
      735.000     0.269994
      736.000     0.270595
      737.000     0.272288
      738.000     0.273981
      739.000     0.271682
      740.000     0.274309
      741.000     0.275240
      742.000     0.274780
      743.000     0.273866
      744.000     0.274475
      745.000     0.274184
      746.000     0.275105
      747.000     0.275409
      748.000     0.276671
      749.000     0.278350
      750.000     0.275588
      751.000     0.276786
      752.000     0.279549
      753.000     0.278622
      754.000     0.278809
      755.000     0.281428
      756.000     0.282817
      757.000     0.282036
      758.000     0.280372
      759.000     0.283553
      760.000     0.282930
      761.000     0.282775
      762.000     0.286910
      763.000     0.287227
      764.000     0.290337
      765.000     0.287862
      766.000     0.284503
      767.000     0.284947
      768.000     0.286242
      769.000     0.286752
      770.000     0.289249
      771.000     0.289089
      772.000     0.291383
      773.000     0.292286
      774.000     0.291320
      775.000     0.290573
      776.000     0.292058
      777.000     0.293586
      778.000     0.292947
      779.000     0.292469
      780.000     0.295064
      781.000     0.296858
      782.000     0.293747
      783.000     0.294160
      784.000     0.296096
      785.000     0.298629
      786.000     0.300421
      787.000     0.300586
      788.000     0.299596
      789.000     0.298612
      790.000     0.297149
      791.000     0.299080
      792.000     0.302925
      793.000     0.303759
      794.000     0.300277
      795.000     0.301540
      796.000     0.302759
      797.000     0.300604
      798.000     0.302083
      799.000     0.302046
      800.000     0.308228
      801.000     0.307912
      802.000     0.307597
      803.000     0.307281
      804.000     0.306965
      805.000     0.307617
      806.000     0.308268
      807.000     0.308919
      808.000     0.309571
      809.000     0.310863
      810.000     0.312156
      811.000     0.313449
      812.000     0.314741
      813.000     0.314372
      814.000     0.314002
      815.000     0.313632
      816.000     0.313263
      817.000     0.313888
      818.000     0.314514
      819.000     0.315140
      820.000     0.315765
      821.000     0.316031
      822.000     0.316298
      823.000     0.316565
      824.000     0.316831
      825.000     0.317587
      826.000     0.318344
      827.000     0.319100
      828.000     0.319857
      829.000     0.320122
      830.000     0.320387
      831.000     0.320652
      832.000     0.320917
      833.000     0.321865
      834.000     0.322814
      835.000     0.323762
      836.000     0.324710
      837.000     0.325209
      838.000     0.325708
      839.000     0.326207
      840.000     0.326706
      841.000     0.327337
      842.000     0.327969
      843.000     0.328600
      844.000     0.329231
      845.000     0.328864
      846.000     0.328496
      847.000     0.328128
      848.000     0.327761
      849.000     0.327719
      850.000     0.327677
      851.000     0.327634
      852.000     0.327592
      853.000     0.327206
      854.000     0.326820
      855.000     0.326434
      856.000     0.326048
      857.000     0.326878
      858.000     0.327707
      859.000     0.328537
      860.000     0.329367
      861.000     0.329165
      862.000     0.328963
      863.000     0.328760
      864.000     0.328558
      865.000     0.328999
      866.000     0.329440
      867.000     0.329882
      868.000     0.330323
      869.000     0.331059
      870.000     0.331795
      871.000     0.332530
      872.000     0.333266
      873.000     0.333783
      874.000     0.334300
      875.000     0.334816
      876.000     0.335333
      877.000     0.335893
      878.000     0.336452
      879.000     0.337012
      880.000     0.337572
      881.000     0.337828
      882.000     0.338084
      883.000     0.338341
      884.000     0.338597
      885.000     0.338938
      886.000     0.339279
      887.000     0.339620
      888.000     0.339961
      889.000     0.340286
      890.000     0.340612
      891.000     0.340937
      892.000     0.341262
      893.000     0.341358
      894.000     0.341453
      895.000     0.341549
      896.000     0.341645
      897.000     0.341844
      898.000     0.342043
      899.000     0.342242
      900.000     0.342441
      901.000     0.343071
      902.000     0.343700
      903.000     0.344330
      904.000     0.344960
      905.000     0.345384
      906.000     0.345808
      907.000     0.346232
      908.000     0.346656
      909.000     0.346649
      910.000     0.346643
      911.000     0.346636
      912.000     0.346630
      913.000     0.346881
      914.000     0.347132
      915.000     0.347383
      916.000     0.347634
      917.000     0.348767
      918.000     0.349899
      919.000     0.351032
      920.000     0.352164
      921.000     0.351775
      922.000     0.351386
      923.000     0.350998
      924.000     0.350609
      925.000     0.351073
      926.000     0.351537
      927.000     0.352000
      928.000     0.352464
      929.000     0.352845
      930.000     0.353225
      931.000     0.353606
      932.000     0.353987
      933.000     0.353730
      934.000     0.353473
      935.000     0.353215
      936.000     0.352958
      937.000     0.353927
      938.000     0.354897
      939.000     0.355867
      940.000     0.356836
      941.000     0.356909
      942.000     0.356982
      943.000     0.357054
      944.000     0.357127
      945.000     0.357642
      946.000     0.358158
      947.000     0.358673
      948.000     0.359188
      949.000     0.359890
      950.000     0.360593
      951.000     0.361295
      952.000     0.361998
      953.000     0.362630
      954.000     0.363262
      955.000     0.363894
      956.000     0.364526
      957.000     0.364390
      958.000     0.364255
      959.000     0.364119
      960.000     0.363984
      961.000     0.364722
      962.000     0.365460
      963.000     0.366199
      964.000     0.366937
      965.000     0.367139
      966.000     0.367341
      967.000     0.367543
      968.000     0.367745
      969.000     0.368439
      970.000     0.369134
      971.000     0.369828
      972.000     0.370522
      973.000     0.370631
      974.000     0.370740
      975.000     0.370849
      976.000     0.370958
      977.000     0.371158
      978.000     0.371358
      979.000     0.371557
      980.000     0.371757
      981.000     0.372048
      982.000     0.372339
      983.000     0.372629
      984.000     0.372920
      985.000     0.372601
      986.000     0.372281
      987.000     0.371962
      988.000     0.371643
      989.000     0.372801
      990.000     0.373959
      991.000     0.375118
      992.000     0.376276
      993.000     0.376508
      994.000     0.376739
      995.000     0.376970
      996.000     0.377202
      997.000     0.377261
      998.000     0.377319
      999.000     0.377377
      1000.00     0.377436
      1001.00     0.378586
      1002.00     0.379737
      1003.00     0.380887
      1004.00     0.382037
      1005.00     0.381990
      1006.00     0.381943
      1007.00     0.381896
      1008.00     0.381849
      1009.00     0.382673
      1010.00     0.383497
      1011.00     0.384321
      1012.00     0.385145
      1013.00     0.385245
      1014.00     0.385346
      1015.00     0.385446
      1016.00     0.385546
      1017.00     0.384826
      1018.00     0.384106
      1019.00     0.383385
      1020.00     0.382665
      1021.00     0.383048
      1022.00     0.383432
      1023.00     0.383815
      1024.00     0.384199
      1025.00     0.384786
      1026.00     0.385374
      1027.00     0.385962
      1028.00     0.386549
      1029.00     0.387271
      1030.00     0.387993
      1031.00     0.388714
      1032.00     0.389436
      1033.00     0.389485
      1034.00     0.389534
      1035.00     0.389582
      1036.00     0.389631
      1037.00     0.389915
      1038.00     0.390200
      1039.00     0.390484
      1040.00     0.390768
      1041.00     0.392462
      1042.00     0.394156
      1043.00     0.395849
      1044.00     0.397543
      1045.00     0.397730
      1046.00     0.397917
      1047.00     0.398104
      1048.00     0.398291
      1049.00     0.398716
      1050.00     0.399140
      1051.00     0.399565
      1052.00     0.399989
      1053.00     0.399310
      1054.00     0.398632
      1055.00     0.397953
      1056.00     0.397274
      1057.00     0.395546
      1058.00     0.393819
      1059.00     0.392092
      1060.00     0.390364
      1061.00     0.388747
      1062.00     0.387130
      1063.00     0.385514
      1064.00     0.383897
      1065.00     0.385473
      1066.00     0.387049
      1067.00     0.388624
      1068.00     0.390200
      1069.00     0.391058
      1070.00     0.391916
      1071.00     0.392773
      1072.00     0.393631
      1073.00     0.394566
      1074.00     0.395501
      1075.00     0.396436
      1076.00     0.397371
      1077.00     0.398039
      1078.00     0.398707
      1079.00     0.399375
      1080.00     0.400043
      1081.00     0.400580
      1082.00     0.401116
      1083.00     0.401653
      1084.00     0.402190
      1085.00     0.402436
      1086.00     0.402682
      1087.00     0.402927
      1088.00     0.403173
      1089.00     0.403944
      1090.00     0.404716
      1091.00     0.405487
      1092.00     0.406258
      1093.00     0.406151
      1094.00     0.406043
      1095.00     0.405936
      1096.00     0.405828
      1097.00     0.406200
      1098.00     0.406573
      1099.00     0.406945
      1100.00     0.407317
      1101.00     0.407807
      1102.00     0.408297
      1103.00     0.408786
      1104.00     0.409276
      1105.00     0.409826
      1106.00     0.410376
      1107.00     0.410925
      1108.00     0.411475
      1109.00     0.410859
      1110.00     0.410244
      1111.00     0.409628
      1112.00     0.409013
      1113.00     0.408462
      1114.00     0.407910
      1115.00     0.407359
      1116.00     0.406808
      1117.00     0.408560
      1118.00     0.410312
      1119.00     0.412063
      1120.00     0.413815
      1121.00     0.414768
      1122.00     0.415722
      1123.00     0.416676
      1124.00     0.417629
      1125.00     0.417600
      1126.00     0.417571
      1127.00     0.417543
      1128.00     0.417514
      1129.00     0.416903
      1130.00     0.416292
      1131.00     0.415682
      1132.00     0.415071
      1133.00     0.416124
      1134.00     0.417178
      1135.00     0.418231
      1136.00     0.419285
      1137.00     0.419723
      1138.00     0.420161
      1139.00     0.420599
      1140.00     0.421037
      1141.00     0.420032
      1142.00     0.419026
      1143.00     0.418021
      1144.00     0.417016
      1145.00     0.418008
      1146.00     0.419001
      1147.00     0.419993
      1148.00     0.420985
      1149.00     0.421060
      1150.00     0.421135
      1151.00     0.421210
      1152.00     0.421285
      1153.00     0.421563
      1154.00     0.421841
      1155.00     0.422119
      1156.00     0.422397
      1157.00     0.422444
      1158.00     0.422491
      1159.00     0.422538
      1160.00     0.422585
      1161.00     0.422300
      1162.00     0.422015
      1163.00     0.421729
      1164.00     0.421444
      1165.00     0.422483
      1166.00     0.423522
      1167.00     0.424561
      1168.00     0.425600
      1169.00     0.425724
      1170.00     0.425847
      1171.00     0.425971
      1172.00     0.426094
      1173.00     0.425971
      1174.00     0.425847
      1175.00     0.425724
      1176.00     0.425600
      1177.00     0.425703
      1178.00     0.425806
      1179.00     0.425908
      1180.00     0.426011
      1181.00     0.426423
      1182.00     0.426835
      1183.00     0.427247
      1184.00     0.427659
      1185.00     0.427989
      1186.00     0.428319
      1187.00     0.428649
      1188.00     0.428979
      1189.00     0.429240
      1190.00     0.429500
      1191.00     0.429761
      1192.00     0.430021
      1193.00     0.430126
      1194.00     0.430230
      1195.00     0.430335
      1196.00     0.430440
      1197.00     0.430772
      1198.00     0.431103
      1199.00     0.431435
      1200.00     0.431767
      1201.00     0.432445
      1202.00     0.433122
      1203.00     0.433800
      1204.00     0.434477
      1205.00     0.434079
      1206.00     0.433680
      1207.00     0.433282
      1208.00     0.432884
      1209.00     0.434055
      1210.00     0.435225
      1211.00     0.436396
      1212.00     0.437567
      1213.00     0.438115
      1214.00     0.438662
      1215.00     0.439210
      1216.00     0.439758
      1217.00     0.439210
      1218.00     0.438662
      1219.00     0.438115
      1220.00     0.437567
      1221.00     0.437181
      1222.00     0.436796
      1223.00     0.436410
      1224.00     0.436024
      1225.00     0.437089
      1226.00     0.438154
      1227.00     0.439219
      1228.00     0.440284
      1229.00     0.440828
      1230.00     0.441371
      1231.00     0.441914
      1232.00     0.442458
      1233.00     0.442240
      1234.00     0.442021
      1235.00     0.441803
      1236.00     0.441585
      1237.00     0.442317
      1238.00     0.443049
      1239.00     0.443782
      1240.00     0.444514
      1241.00     0.444685
      1242.00     0.444855
      1243.00     0.445026
      1244.00     0.445196
      1245.00     0.445202
      1246.00     0.445208
      1247.00     0.445214
      1248.00     0.445220
      1249.00     0.445280
      1250.00     0.445341
      1251.00     0.445401
      1252.00     0.445462
      1253.00     0.445522
      1254.00     0.445582
      1255.00     0.445642
      1256.00     0.445702
      1257.00     0.446149
      1258.00     0.446596
      1259.00     0.447042
      1260.00     0.447489
      1261.00     0.447873
      1262.00     0.448257
      1263.00     0.448641
      1264.00     0.449025
      1265.00     0.450622
      1266.00     0.452220
      1267.00     0.453818
      1268.00     0.455415
      1269.00     0.456143
      1270.00     0.456872
      1271.00     0.457600
      1272.00     0.458328
      1273.00     0.457843
      1274.00     0.457358
      1275.00     0.456873
      1276.00     0.456388
      1277.00     0.456638
      1278.00     0.456887
      1279.00     0.457137
      1280.00     0.457386
      1281.00     0.457708
      1282.00     0.458030
      1283.00     0.458352
      1284.00     0.458674
      1285.00     0.458610
      1286.00     0.458547
      1287.00     0.458483
      1288.00     0.458419
      1289.00     0.458684
      1290.00     0.458948
      1291.00     0.459213
      1292.00     0.459478
      1293.00     0.459418
      1294.00     0.459358
      1295.00     0.459298
      1296.00     0.459238
      1297.00     0.458959
      1298.00     0.458679
      1299.00     0.458400
      1300.00     0.458120
      1301.00     0.458281
      1302.00     0.458441
      1303.00     0.458602
      1304.00     0.458762
      1305.00     0.459594
      1306.00     0.460425
      1307.00     0.461257
      1308.00     0.462089
      1309.00     0.461868
      1310.00     0.461646
      1311.00     0.461425
      1312.00     0.461204
      1313.00     0.460977
      1314.00     0.460751
      1315.00     0.460524
      1316.00     0.460297
      1317.00     0.459791
      1318.00     0.459285
      1319.00     0.458780
      1320.00     0.458274
      1321.00     0.458418
      1322.00     0.458562
      1323.00     0.458706
      1324.00     0.458850
      1325.00     0.459192
      1326.00     0.459534
      1327.00     0.459877
      1328.00     0.460219
      1329.00     0.460383
      1330.00     0.460548
      1331.00     0.460712
      1332.00     0.460876
      1333.00     0.461145
      1334.00     0.461414
      1335.00     0.461682
      1336.00     0.461951
      1337.00     0.462480
      1338.00     0.463010
      1339.00     0.463539
      1340.00     0.464069
      1341.00     0.463739
      1342.00     0.463409
      1343.00     0.463079
      1344.00     0.462749
      1345.00     0.463087
      1346.00     0.463425
      1347.00     0.463762
      1348.00     0.464100
      1349.00     0.463569
      1350.00     0.463039
      1351.00     0.462508
      1352.00     0.461977
      1353.00     0.461408
      1354.00     0.460838
      1355.00     0.460269
      1356.00     0.459700
      1357.00     0.460566
      1358.00     0.461433
      1359.00     0.462299
      1360.00     0.463165
      1361.00     0.463762
      1362.00     0.464359
      1363.00     0.464956
      1364.00     0.465553
      1365.00     0.465330
      1366.00     0.465106
      1367.00     0.464883
      1368.00     0.464660
      1369.00     0.463147
      1370.00     0.461634
      1371.00     0.460121
      1372.00     0.458608
      1373.00     0.457984
      1374.00     0.457359
      1375.00     0.456735
      1376.00     0.456111
      1377.00     0.455181
      1378.00     0.454251
      1379.00     0.453322
      1380.00     0.452392
      1381.00     0.451845
      1382.00     0.451297
      1383.00     0.450749
      1384.00     0.450202
      1385.00     0.449106
      1386.00     0.448011
      1387.00     0.446916
      1388.00     0.445820
      1389.00     0.445542
      1390.00     0.445265
      1391.00     0.444987
      1392.00     0.444709
      1393.00     0.443247
      1394.00     0.441786
      1395.00     0.440324
      1396.00     0.438862
      1397.00     0.437471
      1398.00     0.436080
      1399.00     0.434690
      1400.00     0.433299
      1401.00     0.433131
      1402.00     0.432963
      1403.00     0.432796
      1404.00     0.432628
      1405.00     0.433326
      1406.00     0.434024
      1407.00     0.434723
      1408.00     0.435421
      1409.00     0.436628
      1410.00     0.437835
      1411.00     0.439041
      1412.00     0.440248
      1413.00     0.441199
      1414.00     0.442151
      1415.00     0.443103
      1416.00     0.444054
      1417.00     0.444038
      1418.00     0.444022
      1419.00     0.444006
      1420.00     0.443990
      1421.00     0.444599
      1422.00     0.445208
      1423.00     0.445817
      1424.00     0.446426
      1425.00     0.447231
      1426.00     0.448036
      1427.00     0.448840
      1428.00     0.449645
      1429.00     0.449968
      1430.00     0.450291
      1431.00     0.450614
      1432.00     0.450937
      1433.00     0.451099
      1434.00     0.451262
      1435.00     0.451424
      1436.00     0.451586
      1437.00     0.452071
      1438.00     0.452555
      1439.00     0.453040
      1440.00     0.453524
      1441.00     0.454005
      1442.00     0.454485
      1443.00     0.454966
      1444.00     0.455446
      1445.00     0.456046
      1446.00     0.456645
      1447.00     0.457245
      1448.00     0.457844
      1449.00     0.458033
      1450.00     0.458221
      1451.00     0.458409
      1452.00     0.458598
      1453.00     0.458707
      1454.00     0.458816
      1455.00     0.458925
      1456.00     0.459034
      1457.00     0.459771
      1458.00     0.460508
      1459.00     0.461246
      1460.00     0.461983
      1461.00     0.462635
      1462.00     0.463286
      1463.00     0.463938
      1464.00     0.464590
      1465.00     0.464746
      1466.00     0.464902
      1467.00     0.465059
      1468.00     0.465215
      1469.00     0.465215
      1470.00     0.465215
      1471.00     0.465215
      1472.00     0.465215
      1473.00     0.465878
      1474.00     0.466540
      1475.00     0.467202
      1476.00     0.467865
      1477.00     0.467809
      1478.00     0.467753
      1479.00     0.467698
      1480.00     0.467642
      1481.00     0.467469
      1482.00     0.467295
      1483.00     0.467121
      1484.00     0.466948
      1485.00     0.467514
      1486.00     0.468079
      1487.00     0.468645
      1488.00     0.469210
      1489.00     0.469204
      1490.00     0.469197
      1491.00     0.469191
      1492.00     0.469184
      1493.00     0.469373
      1494.00     0.469562
      1495.00     0.469751
      1496.00     0.469940
      1497.00     0.470869
      1498.00     0.471798
      1499.00     0.472727
      1500.00     0.473656
      1501.00     0.473633
      1502.00     0.473609
      1503.00     0.473585
      1504.00     0.473562
      1505.00     0.473643
      1506.00     0.473724
      1507.00     0.473805
      1508.00     0.473886
      1509.00     0.474388
      1510.00     0.474891
      1511.00     0.475394
      1512.00     0.475896
      1513.00     0.476651
      1514.00     0.477406
      1515.00     0.478161
      1516.00     0.478916
      1517.00     0.478953
      1518.00     0.478991
      1519.00     0.479028
      1520.00     0.479065
      1521.00     0.479366
      1522.00     0.479667
      1523.00     0.479967
      1524.00     0.480268
      1525.00     0.480382
      1526.00     0.480495
      1527.00     0.480609
      1528.00     0.480723
      1529.00     0.481237
      1530.00     0.481751
      1531.00     0.482265
      1532.00     0.482779
      1533.00     0.483143
      1534.00     0.483507
      1535.00     0.483871
      1536.00     0.484235
      1537.00     0.484493
      1538.00     0.484751
      1539.00     0.485009
      1540.00     0.485267
      1541.00     0.485163
      1542.00     0.485059
      1543.00     0.484955
      1544.00     0.484851
      1545.00     0.484714
      1546.00     0.484577
      1547.00     0.484440
      1548.00     0.484303
      1549.00     0.484041
      1550.00     0.483779
      1551.00     0.483516
      1552.00     0.483254
      1553.00     0.483105
      1554.00     0.482956
      1555.00     0.482808
      1556.00     0.482659
      1557.00     0.482567
      1558.00     0.482475
      1559.00     0.482383
      1560.00     0.482291
      1561.00     0.481971
      1562.00     0.481651
      1563.00     0.481332
      1564.00     0.481012
      1565.00     0.480769
      1566.00     0.480527
      1567.00     0.480284
      1568.00     0.480041
      1569.00     0.481003
      1570.00     0.481965
      1571.00     0.482927
      1572.00     0.483889
      1573.00     0.485440
      1574.00     0.486991
      1575.00     0.488542
      1576.00     0.490093
      1577.00     0.490622
      1578.00     0.491150
      1579.00     0.491679
      1580.00     0.492208
      1581.00     0.492239
      1582.00     0.492269
      1583.00     0.492300
      1584.00     0.492331
      1585.00     0.491866
      1586.00     0.491401
      1587.00     0.490937
      1588.00     0.490472
      1589.00     0.489864
      1590.00     0.489255
      1591.00     0.488647
      1592.00     0.488039
      1593.00     0.487949
      1594.00     0.487860
      1595.00     0.487770
      1596.00     0.487680
      1597.00     0.487968
      1598.00     0.488257
      1599.00     0.488545
      1600.00     0.488833
      1601.00     0.488952
      1602.00     0.489071
      1603.00     0.489191
      1604.00     0.489310
      1605.00     0.490036
      1606.00     0.490763
      1607.00     0.491489
      1608.00     0.492216
      1609.00     0.492797
      1610.00     0.493378
      1611.00     0.493958
      1612.00     0.494539
      1613.00     0.494052
      1614.00     0.493565
      1615.00     0.493079
      1616.00     0.492592
      1617.00     0.493077
      1618.00     0.493561
      1619.00     0.494045
      1620.00     0.494530
      1621.00     0.494386
      1622.00     0.494242
      1623.00     0.494097
      1624.00     0.493953
      1625.00     0.493983
      1626.00     0.494013
      1627.00     0.494043
      1628.00     0.494073
      1629.00     0.494045
      1630.00     0.494016
      1631.00     0.493988
      1632.00     0.493960
      1633.00     0.493820
      1634.00     0.493679
      1635.00     0.493538
      1636.00     0.493398
      1637.00     0.493834
      1638.00     0.494270
      1639.00     0.494706
      1640.00     0.495142
      1641.00     0.494967
      1642.00     0.494793
      1643.00     0.494619
      1644.00     0.494444
      1645.00     0.494874
      1646.00     0.495304
      1647.00     0.495733
      1648.00     0.496163
      1649.00     0.496081
      1650.00     0.495999
      1651.00     0.495918
      1652.00     0.495836
      1653.00     0.496174
      1654.00     0.496511
      1655.00     0.496848
      1656.00     0.497186
      1657.00     0.496645
      1658.00     0.496104
      1659.00     0.495563
      1660.00     0.495022
      1661.00     0.495680
      1662.00     0.496338
      1663.00     0.496995
      1664.00     0.497653
      1665.00     0.497632
      1666.00     0.497611
      1667.00     0.497589
      1668.00     0.497568
      1669.00     0.497452
      1670.00     0.497335
      1671.00     0.497219
      1672.00     0.497102
      1673.00     0.496870
      1674.00     0.496638
      1675.00     0.496406
      1676.00     0.496174
      1677.00     0.496174
      1678.00     0.496174
      1679.00     0.496174
      1680.00     0.496174
      1681.00     0.496480
      1682.00     0.496786
      1683.00     0.497091
      1684.00     0.497397
      1685.00     0.496976
      1686.00     0.496554
      1687.00     0.496133
      1688.00     0.495712
      1689.00     0.496886
      1690.00     0.498059
      1691.00     0.499233
      1692.00     0.500406
      1693.00     0.500631
      1694.00     0.500856
      1695.00     0.501081
      1696.00     0.501306
      1697.00     0.500222
      1698.00     0.499137
      1699.00     0.498053
      1700.00     0.496969
      1701.00     0.496969
      1702.00     0.496969
      1703.00     0.496969
      1704.00     0.496969
      1705.00     0.497535
      1706.00     0.498102
      1707.00     0.498668
      1708.00     0.499235
      1709.00     0.499812
      1710.00     0.500388
      1711.00     0.500964
      1712.00     0.501541
      1713.00     0.500687
      1714.00     0.499833
      1715.00     0.498980
      1716.00     0.498126
      1717.00     0.498814
      1718.00     0.499501
      1719.00     0.500189
      1720.00     0.500876
      1721.00     0.500826
      1722.00     0.500777
      1723.00     0.500728
      1724.00     0.500678
      1725.00     0.500480
      1726.00     0.500281
      1727.00     0.500082
      1728.00     0.499884
      1729.00     0.500333
      1730.00     0.500782
      1731.00     0.501230
      1732.00     0.501679
      1733.00     0.501444
      1734.00     0.501209
      1735.00     0.500974
      1736.00     0.500739
      1737.00     0.501126
      1738.00     0.501513
      1739.00     0.501899
      1740.00     0.502286
      1741.00     0.500987
      1742.00     0.499689
      1743.00     0.498390
      1744.00     0.497091
      1745.00     0.497667
      1746.00     0.498242
      1747.00     0.498818
      1748.00     0.499394
      1749.00     0.499484
      1750.00     0.499574
      1751.00     0.499665
      1752.00     0.499755
      1753.00     0.500048
      1754.00     0.500341
      1755.00     0.500633
      1756.00     0.500926
      1757.00     0.501267
      1758.00     0.501608
      1759.00     0.501950
      1760.00     0.502291
      1761.00     0.502374
      1762.00     0.502457
      1763.00     0.502540
      1764.00     0.502623
      1765.00     0.502108
      1766.00     0.501592
      1767.00     0.501076
      1768.00     0.500561
      1769.00     0.501301
      1770.00     0.502041
      1771.00     0.502780
      1772.00     0.503520
      1773.00     0.503780
      1774.00     0.504039
      1775.00     0.504298
      1776.00     0.504558
      1777.00     0.503961
      1778.00     0.503363
      1779.00     0.502766
      1780.00     0.502169
      1781.00     0.502512
      1782.00     0.502854
      1783.00     0.503197
      1784.00     0.503539
      1785.00     0.504534
      1786.00     0.505530
      1787.00     0.506525
      1788.00     0.507520
      1789.00     0.507223
      1790.00     0.506927
      1791.00     0.506630
      1792.00     0.506334
      1793.00     0.505863
      1794.00     0.505392
      1795.00     0.504921
      1796.00     0.504450
      1797.00     0.504568
      1798.00     0.504685
      1799.00     0.504803
      1800.00     0.504920
      1801.00     0.504663
      1802.00     0.504405
      1803.00     0.504147
      1804.00     0.503890
      1805.00     0.503592
      1806.00     0.503295
      1807.00     0.502998
      1808.00     0.502700
      1809.00     0.503233
      1810.00     0.503765
      1811.00     0.504297
      1812.00     0.504830
      1813.00     0.504889
      1814.00     0.504948
      1815.00     0.505007
      1816.00     0.505066
      1817.00     0.505228
      1818.00     0.505390
      1819.00     0.505552
      1820.00     0.505714
      1821.00     0.505281
      1822.00     0.504848
      1823.00     0.504414
      1824.00     0.503981
      1825.00     0.504688
      1826.00     0.505395
      1827.00     0.506101
      1828.00     0.506808
      1829.00     0.507140
      1830.00     0.507472
      1831.00     0.507803
      1832.00     0.508135
      1833.00     0.508489
      1834.00     0.508844
      1835.00     0.509198
      1836.00     0.509552
      1837.00     0.508807
      1838.00     0.508062
      1839.00     0.507317
      1840.00     0.506572
      1841.00     0.505762
      1842.00     0.504953
      1843.00     0.504143
      1844.00     0.503333
      1845.00     0.503027
      1846.00     0.502720
      1847.00     0.502414
      1848.00     0.502107
      1849.00     0.501649
      1850.00     0.501191
      1851.00     0.500733
      1852.00     0.500275
      1853.00     0.500174
      1854.00     0.500072
      1855.00     0.499970
      1856.00     0.499869
      1857.00     0.499251
      1858.00     0.498633
      1859.00     0.498015
      1860.00     0.497397
      1861.00     0.495927
      1862.00     0.494456
      1863.00     0.492986
      1864.00     0.491516
      1865.00     0.490083
      1866.00     0.488650
      1867.00     0.487217
      1868.00     0.485784
      1869.00     0.483902
      1870.00     0.482020
      1871.00     0.480139
      1872.00     0.478257
      1873.00     0.475313
      1874.00     0.472369
      1875.00     0.469425
      1876.00     0.466481
      1877.00     0.463346
      1878.00     0.460210
      1879.00     0.457075
      1880.00     0.453939
      1881.00     0.451393
      1882.00     0.448846
      1883.00     0.446299
      1884.00     0.443753
      1885.00     0.439498
      1886.00     0.435242
      1887.00     0.430987
      1888.00     0.426732
      1889.00     0.423771
      1890.00     0.420810
      1891.00     0.417849
      1892.00     0.414888
      1893.00     0.411374
      1894.00     0.407860
      1895.00     0.404345
      1896.00     0.400831
      1897.00     0.398771
      1898.00     0.396710
      1899.00     0.394650
      1900.00     0.392590
      1901.00     0.392330
      1902.00     0.392069
      1903.00     0.391809
      1904.00     0.391549
      1905.00     0.391594
      1906.00     0.391640
      1907.00     0.391685
      1908.00     0.391731
      1909.00     0.392175
      1910.00     0.392620
      1911.00     0.393064
      1912.00     0.393509
      1913.00     0.394294
      1914.00     0.395079
      1915.00     0.395865
      1916.00     0.396650
      1917.00     0.396668
      1918.00     0.396686
      1919.00     0.396704
      1920.00     0.396722
      1921.00     0.398262
      1922.00     0.399802
      1923.00     0.401342
      1924.00     0.402882
      1925.00     0.404539
      1926.00     0.406196
      1927.00     0.407852
      1928.00     0.409509
      1929.00     0.410530
      1930.00     0.411552
      1931.00     0.412573
      1932.00     0.413594
      1933.00     0.414397
      1934.00     0.415200
      1935.00     0.416002
      1936.00     0.416805
      1937.00     0.417472
      1938.00     0.418140
      1939.00     0.418807
      1940.00     0.419474
      1941.00     0.420061
      1942.00     0.420649
      1943.00     0.421236
      1944.00     0.421823
      1945.00     0.422767
      1946.00     0.423710
      1947.00     0.424654
      1948.00     0.425597
      1949.00     0.426472
      1950.00     0.427348
      1951.00     0.428223
      1952.00     0.429098
      1953.00     0.429573
      1954.00     0.430047
      1955.00     0.430522
      1956.00     0.430996
      1957.00     0.431780
      1958.00     0.432564
      1959.00     0.433349
      1960.00     0.434133
      1961.00     0.434251
      1962.00     0.434369
      1963.00     0.434487
      1964.00     0.434605
      1965.00     0.434910
      1966.00     0.435216
      1967.00     0.435521
      1968.00     0.435826
      1969.00     0.436240
      1970.00     0.436653
      1971.00     0.437066
      1972.00     0.437480
      1973.00     0.438190
      1974.00     0.438900
      1975.00     0.439610
      1976.00     0.440320
      1977.00     0.441790
      1978.00     0.443259
      1979.00     0.444729
      1980.00     0.446198
      1981.00     0.447217
      1982.00     0.448236
      1983.00     0.449255
      1984.00     0.450274
      1985.00     0.450627
      1986.00     0.450980
      1987.00     0.451333
      1988.00     0.451686
      1989.00     0.451880
      1990.00     0.452075
      1991.00     0.452269
      1992.00     0.452464
      1993.00     0.454345
      1994.00     0.456226
      1995.00     0.458108
      1996.00     0.459989
      1997.00     0.460433
      1998.00     0.460878
      1999.00     0.461322
      2000.00     0.461766
      2001.00     0.461495
      2002.00     0.461223
      2003.00     0.460952
      2004.00     0.460680
      2005.00     0.461180
      2006.00     0.461680
      2007.00     0.462180
      2008.00     0.462680
      2009.00     0.463183
      2010.00     0.463686
      2011.00     0.464190
      2012.00     0.464693
      2013.00     0.465848
      2014.00     0.467002
      2015.00     0.468157
      2016.00     0.469312
      2017.00     0.469244
      2018.00     0.469177
      2019.00     0.469110
      2020.00     0.469042
      2021.00     0.470242
      2022.00     0.471441
      2023.00     0.472641
      2024.00     0.473840
      2025.00     0.474126
      2026.00     0.474413
      2027.00     0.474699
      2028.00     0.474985
      2029.00     0.474967
      2030.00     0.474950
      2031.00     0.474932
      2032.00     0.474914
      2033.00     0.474581
      2034.00     0.474248
      2035.00     0.473915
      2036.00     0.473582
      2037.00     0.473702
      2038.00     0.473822
      2039.00     0.473941
      2040.00     0.474061
      2041.00     0.474808
      2042.00     0.475555
      2043.00     0.476301
      2044.00     0.477048
      2045.00     0.475739
      2046.00     0.474431
      2047.00     0.473122
      2048.00     0.471814
      2049.00     0.472377
      2050.00     0.472941
      2051.00     0.473504
      2052.00     0.474067
      2053.00     0.474828
      2054.00     0.475589
      2055.00     0.476349
      2056.00     0.477110
      2057.00     0.477973
      2058.00     0.478837
      2059.00     0.479700
      2060.00     0.480563
      2061.00     0.480476
      2062.00     0.480390
      2063.00     0.480304
      2064.00     0.480217
      2065.00     0.479950
      2066.00     0.479682
      2067.00     0.479414
      2068.00     0.479147
      2069.00     0.478687
      2070.00     0.478227
      2071.00     0.477768
      2072.00     0.477308
      2073.00     0.476665
      2074.00     0.476021
      2075.00     0.475378
      2076.00     0.474735
      2077.00     0.475076
      2078.00     0.475417
      2079.00     0.475758
      2080.00     0.475855
      2081.00     0.475328
      2082.00     0.474749
      2083.00     0.475442
      2084.00     0.475827
      2085.00     0.476219
      2086.00     0.476182
      2087.00     0.475891
      2088.00     0.476095
      2089.00     0.476390
      2090.00     0.476612
      2091.00     0.476670
      2092.00     0.476457
      2093.00     0.475927
      2094.00     0.475715
      2095.00     0.475859
      2096.00     0.476029
      2097.00     0.476214
      2098.00     0.476509
      2099.00     0.476898
      2100.00     0.476990
      2101.00     0.476791
      2102.00     0.476440
      2103.00     0.475947
      2104.00     0.475645
      2105.00     0.475863
      2106.00     0.476152
      2107.00     0.476187
      2108.00     0.476241
      2109.00     0.476548
      2110.00     0.476684
      2111.00     0.476741
      2112.00     0.476712
      2113.00     0.476478
      2114.00     0.476061
      2115.00     0.475777
      2116.00     0.475912
      2117.00     0.476273
      2118.00     0.476592
      2119.00     0.476868
      2120.00     0.476970
      2121.00     0.476849
      2122.00     0.476627
      2123.00     0.476672
      2124.00     0.476919
      2125.00     0.477036
      2126.00     0.476824
      2127.00     0.476501
      2128.00     0.476202
      2129.00     0.476232
      2130.00     0.476727
      2131.00     0.477088
      2132.00     0.477145
      2133.00     0.476909
      2134.00     0.476485
      2135.00     0.475975
      2136.00     0.475730
      2137.00     0.475759
      2138.00     0.475641
      2139.00     0.475605
      2140.00     0.475737
      2141.00     0.475935
      2142.00     0.475957
      2143.00     0.475958
      2144.00     0.476073
      2145.00     0.475983
      2146.00     0.475531
      2147.00     0.474977
      2148.00     0.474559
      2149.00     0.474056
      2150.00     0.473622
      2151.00     0.473355
      2152.00     0.473021
      2153.00     0.472567
      2154.00     0.472043
      2155.00     0.471676
      2156.00     0.471310
      2157.00     0.470929
      2158.00     0.470528
      2159.00     0.470144
      2160.00     0.469832
      2161.00     0.469490
      2162.00     0.469239
      2163.00     0.468935
      2164.00     0.468434
      2165.00     0.467881
      2166.00     0.467412
      2167.00     0.467003
      2168.00     0.466504
      2169.00     0.466062
      2170.00     0.465750
      2171.00     0.465541
      2172.00     0.465460
      2173.00     0.465344
      2174.00     0.465097
      2175.00     0.464648
      2176.00     0.463985
      2177.00     0.463297
      2178.00     0.462715
      2179.00     0.462178
      2180.00     0.461511
      2181.00     0.460725
      2182.00     0.460031
      2183.00     0.459512
      2184.00     0.458950
      2185.00     0.458452
      2186.00     0.457926
      2187.00     0.457235
      2188.00     0.456247
      2189.00     0.455191
      2190.00     0.454269
      2191.00     0.453351
      2192.00     0.452280
      2193.00     0.451364
      2194.00     0.450562
      2195.00     0.449865
      2196.00     0.449170
      2197.00     0.448496
      2198.00     0.447909
      2199.00     0.447098
      2200.00     0.445927
      2201.00     0.444710
      2202.00     0.443704
      2203.00     0.442776
      2204.00     0.441784
      2205.00     0.440973
      2206.00     0.439954
      2207.00     0.438782
      2208.00     0.437909
      2209.00     0.437673
      2210.00     0.438015
      2211.00     0.439056
      2212.00     0.440356
      2213.00     0.441623
      2214.00     0.442572
      2215.00     0.443402
      2216.00     0.444119
      2217.00     0.444687
      2218.00     0.445210
      2219.00     0.445791
      2220.00     0.446297
      2221.00     0.446679
      2222.00     0.446911
      2223.00     0.447163
      2224.00     0.447544
      2225.00     0.447968
      2226.00     0.448697
      2227.00     0.449545
      2228.00     0.450329
      2229.00     0.450804
      2230.00     0.451005
      2231.00     0.451000
      2232.00     0.450986
      2233.00     0.450968
      2234.00     0.450985
      2235.00     0.451028
      2236.00     0.450987
      2237.00     0.450896
      2238.00     0.450907
      2239.00     0.451035
      2240.00     0.451229
      2241.00     0.451412
      2242.00     0.451589
      2243.00     0.451723
      2244.00     0.451779
      2245.00     0.451825
      2246.00     0.451928
      2247.00     0.452025
      2248.00     0.451985
      2249.00     0.451988
      2250.00     0.452004
      2251.00     0.451982
      2252.00     0.452110
      2253.00     0.452261
      2254.00     0.452474
      2255.00     0.452714
      2256.00     0.452886
      2257.00     0.453074
      2258.00     0.453291
      2259.00     0.453433
      2260.00     0.453461
      2261.00     0.453518
      2262.00     0.453542
      2263.00     0.453531
      2264.00     0.453590
      2265.00     0.453708
      2266.00     0.453951
      2267.00     0.454154
      2268.00     0.454201
      2269.00     0.454277
      2270.00     0.454379
      2271.00     0.454419
      2272.00     0.454352
      2273.00     0.454188
      2274.00     0.454008
      2275.00     0.453874
      2276.00     0.453739
      2277.00     0.453687
      2278.00     0.453759
      2279.00     0.453801
      2280.00     0.453741
      2281.00     0.453558
      2282.00     0.453263
      2283.00     0.452941
      2284.00     0.452570
      2285.00     0.452185
      2286.00     0.451871
      2287.00     0.451605
      2288.00     0.451338
      2289.00     0.451051
      2290.00     0.450847
      2291.00     0.450720
      2292.00     0.450549
      2293.00     0.450352
      2294.00     0.450178
      2295.00     0.449987
      2296.00     0.449640
      2297.00     0.449233
      2298.00     0.448940
      2299.00     0.448738
      2300.00     0.448517
      2301.00     0.448285
      2302.00     0.448020
      2303.00     0.447743
      2304.00     0.447457
      2305.00     0.447121
      2306.00     0.446791
      2307.00     0.446470
      2308.00     0.446207
      2309.00     0.445796
      2310.00     0.445276
      2311.00     0.444829
      2312.00     0.444480
      2313.00     0.444211
      2314.00     0.444090
      2315.00     0.444095
      2316.00     0.444127
      2317.00     0.444114
      2318.00     0.444092
      2319.00     0.444017
      2320.00     0.443843
      2321.00     0.443604
      2322.00     0.443313
      2323.00     0.442986
      2324.00     0.442596
      2325.00     0.442125
      2326.00     0.441705
      2327.00     0.441275
      2328.00     0.440808
      2329.00     0.440345
      2330.00     0.439994
      2331.00     0.439646
      2332.00     0.439392
      2333.00     0.439081
      2334.00     0.438724
      2335.00     0.438284
      2336.00     0.437790
      2337.00     0.437267
      2338.00     0.436789
      2339.00     0.436349
      2340.00     0.435989
      2341.00     0.435624
      2342.00     0.435205
      2343.00     0.434755
      2344.00     0.434254
      2345.00     0.433754
      2346.00     0.433279
      2347.00     0.432894
      2348.00     0.432615
      2349.00     0.432402
      2350.00     0.432113
      2351.00     0.431861
      2352.00     0.431594
      2353.00     0.431345
      2354.00     0.431170
      2355.00     0.431093
      2356.00     0.431046
      2357.00     0.431029
      2358.00     0.431031
      2359.00     0.431012
      2360.00     0.430939
      2361.00     0.430808
      2362.00     0.430678
      2363.00     0.430511
      2364.00     0.430306
      2365.00     0.430003
      2366.00     0.429736
      2367.00     0.429527
      2368.00     0.429330
      2369.00     0.429134
      2370.00     0.428911
      2371.00     0.428620
      2372.00     0.428254
      2373.00     0.427856
      2374.00     0.427485
      2375.00     0.427164
      2376.00     0.426944
      2377.00     0.426785
      2378.00     0.426529
      2379.00     0.426164
      2380.00     0.425766
      2381.00     0.425262
      2382.00     0.424714
      2383.00     0.424226
      2384.00     0.423901
      2385.00     0.423741
      2386.00     0.423653
      2387.00     0.423601
      2388.00     0.423667
      2389.00     0.423746
      2390.00     0.423617
      2391.00     0.423327
      2392.00     0.423030
      2393.00     0.422745
      2394.00     0.422475
      2395.00     0.422204
      2396.00     0.421962
      2397.00     0.421781
      2398.00     0.421612
      2399.00     0.421414
      2400.00     0.421241
      2401.00     0.421071
      2402.00     0.420878
      2403.00     0.420647
      2404.00     0.420320
      2405.00     0.419959
      2406.00     0.419660
      2407.00     0.419420
      2408.00     0.419153
      2409.00     0.418806
      2410.00     0.418315
      2411.00     0.417737
      2412.00     0.417094
      2413.00     0.416360
      2414.00     0.415617
      2415.00     0.414990
      2416.00     0.414510
      2417.00     0.414109
      2418.00     0.413672
      2419.00     0.413149
      2420.00     0.412552
      2421.00     0.411932
      2422.00     0.411284
      2423.00     0.410632
      2424.00     0.410031
      2425.00     0.409485
      2426.00     0.408947
      2427.00     0.408368
      2428.00     0.407823
      2429.00     0.407184
      2430.00     0.406466
      2431.00     0.405688
      2432.00     0.404867
      2433.00     0.404037
      2434.00     0.403212
      2435.00     0.402405
      2436.00     0.401779
      2437.00     0.401225
      2438.00     0.400715
      2439.00     0.400154
      2440.00     0.399576
      2441.00     0.399056
      2442.00     0.398506
      2443.00     0.398005
      2444.00     0.397573
      2445.00     0.397163
      2446.00     0.396683
      2447.00     0.396153
      2448.00     0.395610
      2449.00     0.395061
      2450.00     0.394601
      2451.00     0.394135
      2452.00     0.393799
      2453.00     0.393448
      2454.00     0.393015
      2455.00     0.392510
      2456.00     0.391992
      2457.00     0.391457
      2458.00     0.391007
      2459.00     0.390599
      2460.00     0.390251
      2461.00     0.389942
      2462.00     0.389619
      2463.00     0.389262
      2464.00     0.388913
      2465.00     0.388452
      2466.00     0.388009
      2467.00     0.387597
      2468.00     0.387167
      2469.00     0.386776
      2470.00     0.386492
      2471.00     0.386216
      2472.00     0.385939
      2473.00     0.385629
      2474.00     0.385232
      2475.00     0.384820
      2476.00     0.384443
      2477.00     0.384050
      2478.00     0.383595
      2479.00     0.383178
      2480.00     0.382793
      2481.00     0.382401
      2482.00     0.381977
      2483.00     0.381526
      2484.00     0.381044
      2485.00     0.380632
      2486.00     0.380233
      2487.00     0.379847
      2488.00     0.379485
      2489.00     0.379169
      2490.00     0.378931
      2491.00     0.378693
      2492.00     0.378400
      2493.00     0.378093
      2494.00     0.377784
      2495.00     0.377482
      2496.00     0.377214
      2497.00     0.376999
      2498.00     0.376866
      2499.00     0.376781
      2500.00     0.376663
