      400.000  0.000709000
      401.000  0.000858000
      402.000   0.00251000
      403.000   0.00262300
      404.000   0.00265500
      405.000   0.00391600
      406.000   0.00265500
      407.000   0.00270200
      408.000   0.00610100
      409.000   0.00614600
      410.000   0.00618900
      411.000   0.00744600
      412.000   0.00610100
      413.000   0.00779100
      414.000   0.00783600
      415.000   0.00786200
      416.000   0.00952700
      417.000   0.00822600
      418.000   0.00816400
      419.000   0.00982500
      420.000   0.00978800
      421.000   0.00849100
      422.000    0.0119630
      423.000    0.0132900
      424.000    0.0149940
      425.000    0.0132980
      426.000    0.0120010
      427.000    0.0136880
      428.000    0.0149870
      429.000    0.0149960
      430.000    0.0166950
      431.000    0.0166790
      432.000    0.0183800
      433.000    0.0183860
      434.000    0.0183750
      435.000    0.0201060
      436.000    0.0200440
      437.000    0.0200130
      438.000    0.0199820
      439.000    0.0245600
      440.000    0.0246250
      441.000    0.0245600
      442.000    0.0212390
      443.000    0.0258210
      444.000    0.0275090
      445.000    0.0261900
      446.000    0.0261140
      447.000    0.0277770
      448.000    0.0278980
      449.000    0.0291690
      450.000    0.0306480
      451.000    0.0306080
      452.000    0.0292710
      453.000    0.0305880
      454.000    0.0305280
      455.000    0.0305080
      456.000    0.0337860
      457.000    0.0338590
      458.000    0.0379680
      459.000    0.0374560
      460.000    0.0342150
      461.000    0.0357950
      462.000    0.0353360
      463.000    0.0371290
      464.000    0.0370720
      465.000    0.0386430
      466.000    0.0373380
      467.000    0.0385520
      468.000    0.0369310
      469.000    0.0410980
      470.000    0.0385220
      471.000    0.0385520
      472.000    0.0385820
      473.000    0.0386430
      474.000    0.0410980
      475.000    0.0411300
      476.000    0.0426510
      477.000    0.0425840
      478.000    0.0425500
      479.000    0.0469630
      480.000    0.0471180
      481.000    0.0471180
      482.000    0.0469250
      483.000    0.0469630
      484.000    0.0470020
      485.000    0.0467330
      486.000    0.0479570
      487.000    0.0495080
      488.000    0.0507280
      489.000    0.0492980
      490.000    0.0506860
      491.000    0.0490600
      492.000    0.0506030
      493.000    0.0521590
      494.000    0.0541140
      495.000    0.0565610
      496.000    0.0562360
      497.000    0.0523300
      498.000    0.0563290
      499.000    0.0559490
      500.000    0.0546860
      501.000    0.0559940
      502.000    0.0559490
      503.000    0.0555900
      504.000    0.0556350
      505.000    0.0555010
      506.000    0.0587140
      507.000    0.0583810
      508.000    0.0597340
      509.000    0.0597340
      510.000    0.0653550
      511.000    0.0654080
      512.000    0.0651960
      513.000    0.0649330
      514.000    0.0649860
      515.000    0.0654610
      516.000    0.0653550
      517.000    0.0667780
      518.000    0.0661810
      519.000    0.0661810
      520.000    0.0692510
      521.000    0.0689750
      522.000    0.0672290
      523.000    0.0696900
      524.000    0.0721830
      525.000    0.0721260
      526.000    0.0722970
      527.000    0.0733770
      528.000    0.0733200
      529.000    0.0733200
      530.000    0.0771910
      531.000    0.0773100
      532.000    0.0774310
      533.000    0.0791750
      534.000    0.0815090
      535.000    0.0811330
      536.000    0.0823240
      537.000    0.0825770
      538.000    0.0849600
      539.000    0.0851550
      540.000    0.0866100
      541.000    0.0862810
      542.000    0.0888600
      543.000    0.0915110
      544.000    0.0937450
      545.000    0.0945750
      546.000    0.0945050
      547.000    0.0959680
      548.000    0.0984720
      549.000    0.0981080
      550.000    0.0998660
      551.000     0.100590
      552.000     0.103842
      553.000     0.104997
      554.000     0.107534
      555.000     0.111225
      556.000     0.114012
      557.000     0.116562
      558.000     0.116812
      559.000     0.118300
      560.000     0.121587
      561.000     0.123586
      562.000     0.130188
      563.000     0.127995
      564.000     0.133580
      565.000     0.133580
      566.000     0.133027
      567.000     0.138810
      568.000     0.139866
      569.000     0.137474
      570.000     0.139783
      571.000     0.141687
      572.000     0.143437
      573.000     0.147594
      574.000     0.148962
      575.000     0.154150
      576.000     0.155880
      577.000     0.153656
      578.000     0.158215
      579.000     0.157734
      580.000     0.163366
      581.000     0.161431
      582.000     0.162258
      583.000     0.162953
      584.000     0.162489
      585.000     0.166412
      586.000     0.170537
      587.000     0.169676
      588.000     0.170139
      589.000     0.173658
      590.000     0.174704
      591.000     0.175201
      592.000     0.176372
      593.000     0.175623
      594.000     0.176414
      595.000     0.178456
      596.000     0.182719
      597.000     0.186427
      598.000     0.183619
      599.000     0.182594
      600.000     0.187217
      601.000     0.188695
      602.000     0.184482
      603.000     0.185230
      604.000     0.185847
      605.000     0.192192
      606.000     0.193306
      607.000     0.194553
      608.000     0.191576
      609.000     0.194334
      610.000     0.194334
      611.000     0.199388
      612.000     0.197906
      613.000     0.199161
      614.000     0.200416
      615.000     0.200690
      616.000     0.201652
      617.000     0.207361
      618.000     0.205509
      619.000     0.206076
      620.000     0.203566
      621.000     0.205651
      622.000     0.204042
      623.000     0.204042
      624.000     0.205157
      625.000     0.211914
      626.000     0.211567
      627.000     0.215600
      628.000     0.215898
      629.000     0.213255
      630.000     0.213255
      631.000     0.215968
      632.000     0.212966
      633.000     0.216413
      634.000     0.217819
      635.000     0.217968
      636.000     0.221091
      637.000     0.219768
      638.000     0.220582
      639.000     0.217691
      640.000     0.217767
      641.000     0.221063
      642.000     0.221807
      643.000     0.222255
      644.000     0.224606
      645.000     0.226346
      646.000     0.226650
      647.000     0.225402
      648.000     0.230233
      649.000     0.229916
      650.000     0.233050
      651.000     0.230070
      652.000     0.230070
      653.000     0.230070
      654.000     0.230380
      655.000     0.226802
      656.000     0.230085
      657.000     0.231332
      658.000     0.231795
      659.000     0.236492
      660.000     0.236969
      661.000     0.240126
      662.000     0.239320
      663.000     0.236954
      664.000     0.237112
      665.000     0.237564
      666.000     0.236301
      667.000     0.238016
      668.000     0.238623
      669.000     0.241222
      670.000     0.241583
      671.000     0.243796
      672.000     0.244611
      673.000     0.243148
      674.000     0.244229
      675.000     0.243259
      676.000     0.243743
      677.000     0.247228
      678.000     0.250528
      679.000     0.250195
      680.000     0.248869
      681.000     0.247982
      682.000     0.252689
      683.000     0.253532
      684.000     0.257285
      685.000     0.258020
      686.000     0.256260
      687.000     0.254906
      688.000     0.255977
      689.000     0.255639
      690.000     0.257047
      691.000     0.258068
      692.000     0.259097
      693.000     0.258925
      694.000     0.262145
      695.000     0.259736
      696.000     0.259786
      697.000     0.264128
      698.000     0.264978
      699.000     0.261854
      700.000     0.264898
      701.000     0.265945
      702.000     0.264631
      703.000     0.265507
      704.000     0.265166
      705.000     0.264995
      706.000     0.268116
      707.000     0.271346
      708.000     0.272567
      709.000     0.271862
      710.000     0.272297
      711.000     0.270287
      712.000     0.273518
      713.000     0.275074
      714.000     0.276113
      715.000     0.273841
      716.000     0.273666
      717.000     0.274702
      718.000     0.277833
      719.000     0.276537
      720.000     0.280619
      721.000     0.279544
      722.000     0.279366
      723.000     0.280576
      724.000     0.281965
      725.000     0.282326
      726.000     0.284082
      727.000     0.285479
      728.000     0.286068
      729.000     0.285523
      730.000     0.286738
      731.000     0.288310
      732.000     0.286310
      733.000     0.286672
      734.000     0.288127
      735.000     0.288242
      736.000     0.290658
      737.000     0.291026
      738.000     0.290658
      739.000     0.290658
      740.000     0.292050
      741.000     0.293816
      742.000     0.294467
      743.000     0.296237
      744.000     0.295489
      745.000     0.294001
      746.000     0.293447
      747.000     0.296405
      748.000     0.297982
      749.000     0.297607
      750.000     0.297420
      751.000     0.298546
      752.000     0.300957
      753.000     0.300767
      754.000     0.297737
      755.000     0.301213
      756.000     0.304382
      757.000     0.303617
      758.000     0.301042
      759.000     0.301042
      760.000     0.301042
      761.000     0.301606
      762.000     0.303437
      763.000     0.303059
      764.000     0.303437
      765.000     0.306839
      766.000     0.307653
      767.000     0.304606
      768.000     0.306457
      769.000     0.308656
      770.000     0.308848
      771.000     0.308465
      772.000     0.308700
      773.000     0.308509
      774.000     0.313241
      775.000     0.311627
      776.000     0.314021
      777.000     0.310430
      778.000     0.309466
      779.000     0.313241
      780.000     0.313241
      781.000     0.313436
      782.000     0.313851
      783.000     0.316823
      784.000     0.316823
      785.000     0.314070
      786.000     0.316235
      787.000     0.313201
      788.000     0.312625
      789.000     0.314232
      790.000     0.314617
      791.000     0.312816
      792.000     0.313008
      793.000     0.318422
      794.000     0.316386
      795.000     0.319560
      796.000     0.316192
      797.000     0.316799
      798.000     0.316165
      799.000     0.316224
      800.000     0.318593
      801.000     0.318225
      802.000     0.317856
      803.000     0.317488
      804.000     0.317120
      805.000     0.318112
      806.000     0.319104
      807.000     0.320097
      808.000     0.321089
      809.000     0.321089
      810.000     0.321089
      811.000     0.321089
      812.000     0.321089
      813.000     0.321295
      814.000     0.321501
      815.000     0.321707
      816.000     0.321913
      817.000     0.323074
      818.000     0.324234
      819.000     0.325394
      820.000     0.326555
      821.000     0.326371
      822.000     0.326187
      823.000     0.326004
      824.000     0.325820
      825.000     0.326326
      826.000     0.326831
      827.000     0.327336
      828.000     0.327842
      829.000     0.328094
      830.000     0.328347
      831.000     0.328600
      832.000     0.328852
      833.000     0.328743
      834.000     0.328634
      835.000     0.328525
      836.000     0.328416
      837.000     0.328381
      838.000     0.328347
      839.000     0.328313
      840.000     0.328278
      841.000     0.329370
      842.000     0.330462
      843.000     0.331554
      844.000     0.332646
      845.000     0.332656
      846.000     0.332666
      847.000     0.332675
      848.000     0.332685
      849.000     0.332615
      850.000     0.332545
      851.000     0.332475
      852.000     0.332405
      853.000     0.333014
      854.000     0.333623
      855.000     0.334231
      856.000     0.334840
      857.000     0.335292
      858.000     0.335743
      859.000     0.336195
      860.000     0.336647
      861.000     0.336792
      862.000     0.336936
      863.000     0.337080
      864.000     0.337225
      865.000     0.337482
      866.000     0.337739
      867.000     0.337997
      868.000     0.338254
      869.000     0.338110
      870.000     0.337967
      871.000     0.337823
      872.000     0.337679
      873.000     0.338427
      874.000     0.339174
      875.000     0.339921
      876.000     0.340669
      877.000     0.341311
      878.000     0.341952
      879.000     0.342593
      880.000     0.343235
      881.000     0.343824
      882.000     0.344413
      883.000     0.345001
      884.000     0.345590
      885.000     0.345540
      886.000     0.345489
      887.000     0.345438
      888.000     0.345388
      889.000     0.346170
      890.000     0.346951
      891.000     0.347733
      892.000     0.348515
      893.000     0.348465
      894.000     0.348415
      895.000     0.348364
      896.000     0.348314
      897.000     0.349244
      898.000     0.350173
      899.000     0.351103
      900.000     0.352032
      901.000     0.352518
      902.000     0.353005
      903.000     0.353492
      904.000     0.353978
      905.000     0.355199
      906.000     0.356421
      907.000     0.357642
      908.000     0.358863
      909.000     0.358562
      910.000     0.358261
      911.000     0.357961
      912.000     0.357660
      913.000     0.358142
      914.000     0.358624
      915.000     0.359106
      916.000     0.359588
      917.000     0.360311
      918.000     0.361033
      919.000     0.361755
      920.000     0.362478
      921.000     0.362582
      922.000     0.362686
      923.000     0.362789
      924.000     0.362893
      925.000     0.363476
      926.000     0.364059
      927.000     0.364643
      928.000     0.365226
      929.000     0.366098
      930.000     0.366969
      931.000     0.367841
      932.000     0.368713
      933.000     0.368665
      934.000     0.368617
      935.000     0.368568
      936.000     0.368520
      937.000     0.368966
      938.000     0.369412
      939.000     0.369859
      940.000     0.370305
      941.000     0.371254
      942.000     0.372203
      943.000     0.373153
      944.000     0.374102
      945.000     0.374583
      946.000     0.375064
      947.000     0.375544
      948.000     0.376025
      949.000     0.376664
      950.000     0.377302
      951.000     0.377941
      952.000     0.378579
      953.000     0.379536
      954.000     0.380493
      955.000     0.381451
      956.000     0.382408
      957.000     0.382568
      958.000     0.382729
      959.000     0.382890
      960.000     0.383050
      961.000     0.382840
      962.000     0.382630
      963.000     0.382421
      964.000     0.382211
      965.000     0.382899
      966.000     0.383586
      967.000     0.384273
      968.000     0.384961
      969.000     0.384484
      970.000     0.384008
      971.000     0.383532
      972.000     0.383055
      973.000     0.383951
      974.000     0.384848
      975.000     0.385744
      976.000     0.386640
      977.000     0.387531
      978.000     0.388422
      979.000     0.389313
      980.000     0.390204
      981.000     0.389823
      982.000     0.389442
      983.000     0.389061
      984.000     0.388680
      985.000     0.388920
      986.000     0.389160
      987.000     0.389400
      988.000     0.389640
      989.000     0.390649
      990.000     0.391659
      991.000     0.392669
      992.000     0.393678
      993.000     0.394547
      994.000     0.395415
      995.000     0.396283
      996.000     0.397152
      997.000     0.397482
      998.000     0.397812
      999.000     0.398142
      1000.00     0.398472
      1001.00     0.398643
      1002.00     0.398814
      1003.00     0.398986
      1004.00     0.399157
      1005.00     0.400103
      1006.00     0.401050
      1007.00     0.401996
      1008.00     0.402942
      1009.00     0.403120
      1010.00     0.403298
      1011.00     0.403476
      1012.00     0.403654
      1013.00     0.403933
      1014.00     0.404211
      1015.00     0.404490
      1016.00     0.404769
      1017.00     0.404623
      1018.00     0.404476
      1019.00     0.404330
      1020.00     0.404184
      1021.00     0.405048
      1022.00     0.405912
      1023.00     0.406775
      1024.00     0.407639
      1025.00     0.407751
      1026.00     0.407863
      1027.00     0.407975
      1028.00     0.408087
      1029.00     0.407732
      1030.00     0.407376
      1031.00     0.407021
      1032.00     0.406665
      1033.00     0.407952
      1034.00     0.409239
      1035.00     0.410526
      1036.00     0.411813
      1037.00     0.412461
      1038.00     0.413109
      1039.00     0.413757
      1040.00     0.414405
      1041.00     0.415592
      1042.00     0.416780
      1043.00     0.417967
      1044.00     0.419154
      1045.00     0.418692
      1046.00     0.418230
      1047.00     0.417767
      1048.00     0.417305
      1049.00     0.417710
      1050.00     0.418115
      1051.00     0.418520
      1052.00     0.418925
      1053.00     0.419155
      1054.00     0.419385
      1055.00     0.419614
      1056.00     0.419844
      1057.00     0.419787
      1058.00     0.419729
      1059.00     0.419672
      1060.00     0.419614
      1061.00     0.418809
      1062.00     0.418005
      1063.00     0.417200
      1064.00     0.416395
      1065.00     0.417258
      1066.00     0.418121
      1067.00     0.418983
      1068.00     0.419846
      1069.00     0.420598
      1070.00     0.421350
      1071.00     0.422101
      1072.00     0.422853
      1073.00     0.422044
      1074.00     0.421234
      1075.00     0.420424
      1076.00     0.419615
      1077.00     0.419328
      1078.00     0.419042
      1079.00     0.418756
      1080.00     0.418469
      1081.00     0.420752
      1082.00     0.423035
      1083.00     0.425318
      1084.00     0.427601
      1085.00     0.428199
      1086.00     0.428797
      1087.00     0.429395
      1088.00     0.429993
      1089.00     0.429757
      1090.00     0.429521
      1091.00     0.429285
      1092.00     0.429049
      1093.00     0.428805
      1094.00     0.428560
      1095.00     0.428316
      1096.00     0.428072
      1097.00     0.429044
      1098.00     0.430016
      1099.00     0.430988
      1100.00     0.431960
      1101.00     0.432432
      1102.00     0.432904
      1103.00     0.433377
      1104.00     0.433849
      1105.00     0.434619
      1106.00     0.435389
      1107.00     0.436160
      1108.00     0.436930
      1109.00     0.436751
      1110.00     0.436571
      1111.00     0.436392
      1112.00     0.436213
      1113.00     0.435524
      1114.00     0.434834
      1115.00     0.434145
      1116.00     0.433456
      1117.00     0.433524
      1118.00     0.433591
      1119.00     0.433659
      1120.00     0.433727
      1121.00     0.434979
      1122.00     0.436231
      1123.00     0.437484
      1124.00     0.438736
      1125.00     0.438616
      1126.00     0.438496
      1127.00     0.438377
      1128.00     0.438257
      1129.00     0.436234
      1130.00     0.434211
      1131.00     0.432188
      1132.00     0.430165
      1133.00     0.431179
      1134.00     0.432193
      1135.00     0.433207
      1136.00     0.434221
      1137.00     0.435156
      1138.00     0.436091
      1139.00     0.437027
      1140.00     0.437962
      1141.00     0.438351
      1142.00     0.438740
      1143.00     0.439129
      1144.00     0.439518
      1145.00     0.438218
      1146.00     0.436918
      1147.00     0.435619
      1148.00     0.434319
      1149.00     0.434085
      1150.00     0.433851
      1151.00     0.433617
      1152.00     0.433383
      1153.00     0.433554
      1154.00     0.433726
      1155.00     0.433897
      1156.00     0.434069
      1157.00     0.434160
      1158.00     0.434251
      1159.00     0.434342
      1160.00     0.434433
      1161.00     0.434798
      1162.00     0.435164
      1163.00     0.435530
      1164.00     0.435895
      1165.00     0.436055
      1166.00     0.436215
      1167.00     0.436375
      1168.00     0.436535
      1169.00     0.436535
      1170.00     0.436535
      1171.00     0.436535
      1172.00     0.436535
      1173.00     0.436666
      1174.00     0.436796
      1175.00     0.436926
      1176.00     0.437057
      1177.00     0.437290
      1178.00     0.437523
      1179.00     0.437757
      1180.00     0.437990
      1181.00     0.438049
      1182.00     0.438107
      1183.00     0.438165
      1184.00     0.438224
      1185.00     0.438341
      1186.00     0.438459
      1187.00     0.438576
      1188.00     0.438693
      1189.00     0.438928
      1190.00     0.439163
      1191.00     0.439398
      1192.00     0.439633
      1193.00     0.439751
      1194.00     0.439868
      1195.00     0.439986
      1196.00     0.440104
      1197.00     0.440222
      1198.00     0.440340
      1199.00     0.440459
      1200.00     0.440577
      1201.00     0.441346
      1202.00     0.442114
      1203.00     0.442883
      1204.00     0.443651
      1205.00     0.444050
      1206.00     0.444450
      1207.00     0.444849
      1208.00     0.445248
      1209.00     0.446860
      1210.00     0.448473
      1211.00     0.450086
      1212.00     0.451698
      1213.00     0.452569
      1214.00     0.453440
      1215.00     0.454310
      1216.00     0.455181
      1217.00     0.455103
      1218.00     0.455025
      1219.00     0.454946
      1220.00     0.454868
      1221.00     0.453371
      1222.00     0.451873
      1223.00     0.450375
      1224.00     0.448878
      1225.00     0.448258
      1226.00     0.447638
      1227.00     0.447018
      1228.00     0.446398
      1229.00     0.446157
      1230.00     0.445917
      1231.00     0.445676
      1232.00     0.445435
      1233.00     0.445289
      1234.00     0.445143
      1235.00     0.444996
      1236.00     0.444850
      1237.00     0.444950
      1238.00     0.445049
      1239.00     0.445148
      1240.00     0.445248
      1241.00     0.445687
      1242.00     0.446125
      1243.00     0.446563
      1244.00     0.447002
      1245.00     0.446942
      1246.00     0.446882
      1247.00     0.446821
      1248.00     0.446761
      1249.00     0.448399
      1250.00     0.450038
      1251.00     0.451676
      1252.00     0.453314
      1253.00     0.454562
      1254.00     0.455810
      1255.00     0.457057
      1256.00     0.458305
      1257.00     0.458180
      1258.00     0.458054
      1259.00     0.457929
      1260.00     0.457803
      1261.00     0.458398
      1262.00     0.458993
      1263.00     0.459588
      1264.00     0.460183
      1265.00     0.460339
      1266.00     0.460495
      1267.00     0.460651
      1268.00     0.460807
      1269.00     0.461369
      1270.00     0.461932
      1271.00     0.462494
      1272.00     0.463057
      1273.00     0.463491
      1274.00     0.463926
      1275.00     0.464360
      1276.00     0.464795
      1277.00     0.465128
      1278.00     0.465461
      1279.00     0.465794
      1280.00     0.466127
      1281.00     0.466237
      1282.00     0.466348
      1283.00     0.466458
      1284.00     0.466569
      1285.00     0.466621
      1286.00     0.466674
      1287.00     0.466726
      1288.00     0.466779
      1289.00     0.465860
      1290.00     0.464940
      1291.00     0.464020
      1292.00     0.463101
      1293.00     0.463336
      1294.00     0.463571
      1295.00     0.463807
      1296.00     0.464042
      1297.00     0.463919
      1298.00     0.463795
      1299.00     0.463672
      1300.00     0.463548
      1301.00     0.463973
      1302.00     0.464397
      1303.00     0.464822
      1304.00     0.465247
      1305.00     0.465486
      1306.00     0.465724
      1307.00     0.465962
      1308.00     0.466201
      1309.00     0.466201
      1310.00     0.466201
      1311.00     0.466201
      1312.00     0.466201
      1313.00     0.465653
      1314.00     0.465105
      1315.00     0.464557
      1316.00     0.464009
      1317.00     0.463612
      1318.00     0.463215
      1319.00     0.462817
      1320.00     0.462420
      1321.00     0.462481
      1322.00     0.462543
      1323.00     0.462605
      1324.00     0.462666
      1325.00     0.462579
      1326.00     0.462491
      1327.00     0.462404
      1328.00     0.462316
      1329.00     0.461705
      1330.00     0.461094
      1331.00     0.460483
      1332.00     0.459872
      1333.00     0.460041
      1334.00     0.460211
      1335.00     0.460380
      1336.00     0.460549
      1337.00     0.460704
      1338.00     0.460860
      1339.00     0.461015
      1340.00     0.461170
      1341.00     0.461192
      1342.00     0.461213
      1343.00     0.461235
      1344.00     0.461256
      1345.00     0.461594
      1346.00     0.461932
      1347.00     0.462270
      1348.00     0.462608
      1349.00     0.461615
      1350.00     0.460622
      1351.00     0.459629
      1352.00     0.458636
      1353.00     0.459200
      1354.00     0.459764
      1355.00     0.460329
      1356.00     0.460893
      1357.00     0.460869
      1358.00     0.460844
      1359.00     0.460820
      1360.00     0.460796
      1361.00     0.460634
      1362.00     0.460472
      1363.00     0.460310
      1364.00     0.460148
      1365.00     0.459311
      1366.00     0.458473
      1367.00     0.457635
      1368.00     0.456798
      1369.00     0.456102
      1370.00     0.455406
      1371.00     0.454710
      1372.00     0.454014
      1373.00     0.453174
      1374.00     0.452334
      1375.00     0.451494
      1376.00     0.450654
      1377.00     0.449422
      1378.00     0.448190
      1379.00     0.446958
      1380.00     0.445726
      1381.00     0.444472
      1382.00     0.443219
      1383.00     0.441966
      1384.00     0.440712
      1385.00     0.439716
      1386.00     0.438719
      1387.00     0.437723
      1388.00     0.436726
      1389.00     0.436042
      1390.00     0.435358
      1391.00     0.434673
      1392.00     0.433989
      1393.00     0.431688
      1394.00     0.429388
      1395.00     0.427087
      1396.00     0.424787
      1397.00     0.422854
      1398.00     0.420921
      1399.00     0.418988
      1400.00     0.417055
      1401.00     0.416283
      1402.00     0.415510
      1403.00     0.414737
      1404.00     0.413965
      1405.00     0.414066
      1406.00     0.414166
      1407.00     0.414267
      1408.00     0.414368
      1409.00     0.415068
      1410.00     0.415768
      1411.00     0.416468
      1412.00     0.417168
      1413.00     0.418186
      1414.00     0.419204
      1415.00     0.420222
      1416.00     0.421240
      1417.00     0.421829
      1418.00     0.422417
      1419.00     0.423006
      1420.00     0.423594
      1421.00     0.424746
      1422.00     0.425898
      1423.00     0.427050
      1424.00     0.428202
      1425.00     0.428816
      1426.00     0.429431
      1427.00     0.430045
      1428.00     0.430659
      1429.00     0.430964
      1430.00     0.431270
      1431.00     0.431575
      1432.00     0.431881
      1433.00     0.432078
      1434.00     0.432275
      1435.00     0.432473
      1436.00     0.432670
      1437.00     0.432943
      1438.00     0.433215
      1439.00     0.433488
      1440.00     0.433761
      1441.00     0.434173
      1442.00     0.434586
      1443.00     0.434998
      1444.00     0.435410
      1445.00     0.435260
      1446.00     0.435110
      1447.00     0.434960
      1448.00     0.434810
      1449.00     0.434890
      1450.00     0.434971
      1451.00     0.435052
      1452.00     0.435132
      1453.00     0.436016
      1454.00     0.436901
      1455.00     0.437786
      1456.00     0.438670
      1457.00     0.439794
      1458.00     0.440919
      1459.00     0.442043
      1460.00     0.443167
      1461.00     0.443307
      1462.00     0.443448
      1463.00     0.443588
      1464.00     0.443729
      1465.00     0.443883
      1466.00     0.444037
      1467.00     0.444191
      1468.00     0.444345
      1469.00     0.445008
      1470.00     0.445671
      1471.00     0.446333
      1472.00     0.446996
      1473.00     0.447268
      1474.00     0.447540
      1475.00     0.447813
      1476.00     0.448085
      1477.00     0.448866
      1478.00     0.449647
      1479.00     0.450428
      1480.00     0.451209
      1481.00     0.451572
      1482.00     0.451936
      1483.00     0.452300
      1484.00     0.452663
      1485.00     0.452965
      1486.00     0.453267
      1487.00     0.453568
      1488.00     0.453870
      1489.00     0.454264
      1490.00     0.454657
      1491.00     0.455051
      1492.00     0.455445
      1493.00     0.455567
      1494.00     0.455689
      1495.00     0.455810
      1496.00     0.455932
      1497.00     0.454704
      1498.00     0.453477
      1499.00     0.452249
      1500.00     0.451021
      1501.00     0.451892
      1502.00     0.452764
      1503.00     0.453636
      1504.00     0.454507
      1505.00     0.455071
      1506.00     0.455635
      1507.00     0.456200
      1508.00     0.456764
      1509.00     0.457151
      1510.00     0.457538
      1511.00     0.457925
      1512.00     0.458312
      1513.00     0.458847
      1514.00     0.459383
      1515.00     0.459918
      1516.00     0.460453
      1517.00     0.460088
      1518.00     0.459723
      1519.00     0.459358
      1520.00     0.458993
      1521.00     0.459866
      1522.00     0.460739
      1523.00     0.461613
      1524.00     0.462486
      1525.00     0.463054
      1526.00     0.463622
      1527.00     0.464190
      1528.00     0.464758
      1529.00     0.465657
      1530.00     0.466556
      1531.00     0.467455
      1532.00     0.468354
      1533.00     0.469132
      1534.00     0.469911
      1535.00     0.470689
      1536.00     0.471467
      1537.00     0.470794
      1538.00     0.470121
      1539.00     0.469448
      1540.00     0.468775
      1541.00     0.468959
      1542.00     0.469142
      1543.00     0.469326
      1544.00     0.469510
      1545.00     0.469961
      1546.00     0.470412
      1547.00     0.470863
      1548.00     0.471314
      1549.00     0.471235
      1550.00     0.471155
      1551.00     0.471076
      1552.00     0.470996
      1553.00     0.470790
      1554.00     0.470585
      1555.00     0.470379
      1556.00     0.470173
      1557.00     0.470663
      1558.00     0.471154
      1559.00     0.471645
      1560.00     0.472135
      1561.00     0.472483
      1562.00     0.472831
      1563.00     0.473180
      1564.00     0.473528
      1565.00     0.472872
      1566.00     0.472216
      1567.00     0.471561
      1568.00     0.470905
      1569.00     0.470578
      1570.00     0.470250
      1571.00     0.469922
      1572.00     0.469595
      1573.00     0.469861
      1574.00     0.470128
      1575.00     0.470394
      1576.00     0.470660
      1577.00     0.471706
      1578.00     0.472751
      1579.00     0.473796
      1580.00     0.474842
      1581.00     0.475189
      1582.00     0.475535
      1583.00     0.475882
      1584.00     0.476229
      1585.00     0.476353
      1586.00     0.476478
      1587.00     0.476602
      1588.00     0.476726
      1589.00     0.476521
      1590.00     0.476317
      1591.00     0.476113
      1592.00     0.475908
      1593.00     0.475332
      1594.00     0.474757
      1595.00     0.474182
      1596.00     0.473606
      1597.00     0.473502
      1598.00     0.473399
      1599.00     0.473295
      1600.00     0.473191
      1601.00     0.473253
      1602.00     0.473314
      1603.00     0.473375
      1604.00     0.473437
      1605.00     0.472988
      1606.00     0.472539
      1607.00     0.472090
      1608.00     0.471641
      1609.00     0.471718
      1610.00     0.471795
      1611.00     0.471872
      1612.00     0.471949
      1613.00     0.472076
      1614.00     0.472203
      1615.00     0.472329
      1616.00     0.472456
      1617.00     0.474106
      1618.00     0.475757
      1619.00     0.477407
      1620.00     0.479057
      1621.00     0.478386
      1622.00     0.477715
      1623.00     0.477044
      1624.00     0.476373
      1625.00     0.476344
      1626.00     0.476316
      1627.00     0.476287
      1628.00     0.476259
      1629.00     0.476631
      1630.00     0.477003
      1631.00     0.477375
      1632.00     0.477747
      1633.00     0.478402
      1634.00     0.479058
      1635.00     0.479713
      1636.00     0.480369
      1637.00     0.481305
      1638.00     0.482241
      1639.00     0.483177
      1640.00     0.484113
      1641.00     0.483706
      1642.00     0.483299
      1643.00     0.482893
      1644.00     0.482486
      1645.00     0.482112
      1646.00     0.481737
      1647.00     0.481363
      1648.00     0.480989
      1649.00     0.481238
      1650.00     0.481488
      1651.00     0.481737
      1652.00     0.481986
      1653.00     0.482174
      1654.00     0.482361
      1655.00     0.482549
      1656.00     0.482737
      1657.00     0.483032
      1658.00     0.483326
      1659.00     0.483620
      1660.00     0.483915
      1661.00     0.483183
      1662.00     0.482452
      1663.00     0.481721
      1664.00     0.480989
      1665.00     0.481067
      1666.00     0.481144
      1667.00     0.481222
      1668.00     0.481300
      1669.00     0.481252
      1670.00     0.481205
      1671.00     0.481157
      1672.00     0.481109
      1673.00     0.481017
      1674.00     0.480925
      1675.00     0.480833
      1676.00     0.480741
      1677.00     0.480819
      1678.00     0.480896
      1679.00     0.480973
      1680.00     0.481051
      1681.00     0.481330
      1682.00     0.481608
      1683.00     0.481886
      1684.00     0.482165
      1685.00     0.482504
      1686.00     0.482844
      1687.00     0.483183
      1688.00     0.483523
      1689.00     0.483461
      1690.00     0.483399
      1691.00     0.483337
      1692.00     0.483275
      1693.00     0.482718
      1694.00     0.482162
      1695.00     0.481605
      1696.00     0.481048
      1697.00     0.480802
      1698.00     0.480556
      1699.00     0.480311
      1700.00     0.480065
      1701.00     0.480249
      1702.00     0.480433
      1703.00     0.480618
      1704.00     0.480802
      1705.00     0.480864
      1706.00     0.480925
      1707.00     0.480987
      1708.00     0.481048
      1709.00     0.480648
      1710.00     0.480247
      1711.00     0.479847
      1712.00     0.479447
      1713.00     0.480313
      1714.00     0.481179
      1715.00     0.482045
      1716.00     0.482911
      1717.00     0.483461
      1718.00     0.484011
      1719.00     0.484560
      1720.00     0.485110
      1721.00     0.485113
      1722.00     0.485116
      1723.00     0.485120
      1724.00     0.485123
      1725.00     0.484854
      1726.00     0.484585
      1727.00     0.484317
      1728.00     0.484048
      1729.00     0.483951
      1730.00     0.483854
      1731.00     0.483757
      1732.00     0.483660
      1733.00     0.483688
      1734.00     0.483716
      1735.00     0.483745
      1736.00     0.483773
      1737.00     0.483799
      1738.00     0.483826
      1739.00     0.483853
      1740.00     0.483879
      1741.00     0.483478
      1742.00     0.483078
      1743.00     0.482678
      1744.00     0.482277
      1745.00     0.482263
      1746.00     0.482248
      1747.00     0.482234
      1748.00     0.482220
      1749.00     0.482888
      1750.00     0.483556
      1751.00     0.484224
      1752.00     0.484892
      1753.00     0.485145
      1754.00     0.485398
      1755.00     0.485650
      1756.00     0.485903
      1757.00     0.485218
      1758.00     0.484533
      1759.00     0.483848
      1760.00     0.483163
      1761.00     0.482913
      1762.00     0.482664
      1763.00     0.482414
      1764.00     0.482164
      1765.00     0.482054
      1766.00     0.481943
      1767.00     0.481833
      1768.00     0.481723
      1769.00     0.481475
      1770.00     0.481227
      1771.00     0.480979
      1772.00     0.480731
      1773.00     0.480718
      1774.00     0.480705
      1775.00     0.480692
      1776.00     0.480679
      1777.00     0.480830
      1778.00     0.480982
      1779.00     0.481134
      1780.00     0.481285
      1781.00     0.480764
      1782.00     0.480244
      1783.00     0.479723
      1784.00     0.479202
      1785.00     0.479079
      1786.00     0.478957
      1787.00     0.478834
      1788.00     0.478711
      1789.00     0.479295
      1790.00     0.479879
      1791.00     0.480464
      1792.00     0.481048
      1793.00     0.481260
      1794.00     0.481472
      1795.00     0.481683
      1796.00     0.481895
      1797.00     0.482080
      1798.00     0.482266
      1799.00     0.482451
      1800.00     0.482637
      1801.00     0.482439
      1802.00     0.482242
      1803.00     0.482044
      1804.00     0.481847
      1805.00     0.481832
      1806.00     0.481817
      1807.00     0.481803
      1808.00     0.481788
      1809.00     0.482511
      1810.00     0.483233
      1811.00     0.483956
      1812.00     0.484679
      1813.00     0.484142
      1814.00     0.483604
      1815.00     0.483067
      1816.00     0.482530
      1817.00     0.482509
      1818.00     0.482487
      1819.00     0.482466
      1820.00     0.482445
      1821.00     0.482954
      1822.00     0.483463
      1823.00     0.483973
      1824.00     0.484482
      1825.00     0.484305
      1826.00     0.484127
      1827.00     0.483950
      1828.00     0.483773
      1829.00     0.483642
      1830.00     0.483510
      1831.00     0.483379
      1832.00     0.483248
      1833.00     0.482842
      1834.00     0.482435
      1835.00     0.482029
      1836.00     0.481623
      1837.00     0.481435
      1838.00     0.481247
      1839.00     0.481058
      1840.00     0.480870
      1841.00     0.480371
      1842.00     0.479871
      1843.00     0.479371
      1844.00     0.478872
      1845.00     0.478595
      1846.00     0.478317
      1847.00     0.478040
      1848.00     0.477763
      1849.00     0.476694
      1850.00     0.475624
      1851.00     0.474554
      1852.00     0.473485
      1853.00     0.473697
      1854.00     0.473909
      1855.00     0.474122
      1856.00     0.474334
      1857.00     0.474017
      1858.00     0.473700
      1859.00     0.473383
      1860.00     0.473066
      1861.00     0.471758
      1862.00     0.470450
      1863.00     0.469143
      1864.00     0.467835
      1865.00     0.464482
      1866.00     0.461128
      1867.00     0.457775
      1868.00     0.454421
      1869.00     0.451603
      1870.00     0.448785
      1871.00     0.445968
      1872.00     0.443150
      1873.00     0.440566
      1874.00     0.437982
      1875.00     0.435399
      1876.00     0.432815
      1877.00     0.429504
      1878.00     0.426194
      1879.00     0.422883
      1880.00     0.419572
      1881.00     0.415451
      1882.00     0.411331
      1883.00     0.407210
      1884.00     0.403090
      1885.00     0.399942
      1886.00     0.396795
      1887.00     0.393647
      1888.00     0.390500
      1889.00     0.385403
      1890.00     0.380305
      1891.00     0.375208
      1892.00     0.370111
      1893.00     0.365619
      1894.00     0.361127
      1895.00     0.356636
      1896.00     0.352144
      1897.00     0.349279
      1898.00     0.346413
      1899.00     0.343547
      1900.00     0.340682
      1901.00     0.339446
      1902.00     0.338209
      1903.00     0.336973
      1904.00     0.335736
      1905.00     0.336446
      1906.00     0.337156
      1907.00     0.337866
      1908.00     0.338576
      1909.00     0.338402
      1910.00     0.338228
      1911.00     0.338053
      1912.00     0.337879
      1913.00     0.338951
      1914.00     0.340022
      1915.00     0.341093
      1916.00     0.342165
      1917.00     0.343421
      1918.00     0.344676
      1919.00     0.345932
      1920.00     0.347188
      1921.00     0.347493
      1922.00     0.347798
      1923.00     0.348103
      1924.00     0.348408
      1925.00     0.348168
      1926.00     0.347928
      1927.00     0.347688
      1928.00     0.347448
      1929.00     0.348581
      1930.00     0.349714
      1931.00     0.350846
      1932.00     0.351979
      1933.00     0.352821
      1934.00     0.353664
      1935.00     0.354506
      1936.00     0.355348
      1937.00     0.357170
      1938.00     0.358991
      1939.00     0.360813
      1940.00     0.362634
      1941.00     0.363183
      1942.00     0.363732
      1943.00     0.364281
      1944.00     0.364830
      1945.00     0.365562
      1946.00     0.366295
      1947.00     0.367028
      1948.00     0.367760
      1949.00     0.368963
      1950.00     0.370166
      1951.00     0.371369
      1952.00     0.372572
      1953.00     0.373562
      1954.00     0.374551
      1955.00     0.375541
      1956.00     0.376531
      1957.00     0.377632
      1958.00     0.378734
      1959.00     0.379835
      1960.00     0.380936
      1961.00     0.381160
      1962.00     0.381384
      1963.00     0.381609
      1964.00     0.381833
      1965.00     0.382452
      1966.00     0.383071
      1967.00     0.383690
      1968.00     0.384309
      1969.00     0.385181
      1970.00     0.386053
      1971.00     0.386925
      1972.00     0.387797
      1973.00     0.388945
      1974.00     0.390093
      1975.00     0.391241
      1976.00     0.392389
      1977.00     0.392903
      1978.00     0.393417
      1979.00     0.393932
      1980.00     0.394446
      1981.00     0.395887
      1982.00     0.397327
      1983.00     0.398768
      1984.00     0.400209
      1985.00     0.401185
      1986.00     0.402161
      1987.00     0.403136
      1988.00     0.404112
      1989.00     0.404830
      1990.00     0.405549
      1991.00     0.406267
      1992.00     0.406985
      1993.00     0.408583
      1994.00     0.410181
      1995.00     0.411779
      1996.00     0.413377
      1997.00     0.414147
      1998.00     0.414917
      1999.00     0.415687
      2000.00     0.416457
      2001.00     0.417271
      2002.00     0.418085
      2003.00     0.418898
      2004.00     0.419712
      2005.00     0.420480
      2006.00     0.421249
      2007.00     0.422017
      2008.00     0.422785
      2009.00     0.423137
      2010.00     0.423488
      2011.00     0.423840
      2012.00     0.424191
      2013.00     0.424529
      2014.00     0.424867
      2015.00     0.425205
      2016.00     0.425543
      2017.00     0.425878
      2018.00     0.426213
      2019.00     0.426548
      2020.00     0.426883
      2021.00     0.427645
      2022.00     0.428406
      2023.00     0.429168
      2024.00     0.429929
      2025.00     0.431107
      2026.00     0.432285
      2027.00     0.433463
      2028.00     0.434641
      2029.00     0.434275
      2030.00     0.433908
      2031.00     0.433542
      2032.00     0.433175
      2033.00     0.433813
      2034.00     0.434450
      2035.00     0.435088
      2036.00     0.435726
      2037.00     0.436431
      2038.00     0.437135
      2039.00     0.437840
      2040.00     0.438544
      2041.00     0.439270
      2042.00     0.439996
      2043.00     0.440721
      2044.00     0.441447
      2045.00     0.441443
      2046.00     0.441440
      2047.00     0.441436
      2048.00     0.441433
      2049.00     0.441972
      2050.00     0.442511
      2051.00     0.443051
      2052.00     0.443590
      2053.00     0.443765
      2054.00     0.443939
      2055.00     0.444113
      2056.00     0.444288
      2057.00     0.445408
      2058.00     0.446528
      2059.00     0.447648
      2060.00     0.448768
      2061.00     0.448853
      2062.00     0.448938
      2063.00     0.449024
      2064.00     0.449109
      2065.00     0.449447
      2066.00     0.449786
      2067.00     0.450125
      2068.00     0.450463
      2069.00     0.450265
      2070.00     0.450067
      2071.00     0.449869
      2072.00     0.449671
      2073.00     0.450539
      2074.00     0.451406
      2075.00     0.452274
      2076.00     0.453142
      2077.00     0.453045
      2078.00     0.452949
      2079.00     0.452852
      2080.00     0.453453
      2081.00     0.452875
      2082.00     0.454176
      2083.00     0.451964
      2084.00     0.451452
      2085.00     0.451606
      2086.00     0.452462
      2087.00     0.453212
      2088.00     0.453747
      2089.00     0.454308
      2090.00     0.454469
      2091.00     0.454531
      2092.00     0.454706
      2093.00     0.454682
      2094.00     0.454389
      2095.00     0.454262
      2096.00     0.454275
      2097.00     0.454300
      2098.00     0.454349
      2099.00     0.454553
      2100.00     0.454689
      2101.00     0.454719
      2102.00     0.454743
      2103.00     0.454728
      2104.00     0.454655
      2105.00     0.454464
      2106.00     0.454070
      2107.00     0.453502
      2108.00     0.452921
      2109.00     0.452426
      2110.00     0.452245
      2111.00     0.452635
      2112.00     0.453218
      2113.00     0.453608
      2114.00     0.453918
      2115.00     0.454206
      2116.00     0.454330
      2117.00     0.454587
      2118.00     0.454939
      2119.00     0.455097
      2120.00     0.454836
      2121.00     0.454585
      2122.00     0.454598
      2123.00     0.454797
      2124.00     0.455111
      2125.00     0.455452
      2126.00     0.455476
      2127.00     0.455084
      2128.00     0.454445
      2129.00     0.453912
      2130.00     0.453459
      2131.00     0.453321
      2132.00     0.453738
      2133.00     0.454312
      2134.00     0.454609
      2135.00     0.454287
      2136.00     0.453317
      2137.00     0.452291
      2138.00     0.451770
      2139.00     0.452142
      2140.00     0.453147
      2141.00     0.453955
      2142.00     0.454192
      2143.00     0.454052
      2144.00     0.453717
      2145.00     0.453276
      2146.00     0.452885
      2147.00     0.452315
      2148.00     0.451328
      2149.00     0.450053
      2150.00     0.448867
      2151.00     0.447938
      2152.00     0.447243
      2153.00     0.446956
      2154.00     0.446887
      2155.00     0.446695
      2156.00     0.446148
      2157.00     0.445312
      2158.00     0.444366
      2159.00     0.443319
      2160.00     0.442386
      2161.00     0.441688
      2162.00     0.441187
      2163.00     0.440766
      2164.00     0.440349
      2165.00     0.439879
      2166.00     0.439108
      2167.00     0.438020
      2168.00     0.436869
      2169.00     0.435845
      2170.00     0.435057
      2171.00     0.434445
      2172.00     0.433789
      2173.00     0.432967
      2174.00     0.432074
      2175.00     0.431255
      2176.00     0.430484
      2177.00     0.429750
      2178.00     0.428961
      2179.00     0.428006
      2180.00     0.427025
      2181.00     0.426217
      2182.00     0.425365
      2183.00     0.424631
      2184.00     0.424005
      2185.00     0.423330
      2186.00     0.422462
      2187.00     0.421484
      2188.00     0.420607
      2189.00     0.419764
      2190.00     0.418900
      2191.00     0.418153
      2192.00     0.417321
      2193.00     0.416200
      2194.00     0.414881
      2195.00     0.413827
      2196.00     0.412903
      2197.00     0.411993
      2198.00     0.411027
      2199.00     0.410030
      2200.00     0.408861
      2201.00     0.407678
      2202.00     0.406753
      2203.00     0.405668
      2204.00     0.404298
      2205.00     0.402926
      2206.00     0.401435
      2207.00     0.400272
      2208.00     0.399733
      2209.00     0.400189
      2210.00     0.401196
      2211.00     0.402653
      2212.00     0.404397
      2213.00     0.406290
      2214.00     0.408032
      2215.00     0.409646
      2216.00     0.411067
      2217.00     0.412199
      2218.00     0.412942
      2219.00     0.413635
      2220.00     0.414362
      2221.00     0.415372
      2222.00     0.416638
      2223.00     0.418063
      2224.00     0.419542
      2225.00     0.420595
      2226.00     0.421365
      2227.00     0.421831
      2228.00     0.422159
      2229.00     0.422410
      2230.00     0.422701
      2231.00     0.422987
      2232.00     0.423197
      2233.00     0.423294
      2234.00     0.423426
      2235.00     0.423732
      2236.00     0.424198
      2237.00     0.424856
      2238.00     0.425586
      2239.00     0.426155
      2240.00     0.426428
      2241.00     0.426435
      2242.00     0.426372
      2243.00     0.426428
      2244.00     0.426773
      2245.00     0.427344
      2246.00     0.428010
      2247.00     0.428645
      2248.00     0.428995
      2249.00     0.429166
      2250.00     0.429219
      2251.00     0.429391
      2252.00     0.429703
      2253.00     0.430121
      2254.00     0.430643
      2255.00     0.431144
      2256.00     0.431537
      2257.00     0.431868
      2258.00     0.432375
      2259.00     0.433175
      2260.00     0.434077
      2261.00     0.434984
      2262.00     0.435724
      2263.00     0.436028
      2264.00     0.435963
      2265.00     0.435776
      2266.00     0.435728
      2267.00     0.435861
      2268.00     0.435988
      2269.00     0.436063
      2270.00     0.436025
      2271.00     0.435900
      2272.00     0.435789
      2273.00     0.435815
      2274.00     0.435986
      2275.00     0.436191
      2276.00     0.436257
      2277.00     0.436196
      2278.00     0.436050
      2279.00     0.435891
      2280.00     0.435767
      2281.00     0.435697
      2282.00     0.435602
      2283.00     0.435454
      2284.00     0.435290
      2285.00     0.435136
      2286.00     0.434970
      2287.00     0.434742
      2288.00     0.434405
      2289.00     0.434030
      2290.00     0.433651
      2291.00     0.433350
      2292.00     0.433186
      2293.00     0.433128
      2294.00     0.433018
      2295.00     0.432631
      2296.00     0.431932
      2297.00     0.431098
      2298.00     0.430292
      2299.00     0.429679
      2300.00     0.429286
      2301.00     0.429203
      2302.00     0.429247
      2303.00     0.429181
      2304.00     0.428953
      2305.00     0.428554
      2306.00     0.427985
      2307.00     0.427298
      2308.00     0.426679
      2309.00     0.426068
      2310.00     0.425501
      2311.00     0.425079
      2312.00     0.424745
      2313.00     0.424490
      2314.00     0.424300
      2315.00     0.424089
      2316.00     0.423827
      2317.00     0.423556
      2318.00     0.423278
      2319.00     0.423063
      2320.00     0.422924
      2321.00     0.422713
      2322.00     0.422278
      2323.00     0.421550
      2324.00     0.420530
      2325.00     0.419320
      2326.00     0.418250
      2327.00     0.417403
      2328.00     0.416960
      2329.00     0.416705
      2330.00     0.416508
      2331.00     0.416124
      2332.00     0.415414
      2333.00     0.414295
      2334.00     0.413098
      2335.00     0.411908
      2336.00     0.411035
      2337.00     0.410447
      2338.00     0.410214
      2339.00     0.410176
      2340.00     0.410109
      2341.00     0.409813
      2342.00     0.409248
      2343.00     0.408509
      2344.00     0.407674
      2345.00     0.406925
      2346.00     0.406341
      2347.00     0.405966
      2348.00     0.405727
      2349.00     0.405521
      2350.00     0.405338
      2351.00     0.405243
      2352.00     0.405097
      2353.00     0.404843
      2354.00     0.404516
      2355.00     0.404108
      2356.00     0.403550
      2357.00     0.402907
      2358.00     0.402307
      2359.00     0.401801
      2360.00     0.401360
      2361.00     0.400926
      2362.00     0.400549
      2363.00     0.400175
      2364.00     0.399784
      2365.00     0.399335
      2366.00     0.398929
      2367.00     0.398626
      2368.00     0.398393
      2369.00     0.398141
      2370.00     0.397885
      2371.00     0.397656
      2372.00     0.397409
      2373.00     0.397110
      2374.00     0.396776
      2375.00     0.396453
      2376.00     0.396160
      2377.00     0.395783
      2378.00     0.395179
      2379.00     0.394352
      2380.00     0.393462
      2381.00     0.392519
      2382.00     0.391646
      2383.00     0.390989
      2384.00     0.390635
      2385.00     0.390550
      2386.00     0.390611
      2387.00     0.390704
      2388.00     0.390787
      2389.00     0.390853
      2390.00     0.390825
      2391.00     0.390738
      2392.00     0.390606
      2393.00     0.390408
      2394.00     0.390139
      2395.00     0.389824
      2396.00     0.389511
      2397.00     0.389251
      2398.00     0.389050
      2399.00     0.388844
      2400.00     0.388622
      2401.00     0.388314
      2402.00     0.387864
      2403.00     0.387374
      2404.00     0.386949
      2405.00     0.386599
      2406.00     0.386292
      2407.00     0.386000
      2408.00     0.385702
      2409.00     0.385358
      2410.00     0.384872
      2411.00     0.384194
      2412.00     0.383465
      2413.00     0.382699
      2414.00     0.381904
      2415.00     0.381111
      2416.00     0.380402
      2417.00     0.379856
      2418.00     0.379362
      2419.00     0.378889
      2420.00     0.378282
      2421.00     0.377566
      2422.00     0.376725
      2423.00     0.375793
      2424.00     0.374886
      2425.00     0.374062
      2426.00     0.373278
      2427.00     0.372553
      2428.00     0.371942
      2429.00     0.371277
      2430.00     0.370595
      2431.00     0.369860
      2432.00     0.369084
      2433.00     0.368362
      2434.00     0.367727
      2435.00     0.367057
      2436.00     0.366463
      2437.00     0.365888
      2438.00     0.365366
      2439.00     0.364822
      2440.00     0.364236
      2441.00     0.363635
      2442.00     0.362956
      2443.00     0.362292
      2444.00     0.361618
      2445.00     0.361084
      2446.00     0.360625
      2447.00     0.360219
      2448.00     0.359826
      2449.00     0.359413
      2450.00     0.359047
      2451.00     0.358628
      2452.00     0.358236
      2453.00     0.357917
      2454.00     0.357672
      2455.00     0.357487
      2456.00     0.357306
      2457.00     0.357026
      2458.00     0.356661
      2459.00     0.356244
      2460.00     0.355761
      2461.00     0.355281
      2462.00     0.354826
      2463.00     0.354380
      2464.00     0.353937
      2465.00     0.353420
      2466.00     0.352918
      2467.00     0.352391
      2468.00     0.351822
      2469.00     0.351275
      2470.00     0.350837
      2471.00     0.350534
      2472.00     0.350322
      2473.00     0.350078
      2474.00     0.349795
      2475.00     0.349518
      2476.00     0.349249
      2477.00     0.348927
      2478.00     0.348510
      2479.00     0.348064
      2480.00     0.347654
      2481.00     0.347223
      2482.00     0.346707
      2483.00     0.346115
      2484.00     0.345483
      2485.00     0.344876
      2486.00     0.344290
      2487.00     0.343748
      2488.00     0.343284
      2489.00     0.342942
      2490.00     0.342777
      2491.00     0.342753
      2492.00     0.342681
      2493.00     0.342510
      2494.00     0.342195
      2495.00     0.341712
      2496.00     0.341064
      2497.00     0.340302
      2498.00     0.339532
      2499.00     0.338859
      2500.00     0.338350
