      400.000     0.000000
      401.000     0.000000
      402.000     0.000000
      403.000   0.00109200
      404.000   0.00109200
      405.000   0.00123000
      406.000   0.00382300
      407.000   0.00123000
      408.000   0.00386300
      409.000   0.00298700
      410.000   0.00296200
      411.000   0.00296200
      412.000   0.00466500
      413.000   0.00334000
      414.000   0.00462300
      415.000   0.00461200
      416.000   0.00335200
      417.000   0.00499400
      418.000   0.00493700
      419.000   0.00831500
      420.000   0.00829400
      421.000   0.00697200
      422.000   0.00829400
      423.000    0.0100100
      424.000    0.0117000
      425.000    0.0100280
      426.000    0.0116950
      427.000    0.0116980
      428.000    0.0100310
      429.000    0.0129920
      430.000    0.0133620
      431.000    0.0133600
      432.000    0.0163270
      433.000    0.0163090
      434.000    0.0188670
      435.000    0.0195740
      436.000    0.0196180
      437.000    0.0196540
      438.000    0.0196360
      439.000    0.0212210
      440.000    0.0211990
      441.000    0.0212320
      442.000    0.0211210
      443.000    0.0228150
      444.000    0.0227750
      445.000    0.0227490
      446.000    0.0227360
      447.000    0.0244070
      448.000    0.0227100
      449.000    0.0268280
      450.000    0.0269790
      451.000    0.0244380
      452.000    0.0275940
      453.000    0.0274980
      454.000    0.0276520
      455.000    0.0275940
      456.000    0.0292390
      457.000    0.0291960
      458.000    0.0289630
      459.000    0.0288780
      460.000    0.0300120
      461.000    0.0298930
      462.000    0.0286420
      463.000    0.0300120
      464.000    0.0316700
      465.000    0.0314890
      466.000    0.0313860
      467.000    0.0315660
      468.000    0.0315400
      469.000    0.0314890
      470.000    0.0315920
      471.000    0.0347280
      472.000    0.0334550
      473.000    0.0347280
      474.000    0.0347580
      475.000    0.0348480
      476.000    0.0374890
      477.000    0.0375220
      478.000    0.0361880
      479.000    0.0373270
      480.000    0.0374240
      481.000    0.0375550
      482.000    0.0386590
      483.000    0.0385260
      484.000    0.0371970
      485.000    0.0383270
      486.000    0.0411230
      487.000    0.0402290
      488.000    0.0402640
      489.000    0.0425780
      490.000    0.0383600
      491.000    0.0398080
      492.000    0.0408110
      493.000    0.0425780
      494.000    0.0427240
      495.000    0.0424310
      496.000    0.0437280
      497.000    0.0451580
      498.000    0.0452370
      499.000    0.0468970
      500.000    0.0466150
      501.000    0.0448350
      502.000    0.0477940
      503.000    0.0476310
      504.000    0.0477130
      505.000    0.0501430
      506.000    0.0501850
      507.000    0.0513130
      508.000    0.0513990
      509.000    0.0517010
      510.000    0.0530070
      511.000    0.0540000
      512.000    0.0541350
      513.000    0.0538670
      514.000    0.0539110
      515.000    0.0584210
      516.000    0.0549410
      517.000    0.0548060
      518.000    0.0602790
      519.000    0.0586980
      520.000    0.0622970
      521.000    0.0603860
      522.000    0.0590310
      523.000    0.0632420
      524.000    0.0599980
      525.000    0.0599500
      526.000    0.0597570
      527.000    0.0666790
      528.000    0.0665160
      529.000    0.0677640
      530.000    0.0676550
      531.000    0.0674910
      532.000    0.0656410
      533.000    0.0692340
      534.000    0.0698520
      535.000    0.0697390
      536.000    0.0706550
      537.000    0.0710540
      538.000    0.0718500
      539.000    0.0744130
      540.000    0.0740600
      541.000    0.0738840
      542.000    0.0721360
      543.000    0.0719150
      544.000    0.0763160
      545.000    0.0729910
      546.000    0.0734970
      547.000    0.0736660
      548.000    0.0750900
      549.000    0.0777440
      550.000    0.0798650
      551.000    0.0794940
      552.000    0.0803600
      553.000    0.0783730
      554.000    0.0813440
      555.000    0.0796040
      556.000    0.0826370
      557.000    0.0827640
      558.000    0.0833370
      559.000    0.0857560
      560.000    0.0878580
      561.000    0.0889710
      562.000    0.0900410
      563.000    0.0897650
      564.000    0.0907080
      565.000    0.0897400
      566.000    0.0898080
      567.000    0.0898760
      568.000    0.0899450
      569.000    0.0913270
      570.000    0.0955170
      571.000    0.0949370
      572.000    0.0918920
      573.000    0.0911890
      574.000    0.0935240
      575.000    0.0939570
      576.000    0.0928000
      577.000    0.0978200
      578.000    0.0985820
      579.000    0.0997840
      580.000    0.0970930
      581.000    0.0991240
      582.000    0.0988970
      583.000    0.0988210
      584.000    0.0995800
      585.000     0.101850
      586.000     0.101325
      587.000    0.0999620
      588.000     0.100938
      589.000     0.102610
      590.000     0.102501
      591.000     0.102063
      592.000     0.104623
      593.000     0.101985
      594.000     0.101675
      595.000     0.102768
      596.000     0.104623
      597.000     0.104464
      598.000     0.105936
      599.000     0.107049
      600.000     0.105026
      601.000     0.104631
      602.000     0.105344
      603.000     0.106209
      604.000     0.108563
      605.000     0.109729
      606.000     0.110816
      607.000     0.110405
      608.000     0.109855
      609.000     0.110017
      610.000     0.110097
      611.000     0.111426
      612.000     0.111426
      613.000     0.111100
      614.000     0.111181
      615.000     0.112426
      616.000     0.112180
      617.000     0.112180
      618.000     0.113224
      619.000     0.114441
      620.000     0.116173
      621.000     0.114905
      622.000     0.115573
      623.000     0.118696
      624.000     0.122069
      625.000     0.119840
      626.000     0.119927
      627.000     0.117967
      628.000     0.119852
      629.000     0.121055
      630.000     0.120793
      631.000     0.120880
      632.000     0.122035
      633.000     0.121684
      634.000     0.122923
      635.000     0.122835
      636.000     0.125244
      637.000     0.122835
      638.000     0.123189
      639.000     0.123542
      640.000     0.124954
      641.000     0.127515
      642.000     0.127606
      643.000     0.128843
      644.000     0.128477
      645.000     0.128568
      646.000     0.128477
      647.000     0.129069
      648.000     0.128523
      649.000     0.129069
      650.000     0.130759
      651.000     0.133695
      652.000     0.133695
      653.000     0.134265
      654.000     0.134743
      655.000     0.132984
      656.000     0.132520
      657.000     0.135314
      658.000     0.135592
      659.000     0.135879
      660.000     0.134534
      661.000     0.137987
      662.000     0.137889
      663.000     0.138347
      664.000     0.141310
      665.000     0.142648
      666.000     0.142648
      667.000     0.140065
      668.000     0.143050
      669.000     0.142648
      670.000     0.143684
      671.000     0.144718
      672.000     0.140141
      673.000     0.141374
      674.000     0.144335
      675.000     0.144834
      676.000     0.142156
      677.000     0.145134
      678.000     0.146074
      679.000     0.147011
      680.000     0.145707
      681.000     0.146006
      682.000     0.146106
      683.000     0.147337
      684.000     0.148772
      685.000     0.150929
      686.000     0.151238
      687.000     0.151342
      688.000     0.151652
      689.000     0.153202
      690.000     0.152575
      691.000     0.153809
      692.000     0.153809
      693.000     0.154019
      694.000     0.154546
      695.000     0.155573
      696.000     0.155999
      697.000     0.156965
      698.000     0.156687
      699.000     0.159908
      700.000     0.159370
      701.000     0.157775
      702.000     0.157880
      703.000     0.159304
      704.000     0.159838
      705.000     0.160268
      706.000     0.160375
      707.000     0.162924
      708.000     0.162487
      709.000     0.162379
      710.000     0.164812
      711.000     0.166140
      712.000     0.165365
      713.000     0.165255
      714.000     0.166689
      715.000     0.166356
      716.000     0.168219
      717.000     0.165915
      718.000     0.168554
      719.000     0.170328
      720.000     0.174484
      721.000     0.170860
      722.000     0.169763
      723.000     0.169314
      724.000     0.171086
      725.000     0.170384
      726.000     0.173664
      727.000     0.174299
      728.000     0.173855
      729.000     0.173514
      730.000     0.173969
      731.000     0.176321
      732.000     0.177137
      733.000     0.177020
      734.000     0.179084
      735.000     0.178379
      736.000     0.178379
      737.000     0.179689
      738.000     0.179689
      739.000     0.182099
      740.000     0.183543
      741.000     0.183424
      742.000     0.182951
      743.000     0.180920
      744.000     0.179838
      745.000     0.182712
      746.000     0.181272
      747.000     0.184753
      748.000     0.182472
      749.000     0.185109
      750.000     0.185832
      751.000     0.184156
      752.000     0.184751
      753.000     0.187272
      754.000     0.184158
      755.000     0.186191
      756.000     0.186191
      757.000     0.187515
      758.000     0.186912
      759.000     0.187394
      760.000     0.187629
      761.000     0.189415
      762.000     0.190244
      763.000     0.191801
      764.000     0.191096
      765.000     0.192415
      766.000     0.192538
      767.000     0.192415
      768.000     0.195131
      769.000     0.194142
      770.000     0.195256
      771.000     0.195256
      772.000     0.196448
      773.000     0.196467
      774.000     0.196592
      775.000     0.197912
      776.000     0.197264
      777.000     0.197515
      778.000     0.196699
      779.000     0.197264
      780.000     0.196716
      781.000     0.197162
      782.000     0.198328
      783.000     0.199467
      784.000     0.200152
      785.000     0.202024
      786.000     0.204380
      787.000     0.203054
      788.000     0.202024
      789.000     0.202667
      790.000     0.202828
      791.000     0.204275
      792.000     0.203253
      793.000     0.204694
      794.000     0.201722
      795.000     0.204823
      796.000     0.207472
      797.000     0.207786
      798.000     0.203665
      799.000     0.203680
      800.000     0.208378
      801.000     0.208770
      802.000     0.209162
      803.000     0.209555
      804.000     0.209947
      805.000     0.210005
      806.000     0.210062
      807.000     0.210120
      808.000     0.210178
      809.000     0.210924
      810.000     0.211670
      811.000     0.212417
      812.000     0.213163
      813.000     0.213466
      814.000     0.213770
      815.000     0.214073
      816.000     0.214377
      817.000     0.214051
      818.000     0.213726
      819.000     0.213401
      820.000     0.213075
      821.000     0.213311
      822.000     0.213547
      823.000     0.213784
      824.000     0.214020
      825.000     0.214738
      826.000     0.215456
      827.000     0.216174
      828.000     0.216892
      829.000     0.217019
      830.000     0.217147
      831.000     0.217274
      832.000     0.217401
      833.000     0.217477
      834.000     0.217553
      835.000     0.217628
      836.000     0.217704
      837.000     0.217474
      838.000     0.217245
      839.000     0.217015
      840.000     0.216785
      841.000     0.217586
      842.000     0.218387
      843.000     0.219187
      844.000     0.219988
      845.000     0.220448
      846.000     0.220907
      847.000     0.221367
      848.000     0.221827
      849.000     0.222092
      850.000     0.222357
      851.000     0.222622
      852.000     0.222887
      853.000     0.222757
      854.000     0.222627
      855.000     0.222498
      856.000     0.222368
      857.000     0.221857
      858.000     0.221346
      859.000     0.220835
      860.000     0.220324
      861.000     0.221002
      862.000     0.221679
      863.000     0.222357
      864.000     0.223035
      865.000     0.222987
      866.000     0.222939
      867.000     0.222892
      868.000     0.222844
      869.000     0.223139
      870.000     0.223433
      871.000     0.223727
      872.000     0.224022
      873.000     0.223766
      874.000     0.223509
      875.000     0.223253
      876.000     0.222997
      877.000     0.223358
      878.000     0.223720
      879.000     0.224081
      880.000     0.224442
      881.000     0.225058
      882.000     0.225674
      883.000     0.226290
      884.000     0.226906
      885.000     0.226421
      886.000     0.225935
      887.000     0.225450
      888.000     0.224964
      889.000     0.225034
      890.000     0.225103
      891.000     0.225173
      892.000     0.225243
      893.000     0.224968
      894.000     0.224693
      895.000     0.224418
      896.000     0.224143
      897.000     0.224662
      898.000     0.225180
      899.000     0.225699
      900.000     0.226217
      901.000     0.225997
      902.000     0.225776
      903.000     0.225556
      904.000     0.225336
      905.000     0.226140
      906.000     0.226945
      907.000     0.227749
      908.000     0.228554
      909.000     0.228522
      910.000     0.228491
      911.000     0.228459
      912.000     0.228427
      913.000     0.228716
      914.000     0.229005
      915.000     0.229294
      916.000     0.229583
      917.000     0.229680
      918.000     0.229778
      919.000     0.229875
      920.000     0.229972
      921.000     0.230451
      922.000     0.230931
      923.000     0.231411
      924.000     0.231890
      925.000     0.232306
      926.000     0.232723
      927.000     0.233140
      928.000     0.233556
      929.000     0.233621
      930.000     0.233685
      931.000     0.233750
      932.000     0.233815
      933.000     0.234071
      934.000     0.234327
      935.000     0.234582
      936.000     0.234838
      937.000     0.234989
      938.000     0.235139
      939.000     0.235289
      940.000     0.235440
      941.000     0.235343
      942.000     0.235245
      943.000     0.235148
      944.000     0.235051
      945.000     0.235706
      946.000     0.236361
      947.000     0.237016
      948.000     0.237671
      949.000     0.237915
      950.000     0.238159
      951.000     0.238403
      952.000     0.238647
      953.000     0.238960
      954.000     0.239273
      955.000     0.239585
      956.000     0.239898
      957.000     0.240152
      958.000     0.240407
      959.000     0.240662
      960.000     0.240916
      961.000     0.241347
      962.000     0.241778
      963.000     0.242209
      964.000     0.242640
      965.000     0.243004
      966.000     0.243369
      967.000     0.243733
      968.000     0.244097
      969.000     0.244714
      970.000     0.245331
      971.000     0.245948
      972.000     0.246565
      973.000     0.246421
      974.000     0.246277
      975.000     0.246133
      976.000     0.245989
      977.000     0.246242
      978.000     0.246495
      979.000     0.246747
      980.000     0.247000
      981.000     0.247132
      982.000     0.247264
      983.000     0.247395
      984.000     0.247527
      985.000     0.247404
      986.000     0.247281
      987.000     0.247157
      988.000     0.247034
      989.000     0.247965
      990.000     0.248897
      991.000     0.249828
      992.000     0.250759
      993.000     0.250976
      994.000     0.251193
      995.000     0.251409
      996.000     0.251626
      997.000     0.252077
      998.000     0.252529
      999.000     0.252981
      1000.00     0.253432
      1001.00     0.253226
      1002.00     0.253019
      1003.00     0.252813
      1004.00     0.252606
      1005.00     0.252926
      1006.00     0.253246
      1007.00     0.253565
      1008.00     0.253885
      1009.00     0.253860
      1010.00     0.253835
      1011.00     0.253810
      1012.00     0.253785
      1013.00     0.254035
      1014.00     0.254284
      1015.00     0.254533
      1016.00     0.254783
      1017.00     0.254990
      1018.00     0.255198
      1019.00     0.255405
      1020.00     0.255613
      1021.00     0.255863
      1022.00     0.256113
      1023.00     0.256363
      1024.00     0.256613
      1025.00     0.256259
      1026.00     0.255905
      1027.00     0.255551
      1028.00     0.255197
      1029.00     0.256050
      1030.00     0.256903
      1031.00     0.257756
      1032.00     0.258609
      1033.00     0.259359
      1034.00     0.260109
      1035.00     0.260860
      1036.00     0.261610
      1037.00     0.261109
      1038.00     0.260608
      1039.00     0.260107
      1040.00     0.259606
      1041.00     0.259714
      1042.00     0.259822
      1043.00     0.259931
      1044.00     0.260039
      1045.00     0.260712
      1046.00     0.261384
      1047.00     0.262057
      1048.00     0.262730
      1049.00     0.263404
      1050.00     0.264078
      1051.00     0.264752
      1052.00     0.265426
      1053.00     0.265600
      1054.00     0.265774
      1055.00     0.265948
      1056.00     0.266122
      1057.00     0.266440
      1058.00     0.266759
      1059.00     0.267078
      1060.00     0.267396
      1061.00     0.266688
      1062.00     0.265979
      1063.00     0.265271
      1064.00     0.264563
      1065.00     0.264421
      1066.00     0.264279
      1067.00     0.264136
      1068.00     0.263994
      1069.00     0.265056
      1070.00     0.266117
      1071.00     0.267179
      1072.00     0.268240
      1073.00     0.269025
      1074.00     0.269810
      1075.00     0.270595
      1076.00     0.271380
      1077.00     0.271515
      1078.00     0.271651
      1079.00     0.271787
      1080.00     0.271922
      1081.00     0.271320
      1082.00     0.270718
      1083.00     0.270115
      1084.00     0.269513
      1085.00     0.270398
      1086.00     0.271283
      1087.00     0.272168
      1088.00     0.273053
      1089.00     0.273358
      1090.00     0.273663
      1091.00     0.273969
      1092.00     0.274274
      1093.00     0.274200
      1094.00     0.274126
      1095.00     0.274052
      1096.00     0.273978
      1097.00     0.274541
      1098.00     0.275104
      1099.00     0.275666
      1100.00     0.276229
      1101.00     0.276623
      1102.00     0.277016
      1103.00     0.277409
      1104.00     0.277803
      1105.00     0.278028
      1106.00     0.278252
      1107.00     0.278477
      1108.00     0.278702
      1109.00     0.279188
      1110.00     0.279673
      1111.00     0.280158
      1112.00     0.280644
      1113.00     0.280833
      1114.00     0.281022
      1115.00     0.281211
      1116.00     0.281400
      1117.00     0.281743
      1118.00     0.282085
      1119.00     0.282427
      1120.00     0.282770
      1121.00     0.283219
      1122.00     0.283668
      1123.00     0.284117
      1124.00     0.284566
      1125.00     0.285321
      1126.00     0.286076
      1127.00     0.286831
      1128.00     0.287586
      1129.00     0.287240
      1130.00     0.286893
      1131.00     0.286547
      1132.00     0.286201
      1133.00     0.286332
      1134.00     0.286462
      1135.00     0.286593
      1136.00     0.286724
      1137.00     0.285601
      1138.00     0.284478
      1139.00     0.283356
      1140.00     0.282233
      1141.00     0.282434
      1142.00     0.282635
      1143.00     0.282836
      1144.00     0.283037
      1145.00     0.283796
      1146.00     0.284555
      1147.00     0.285313
      1148.00     0.286072
      1149.00     0.286252
      1150.00     0.286431
      1151.00     0.286611
      1152.00     0.286791
      1153.00     0.287348
      1154.00     0.287905
      1155.00     0.288461
      1156.00     0.289018
      1157.00     0.288996
      1158.00     0.288974
      1159.00     0.288951
      1160.00     0.288929
      1161.00     0.289289
      1162.00     0.289649
      1163.00     0.290008
      1164.00     0.290368
      1165.00     0.290489
      1166.00     0.290611
      1167.00     0.290733
      1168.00     0.290854
      1169.00     0.291090
      1170.00     0.291327
      1171.00     0.291564
      1172.00     0.291800
      1173.00     0.292848
      1174.00     0.293896
      1175.00     0.294944
      1176.00     0.295992
      1177.00     0.296415
      1178.00     0.296838
      1179.00     0.297260
      1180.00     0.297683
      1181.00     0.297734
      1182.00     0.297785
      1183.00     0.297835
      1184.00     0.297886
      1185.00     0.298271
      1186.00     0.298657
      1187.00     0.299042
      1188.00     0.299427
      1189.00     0.298924
      1190.00     0.298421
      1191.00     0.297918
      1192.00     0.297415
      1193.00     0.298159
      1194.00     0.298904
      1195.00     0.299648
      1196.00     0.300392
      1197.00     0.300750
      1198.00     0.301109
      1199.00     0.301468
      1200.00     0.301826
      1201.00     0.301785
      1202.00     0.301745
      1203.00     0.301704
      1204.00     0.301664
      1205.00     0.301583
      1206.00     0.301502
      1207.00     0.301421
      1208.00     0.301340
      1209.00     0.301496
      1210.00     0.301652
      1211.00     0.301807
      1212.00     0.301963
      1213.00     0.303213
      1214.00     0.304463
      1215.00     0.305713
      1216.00     0.306963
      1217.00     0.307254
      1218.00     0.307545
      1219.00     0.307837
      1220.00     0.308128
      1221.00     0.307696
      1222.00     0.307265
      1223.00     0.306833
      1224.00     0.306401
      1225.00     0.306318
      1226.00     0.306235
      1227.00     0.306151
      1228.00     0.306068
      1229.00     0.306193
      1230.00     0.306318
      1231.00     0.306442
      1232.00     0.306567
      1233.00     0.306957
      1234.00     0.307348
      1235.00     0.307738
      1236.00     0.308128
      1237.00     0.308322
      1238.00     0.308517
      1239.00     0.308711
      1240.00     0.308906
      1241.00     0.309336
      1242.00     0.309765
      1243.00     0.310194
      1244.00     0.310624
      1245.00     0.310775
      1246.00     0.310926
      1247.00     0.311078
      1248.00     0.311229
      1249.00     0.312324
      1250.00     0.313420
      1251.00     0.314515
      1252.00     0.315610
      1253.00     0.315154
      1254.00     0.314697
      1255.00     0.314241
      1256.00     0.313784
      1257.00     0.313742
      1258.00     0.313699
      1259.00     0.313657
      1260.00     0.313614
      1261.00     0.313806
      1262.00     0.313999
      1263.00     0.314191
      1264.00     0.314383
      1265.00     0.314490
      1266.00     0.314597
      1267.00     0.314704
      1268.00     0.314811
      1269.00     0.315031
      1270.00     0.315251
      1271.00     0.315471
      1272.00     0.315691
      1273.00     0.315754
      1274.00     0.315816
      1275.00     0.315879
      1276.00     0.315942
      1277.00     0.316871
      1278.00     0.317800
      1279.00     0.318729
      1280.00     0.319658
      1281.00     0.320367
      1282.00     0.321075
      1283.00     0.321784
      1284.00     0.322493
      1285.00     0.322250
      1286.00     0.322007
      1287.00     0.321764
      1288.00     0.321521
      1289.00     0.321892
      1290.00     0.322264
      1291.00     0.322636
      1292.00     0.323007
      1293.00     0.323757
      1294.00     0.324506
      1295.00     0.325255
      1296.00     0.326005
      1297.00     0.325595
      1298.00     0.325185
      1299.00     0.324776
      1300.00     0.324366
      1301.00     0.324281
      1302.00     0.324195
      1303.00     0.324110
      1304.00     0.324024
      1305.00     0.323918
      1306.00     0.323812
      1307.00     0.323706
      1308.00     0.323600
      1309.00     0.323741
      1310.00     0.323882
      1311.00     0.324024
      1312.00     0.324165
      1313.00     0.324122
      1314.00     0.324080
      1315.00     0.324038
      1316.00     0.323995
      1317.00     0.324638
      1318.00     0.325281
      1319.00     0.325924
      1320.00     0.326567
      1321.00     0.327191
      1322.00     0.327815
      1323.00     0.328439
      1324.00     0.329063
      1325.00     0.329042
      1326.00     0.329022
      1327.00     0.329002
      1328.00     0.328981
      1329.00     0.329496
      1330.00     0.330011
      1331.00     0.330527
      1332.00     0.331042
      1333.00     0.331136
      1334.00     0.331230
      1335.00     0.331325
      1336.00     0.331419
      1337.00     0.331520
      1338.00     0.331621
      1339.00     0.331721
      1340.00     0.331822
      1341.00     0.332287
      1342.00     0.332751
      1343.00     0.333216
      1344.00     0.333680
      1345.00     0.333676
      1346.00     0.333672
      1347.00     0.333667
      1348.00     0.333663
      1349.00     0.333622
      1350.00     0.333581
      1351.00     0.333540
      1352.00     0.333499
      1353.00     0.333502
      1354.00     0.333505
      1355.00     0.333508
      1356.00     0.333511
      1357.00     0.332925
      1358.00     0.332339
      1359.00     0.331752
      1360.00     0.331166
      1361.00     0.330959
      1362.00     0.330752
      1363.00     0.330546
      1364.00     0.330339
      1365.00     0.330305
      1366.00     0.330272
      1367.00     0.330238
      1368.00     0.330204
      1369.00     0.331192
      1370.00     0.332181
      1371.00     0.333169
      1372.00     0.334157
      1373.00     0.333772
      1374.00     0.333386
      1375.00     0.333001
      1376.00     0.332616
      1377.00     0.332223
      1378.00     0.331830
      1379.00     0.331437
      1380.00     0.331044
      1381.00     0.330506
      1382.00     0.329967
      1383.00     0.329428
      1384.00     0.328890
      1385.00     0.328614
      1386.00     0.328339
      1387.00     0.328063
      1388.00     0.327787
      1389.00     0.327385
      1390.00     0.326983
      1391.00     0.326581
      1392.00     0.326179
      1393.00     0.325444
      1394.00     0.324708
      1395.00     0.323973
      1396.00     0.323238
      1397.00     0.323530
      1398.00     0.323821
      1399.00     0.324113
      1400.00     0.324405
      1401.00     0.325301
      1402.00     0.326197
      1403.00     0.327093
      1404.00     0.327989
      1405.00     0.328079
      1406.00     0.328168
      1407.00     0.328258
      1408.00     0.328347
      1409.00     0.328991
      1410.00     0.329635
      1411.00     0.330278
      1412.00     0.330922
      1413.00     0.331422
      1414.00     0.331923
      1415.00     0.332423
      1416.00     0.332923
      1417.00     0.333571
      1418.00     0.334220
      1419.00     0.334868
      1420.00     0.335516
      1421.00     0.335141
      1422.00     0.334765
      1423.00     0.334390
      1424.00     0.334014
      1425.00     0.334014
      1426.00     0.334014
      1427.00     0.334014
      1428.00     0.334014
      1429.00     0.334503
      1430.00     0.334992
      1431.00     0.335481
      1432.00     0.335970
      1433.00     0.336168
      1434.00     0.336366
      1435.00     0.336564
      1436.00     0.336762
      1437.00     0.336986
      1438.00     0.337211
      1439.00     0.337435
      1440.00     0.337659
      1441.00     0.337416
      1442.00     0.337174
      1443.00     0.336931
      1444.00     0.336688
      1445.00     0.336976
      1446.00     0.337265
      1447.00     0.337553
      1448.00     0.337841
      1449.00     0.337664
      1450.00     0.337488
      1451.00     0.337311
      1452.00     0.337134
      1453.00     0.336825
      1454.00     0.336517
      1455.00     0.336209
      1456.00     0.335900
      1457.00     0.336475
      1458.00     0.337049
      1459.00     0.337624
      1460.00     0.338198
      1461.00     0.338686
      1462.00     0.339173
      1463.00     0.339660
      1464.00     0.340148
      1465.00     0.340236
      1466.00     0.340323
      1467.00     0.340411
      1468.00     0.340498
      1469.00     0.340821
      1470.00     0.341144
      1471.00     0.341467
      1472.00     0.341790
      1473.00     0.342084
      1474.00     0.342378
      1475.00     0.342671
      1476.00     0.342965
      1477.00     0.343720
      1478.00     0.344476
      1479.00     0.345232
      1480.00     0.345987
      1481.00     0.346123
      1482.00     0.346259
      1483.00     0.346395
      1484.00     0.346531
      1485.00     0.346951
      1486.00     0.347372
      1487.00     0.347792
      1488.00     0.348212
      1489.00     0.347935
      1490.00     0.347658
      1491.00     0.347380
      1492.00     0.347103
      1493.00     0.347527
      1494.00     0.347950
      1495.00     0.348374
      1496.00     0.348798
      1497.00     0.349084
      1498.00     0.349369
      1499.00     0.349655
      1500.00     0.349941
      1501.00     0.350643
      1502.00     0.351345
      1503.00     0.352047
      1504.00     0.352749
      1505.00     0.353265
      1506.00     0.353782
      1507.00     0.354298
      1508.00     0.354815
      1509.00     0.354861
      1510.00     0.354907
      1511.00     0.354954
      1512.00     0.355000
      1513.00     0.354754
      1514.00     0.354509
      1515.00     0.354263
      1516.00     0.354018
      1517.00     0.354994
      1518.00     0.355970
      1519.00     0.356946
      1520.00     0.357922
      1521.00     0.358062
      1522.00     0.358202
      1523.00     0.358341
      1524.00     0.358481
      1525.00     0.358202
      1526.00     0.357922
      1527.00     0.357643
      1528.00     0.357364
      1529.00     0.357411
      1530.00     0.357458
      1531.00     0.357506
      1532.00     0.357553
      1533.00     0.357553
      1534.00     0.357553
      1535.00     0.357553
      1536.00     0.357553
      1537.00     0.358066
      1538.00     0.358579
      1539.00     0.359092
      1540.00     0.359605
      1541.00     0.360162
      1542.00     0.360720
      1543.00     0.361277
      1544.00     0.361835
      1545.00     0.361276
      1546.00     0.360717
      1547.00     0.360158
      1548.00     0.359599
      1549.00     0.359692
      1550.00     0.359785
      1551.00     0.359879
      1552.00     0.359972
      1553.00     0.360918
      1554.00     0.361865
      1555.00     0.362811
      1556.00     0.363757
      1557.00     0.363588
      1558.00     0.363419
      1559.00     0.363249
      1560.00     0.363080
      1561.00     0.362938
      1562.00     0.362796
      1563.00     0.362655
      1564.00     0.362513
      1565.00     0.362231
      1566.00     0.361949
      1567.00     0.361667
      1568.00     0.361385
      1569.00     0.362032
      1570.00     0.362679
      1571.00     0.363326
      1572.00     0.363973
      1573.00     0.363832
      1574.00     0.363690
      1575.00     0.363549
      1576.00     0.363408
      1577.00     0.363738
      1578.00     0.364069
      1579.00     0.364399
      1580.00     0.364729
      1581.00     0.364999
      1582.00     0.365270
      1583.00     0.365540
      1584.00     0.365810
      1585.00     0.366136
      1586.00     0.366462
      1587.00     0.366788
      1588.00     0.367114
      1589.00     0.367210
      1590.00     0.367305
      1591.00     0.367401
      1592.00     0.367497
      1593.00     0.367857
      1594.00     0.368217
      1595.00     0.368578
      1596.00     0.368938
      1597.00     0.368914
      1598.00     0.368890
      1599.00     0.368866
      1600.00     0.368842
      1601.00     0.369253
      1602.00     0.369664
      1603.00     0.370074
      1604.00     0.370485
      1605.00     0.369931
      1606.00     0.369376
      1607.00     0.368821
      1608.00     0.368267
      1609.00     0.368124
      1610.00     0.367980
      1611.00     0.367837
      1612.00     0.367694
      1613.00     0.367909
      1614.00     0.368124
      1615.00     0.368340
      1616.00     0.368555
      1617.00     0.368948
      1618.00     0.369340
      1619.00     0.369733
      1620.00     0.370126
      1621.00     0.370451
      1622.00     0.370777
      1623.00     0.371102
      1624.00     0.371427
      1625.00     0.371545
      1626.00     0.371664
      1627.00     0.371783
      1628.00     0.371901
      1629.00     0.371446
      1630.00     0.370991
      1631.00     0.370536
      1632.00     0.370081
      1633.00     0.370104
      1634.00     0.370127
      1635.00     0.370150
      1636.00     0.370173
      1637.00     0.370483
      1638.00     0.370792
      1639.00     0.371102
      1640.00     0.371411
      1641.00     0.371220
      1642.00     0.371029
      1643.00     0.370837
      1644.00     0.370646
      1645.00     0.370623
      1646.00     0.370601
      1647.00     0.370578
      1648.00     0.370555
      1649.00     0.370459
      1650.00     0.370364
      1651.00     0.370269
      1652.00     0.370173
      1653.00     0.370291
      1654.00     0.370410
      1655.00     0.370528
      1656.00     0.370646
      1657.00     0.370526
      1658.00     0.370405
      1659.00     0.370284
      1660.00     0.370164
      1661.00     0.370164
      1662.00     0.370164
      1663.00     0.370164
      1664.00     0.370164
      1665.00     0.370450
      1666.00     0.370736
      1667.00     0.371022
      1668.00     0.371308
      1669.00     0.371425
      1670.00     0.371543
      1671.00     0.371660
      1672.00     0.371778
      1673.00     0.371730
      1674.00     0.371682
      1675.00     0.371635
      1676.00     0.371587
      1677.00     0.371889
      1678.00     0.372191
      1679.00     0.372494
      1680.00     0.372796
      1681.00     0.372727
      1682.00     0.372659
      1683.00     0.372590
      1684.00     0.372522
      1685.00     0.372617
      1686.00     0.372713
      1687.00     0.372809
      1688.00     0.372904
      1689.00     0.373068
      1690.00     0.373232
      1691.00     0.373397
      1692.00     0.373561
      1693.00     0.373466
      1694.00     0.373370
      1695.00     0.373275
      1696.00     0.373179
      1697.00     0.373863
      1698.00     0.374547
      1699.00     0.375230
      1700.00     0.375914
      1701.00     0.375721
      1702.00     0.375528
      1703.00     0.375334
      1704.00     0.375141
      1705.00     0.374576
      1706.00     0.374011
      1707.00     0.373445
      1708.00     0.372880
      1709.00     0.373896
      1710.00     0.374913
      1711.00     0.375929
      1712.00     0.376945
      1713.00     0.376812
      1714.00     0.376678
      1715.00     0.376545
      1716.00     0.376411
      1717.00     0.376519
      1718.00     0.376627
      1719.00     0.376735
      1720.00     0.376843
      1721.00     0.376922
      1722.00     0.377001
      1723.00     0.377079
      1724.00     0.377158
      1725.00     0.377925
      1726.00     0.378691
      1727.00     0.379458
      1728.00     0.380224
      1729.00     0.379494
      1730.00     0.378765
      1731.00     0.378035
      1732.00     0.377306
      1733.00     0.378341
      1734.00     0.379377
      1735.00     0.380412
      1736.00     0.381448
      1737.00     0.381539
      1738.00     0.381630
      1739.00     0.381722
      1740.00     0.381813
      1741.00     0.381097
      1742.00     0.380382
      1743.00     0.379667
      1744.00     0.378951
      1745.00     0.379182
      1746.00     0.379414
      1747.00     0.379645
      1748.00     0.379877
      1749.00     0.379439
      1750.00     0.379000
      1751.00     0.378561
      1752.00     0.378123
      1753.00     0.378466
      1754.00     0.378810
      1755.00     0.379153
      1756.00     0.379496
      1757.00     0.379447
      1758.00     0.379398
      1759.00     0.379348
      1760.00     0.379299
      1761.00     0.379266
      1762.00     0.379233
      1763.00     0.379199
      1764.00     0.379166
      1765.00     0.379589
      1766.00     0.380012
      1767.00     0.380435
      1768.00     0.380858
      1769.00     0.380479
      1770.00     0.380099
      1771.00     0.379719
      1772.00     0.379340
      1773.00     0.379600
      1774.00     0.379860
      1775.00     0.380120
      1776.00     0.380380
      1777.00     0.380984
      1778.00     0.381589
      1779.00     0.382194
      1780.00     0.382798
      1781.00     0.382910
      1782.00     0.383022
      1783.00     0.383133
      1784.00     0.383245
      1785.00     0.382109
      1786.00     0.380973
      1787.00     0.379837
      1788.00     0.378701
      1789.00     0.378749
      1790.00     0.378797
      1791.00     0.378846
      1792.00     0.378894
      1793.00     0.379722
      1794.00     0.380551
      1795.00     0.381379
      1796.00     0.382207
      1797.00     0.382158
      1798.00     0.382109
      1799.00     0.382060
      1800.00     0.382011
      1801.00     0.382007
      1802.00     0.382003
      1803.00     0.382000
      1804.00     0.381996
      1805.00     0.381431
      1806.00     0.380865
      1807.00     0.380300
      1808.00     0.379734
      1809.00     0.379589
      1810.00     0.379445
      1811.00     0.379300
      1812.00     0.379155
      1813.00     0.378962
      1814.00     0.378770
      1815.00     0.378577
      1816.00     0.378384
      1817.00     0.379141
      1818.00     0.379899
      1819.00     0.380656
      1820.00     0.381413
      1821.00     0.381705
      1822.00     0.381997
      1823.00     0.382289
      1824.00     0.382581
      1825.00     0.383142
      1826.00     0.383704
      1827.00     0.384265
      1828.00     0.384826
      1829.00     0.384889
      1830.00     0.384952
      1831.00     0.385015
      1832.00     0.385078
      1833.00     0.385581
      1834.00     0.386084
      1835.00     0.386587
      1836.00     0.387090
      1837.00     0.387112
      1838.00     0.387134
      1839.00     0.387156
      1840.00     0.387178
      1841.00     0.387638
      1842.00     0.388097
      1843.00     0.388557
      1844.00     0.389017
      1845.00     0.388910
      1846.00     0.388803
      1847.00     0.388697
      1848.00     0.388590
      1849.00     0.387796
      1850.00     0.387002
      1851.00     0.386207
      1852.00     0.385413
      1853.00     0.384812
      1854.00     0.384211
      1855.00     0.383610
      1856.00     0.383009
      1857.00     0.382564
      1858.00     0.382118
      1859.00     0.381673
      1860.00     0.381228
      1861.00     0.380828
      1862.00     0.380429
      1863.00     0.380029
      1864.00     0.379630
      1865.00     0.379384
      1866.00     0.379139
      1867.00     0.378893
      1868.00     0.378648
      1869.00     0.377507
      1870.00     0.376367
      1871.00     0.375226
      1872.00     0.374086
      1873.00     0.373764
      1874.00     0.373442
      1875.00     0.373119
      1876.00     0.372797
      1877.00     0.371892
      1878.00     0.370987
      1879.00     0.370081
      1880.00     0.369176
      1881.00     0.366959
      1882.00     0.364742
      1883.00     0.362524
      1884.00     0.360307
      1885.00     0.358422
      1886.00     0.356537
      1887.00     0.354653
      1888.00     0.352768
      1889.00     0.351854
      1890.00     0.350941
      1891.00     0.350028
      1892.00     0.349114
      1893.00     0.346460
      1894.00     0.343807
      1895.00     0.341154
      1896.00     0.338500
      1897.00     0.336361
      1898.00     0.334223
      1899.00     0.332084
      1900.00     0.329946
      1901.00     0.328902
      1902.00     0.327858
      1903.00     0.326815
      1904.00     0.325771
      1905.00     0.324702
      1906.00     0.323632
      1907.00     0.322563
      1908.00     0.321494
      1909.00     0.320661
      1910.00     0.319828
      1911.00     0.318995
      1912.00     0.318162
      1913.00     0.318218
      1914.00     0.318274
      1915.00     0.318331
      1916.00     0.318387
      1917.00     0.318205
      1918.00     0.318024
      1919.00     0.317842
      1920.00     0.317660
      1921.00     0.318366
      1922.00     0.319071
      1923.00     0.319776
      1924.00     0.320482
      1925.00     0.320492
      1926.00     0.320503
      1927.00     0.320513
      1928.00     0.320524
      1929.00     0.321015
      1930.00     0.321506
      1931.00     0.321997
      1932.00     0.322488
      1933.00     0.323025
      1934.00     0.323561
      1935.00     0.324098
      1936.00     0.324635
      1937.00     0.325292
      1938.00     0.325949
      1939.00     0.326606
      1940.00     0.327263
      1941.00     0.327352
      1942.00     0.327442
      1943.00     0.327532
      1944.00     0.327621
      1945.00     0.328568
      1946.00     0.329515
      1947.00     0.330461
      1948.00     0.331408
      1949.00     0.331795
      1950.00     0.332182
      1951.00     0.332569
      1952.00     0.332956
      1953.00     0.333085
      1954.00     0.333214
      1955.00     0.333343
      1956.00     0.333472
      1957.00     0.333986
      1958.00     0.334500
      1959.00     0.335014
      1960.00     0.335528
      1961.00     0.335828
      1962.00     0.336129
      1963.00     0.336429
      1964.00     0.336729
      1965.00     0.336986
      1966.00     0.337243
      1967.00     0.337500
      1968.00     0.337757
      1969.00     0.337357
      1970.00     0.336957
      1971.00     0.336556
      1972.00     0.336156
      1973.00     0.336976
      1974.00     0.337795
      1975.00     0.338615
      1976.00     0.339435
      1977.00     0.339729
      1978.00     0.340023
      1979.00     0.340317
      1980.00     0.340611
      1981.00     0.341375
      1982.00     0.342139
      1983.00     0.342904
      1984.00     0.343668
      1985.00     0.344335
      1986.00     0.345003
      1987.00     0.345670
      1988.00     0.346338
      1989.00     0.347309
      1990.00     0.348279
      1991.00     0.349250
      1992.00     0.350221
      1993.00     0.350937
      1994.00     0.351654
      1995.00     0.352371
      1996.00     0.353087
      1997.00     0.352915
      1998.00     0.352742
      1999.00     0.352570
      2000.00     0.352398
      2001.00     0.353003
      2002.00     0.353608
      2003.00     0.354212
      2004.00     0.354817
      2005.00     0.355055
      2006.00     0.355294
      2007.00     0.355532
      2008.00     0.355770
      2009.00     0.355709
      2010.00     0.355649
      2011.00     0.355588
      2012.00     0.355528
      2013.00     0.356033
      2014.00     0.356538
      2015.00     0.357043
      2016.00     0.357548
      2017.00     0.357190
      2018.00     0.356832
      2019.00     0.356474
      2020.00     0.356116
      2021.00     0.356278
      2022.00     0.356440
      2023.00     0.356603
      2024.00     0.356765
      2025.00     0.356587
      2026.00     0.356409
      2027.00     0.356231
      2028.00     0.356053
      2029.00     0.355493
      2030.00     0.354934
      2031.00     0.354374
      2032.00     0.353814
      2033.00     0.354446
      2034.00     0.355078
      2035.00     0.355710
      2036.00     0.356342
      2037.00     0.356254
      2038.00     0.356166
      2039.00     0.356077
      2040.00     0.355989
      2041.00     0.357580
      2042.00     0.359170
      2043.00     0.360761
      2044.00     0.362351
      2045.00     0.361921
      2046.00     0.361492
      2047.00     0.361062
      2048.00     0.360633
      2049.00     0.360500
      2050.00     0.360366
      2051.00     0.360233
      2052.00     0.360099
      2053.00     0.360464
      2054.00     0.360829
      2055.00     0.361194
      2056.00     0.361559
      2057.00     0.361381
      2058.00     0.361203
      2059.00     0.361025
      2060.00     0.360847
      2061.00     0.361408
      2062.00     0.361970
      2063.00     0.362531
      2064.00     0.363092
      2065.00     0.363092
      2066.00     0.363092
      2067.00     0.363092
      2068.00     0.363092
      2069.00     0.362267
      2070.00     0.361443
      2071.00     0.360618
      2072.00     0.359793
      2073.00     0.359702
      2074.00     0.359612
      2075.00     0.359522
      2076.00     0.359431
      2077.00     0.358884
      2078.00     0.358337
      2079.00     0.357790
      2080.00     0.356582
      2081.00     0.355479
      2082.00     0.355863
      2083.00     0.355391
      2084.00     0.355488
      2085.00     0.355413
      2086.00     0.355334
      2087.00     0.355360
      2088.00     0.355339
      2089.00     0.355294
      2090.00     0.355551
      2091.00     0.355691
      2092.00     0.355767
      2093.00     0.356073
      2094.00     0.356427
      2095.00     0.356640
      2096.00     0.356455
      2097.00     0.355776
      2098.00     0.355048
      2099.00     0.354917
      2100.00     0.355181
      2101.00     0.355497
      2102.00     0.355604
      2103.00     0.355184
      2104.00     0.354547
      2105.00     0.354336
      2106.00     0.354691
      2107.00     0.355287
      2108.00     0.355920
      2109.00     0.355936
      2110.00     0.355368
      2111.00     0.354541
      2112.00     0.353974
      2113.00     0.354251
      2114.00     0.355063
      2115.00     0.355646
      2116.00     0.355526
      2117.00     0.354877
      2118.00     0.354129
      2119.00     0.353434
      2120.00     0.353233
      2121.00     0.353449
      2122.00     0.353766
      2123.00     0.354043
      2124.00     0.354196
      2125.00     0.354214
      2126.00     0.353719
      2127.00     0.353180
      2128.00     0.353084
      2129.00     0.353163
      2130.00     0.353410
      2131.00     0.353624
      2132.00     0.353689
      2133.00     0.353433
      2134.00     0.353294
      2135.00     0.353415
      2136.00     0.353322
      2137.00     0.353161
      2138.00     0.353065
      2139.00     0.352851
      2140.00     0.352401
      2141.00     0.352294
      2142.00     0.352431
      2143.00     0.352302
      2144.00     0.352309
      2145.00     0.352295
      2146.00     0.352138
      2147.00     0.352158
      2148.00     0.352510
      2149.00     0.352691
      2150.00     0.352459
      2151.00     0.351981
      2152.00     0.351086
      2153.00     0.350340
      2154.00     0.349965
      2155.00     0.349910
      2156.00     0.349957
      2157.00     0.349856
      2158.00     0.349329
      2159.00     0.348785
      2160.00     0.348339
      2161.00     0.347897
      2162.00     0.347856
      2163.00     0.348088
      2164.00     0.348171
      2165.00     0.347735
      2166.00     0.347285
      2167.00     0.346945
      2168.00     0.346718
      2169.00     0.346898
      2170.00     0.347213
      2171.00     0.347364
      2172.00     0.347125
      2173.00     0.346424
      2174.00     0.345543
      2175.00     0.344921
      2176.00     0.344740
      2177.00     0.344784
      2178.00     0.344768
      2179.00     0.344489
      2180.00     0.343683
      2181.00     0.342555
      2182.00     0.341446
      2183.00     0.340822
      2184.00     0.340491
      2185.00     0.340129
      2186.00     0.339661
      2187.00     0.339136
      2188.00     0.338455
      2189.00     0.337769
      2190.00     0.337294
      2191.00     0.336905
      2192.00     0.336266
      2193.00     0.335531
      2194.00     0.334801
      2195.00     0.334189
      2196.00     0.333730
      2197.00     0.333308
      2198.00     0.332740
      2199.00     0.332183
      2200.00     0.331723
      2201.00     0.331540
      2202.00     0.331760
      2203.00     0.332224
      2204.00     0.332619
      2205.00     0.332548
      2206.00     0.332087
      2207.00     0.331564
      2208.00     0.331143
      2209.00     0.331085
      2210.00     0.331569
      2211.00     0.332666
      2212.00     0.334145
      2213.00     0.335535
      2214.00     0.336667
      2215.00     0.337648
      2216.00     0.338282
      2217.00     0.338686
      2218.00     0.339110
      2219.00     0.339772
      2220.00     0.340581
      2221.00     0.341360
      2222.00     0.342026
      2223.00     0.342716
      2224.00     0.343251
      2225.00     0.343410
      2226.00     0.343409
      2227.00     0.343525
      2228.00     0.343832
      2229.00     0.344074
      2230.00     0.344151
      2231.00     0.344056
      2232.00     0.343814
      2233.00     0.343417
      2234.00     0.342934
      2235.00     0.342469
      2236.00     0.342149
      2237.00     0.341872
      2238.00     0.341578
      2239.00     0.341383
      2240.00     0.341228
      2241.00     0.341016
      2242.00     0.340625
      2243.00     0.339971
      2244.00     0.339087
      2245.00     0.338047
      2246.00     0.337131
      2247.00     0.336352
      2248.00     0.335672
      2249.00     0.335192
      2250.00     0.334823
      2251.00     0.334540
      2252.00     0.334416
      2253.00     0.334140
      2254.00     0.333891
      2255.00     0.333661
      2256.00     0.333291
      2257.00     0.332940
      2258.00     0.332649
      2259.00     0.332469
      2260.00     0.332364
      2261.00     0.332344
      2262.00     0.332270
      2263.00     0.332127
      2264.00     0.331951
      2265.00     0.331582
      2266.00     0.331017
      2267.00     0.330423
      2268.00     0.329855
      2269.00     0.329390
      2270.00     0.329234
      2271.00     0.329296
      2272.00     0.329327
      2273.00     0.329348
      2274.00     0.329379
      2275.00     0.329203
      2276.00     0.328905
      2277.00     0.328626
      2278.00     0.328560
      2279.00     0.328490
      2280.00     0.328299
      2281.00     0.328128
      2282.00     0.328033
      2283.00     0.327768
      2284.00     0.327474
      2285.00     0.327135
      2286.00     0.326699
      2287.00     0.326168
      2288.00     0.325763
      2289.00     0.325382
      2290.00     0.325167
      2291.00     0.325018
      2292.00     0.324815
      2293.00     0.324571
      2294.00     0.324167
      2295.00     0.323739
      2296.00     0.323572
      2297.00     0.323432
      2298.00     0.323260
      2299.00     0.323061
      2300.00     0.322712
      2301.00     0.322140
      2302.00     0.321376
      2303.00     0.320690
      2304.00     0.320286
      2305.00     0.319900
      2306.00     0.319563
      2307.00     0.319458
      2308.00     0.319572
      2309.00     0.319649
      2310.00     0.319594
      2311.00     0.319533
      2312.00     0.319492
      2313.00     0.319353
      2314.00     0.319210
      2315.00     0.319169
      2316.00     0.319286
      2317.00     0.319368
      2318.00     0.319319
      2319.00     0.319191
      2320.00     0.318969
      2321.00     0.318551
      2322.00     0.317932
      2323.00     0.317332
      2324.00     0.316833
      2325.00     0.316469
      2326.00     0.316232
      2327.00     0.316078
      2328.00     0.315978
      2329.00     0.315707
      2330.00     0.315231
      2331.00     0.314738
      2332.00     0.314472
      2333.00     0.314395
      2334.00     0.314465
      2335.00     0.314431
      2336.00     0.314328
      2337.00     0.314209
      2338.00     0.313952
      2339.00     0.313477
      2340.00     0.312839
      2341.00     0.312173
      2342.00     0.311566
      2343.00     0.310973
      2344.00     0.310462
      2345.00     0.310279
      2346.00     0.310396
      2347.00     0.310527
      2348.00     0.310486
      2349.00     0.310400
      2350.00     0.310356
      2351.00     0.310141
      2352.00     0.309861
      2353.00     0.309739
      2354.00     0.309821
      2355.00     0.309997
      2356.00     0.310222
      2357.00     0.310497
      2358.00     0.310786
      2359.00     0.310974
      2360.00     0.310995
      2361.00     0.310915
      2362.00     0.310753
      2363.00     0.310531
      2364.00     0.310348
      2365.00     0.310207
      2366.00     0.310178
      2367.00     0.310209
      2368.00     0.310259
      2369.00     0.310357
      2370.00     0.310396
      2371.00     0.310284
      2372.00     0.310115
      2373.00     0.309959
      2374.00     0.309796
      2375.00     0.309607
      2376.00     0.309411
      2377.00     0.309140
      2378.00     0.308740
      2379.00     0.308230
      2380.00     0.307811
      2381.00     0.307520
      2382.00     0.307377
      2383.00     0.307362
      2384.00     0.307421
      2385.00     0.307462
      2386.00     0.307412
      2387.00     0.307285
      2388.00     0.307132
      2389.00     0.307018
      2390.00     0.306973
      2391.00     0.306909
      2392.00     0.306765
      2393.00     0.306566
      2394.00     0.306385
      2395.00     0.306224
      2396.00     0.306025
      2397.00     0.305782
      2398.00     0.305566
      2399.00     0.305309
      2400.00     0.304923
      2401.00     0.304515
      2402.00     0.304209
      2403.00     0.304023
      2404.00     0.303900
      2405.00     0.303778
      2406.00     0.303642
      2407.00     0.303483
      2408.00     0.303213
      2409.00     0.302834
      2410.00     0.302437
      2411.00     0.302019
      2412.00     0.301585
      2413.00     0.301157
      2414.00     0.300734
      2415.00     0.300349
      2416.00     0.300077
      2417.00     0.299930
      2418.00     0.299767
      2419.00     0.299483
      2420.00     0.299161
      2421.00     0.298837
      2422.00     0.298471
      2423.00     0.298032
      2424.00     0.297606
      2425.00     0.297278
      2426.00     0.296987
      2427.00     0.296576
      2428.00     0.296027
      2429.00     0.295489
      2430.00     0.295023
      2431.00     0.294575
      2432.00     0.294141
      2433.00     0.293757
      2434.00     0.293403
      2435.00     0.292990
      2436.00     0.292571
      2437.00     0.292126
      2438.00     0.291764
      2439.00     0.291448
      2440.00     0.291169
      2441.00     0.290924
      2442.00     0.290646
      2443.00     0.290280
      2444.00     0.289849
      2445.00     0.289509
      2446.00     0.289169
      2447.00     0.288846
      2448.00     0.288549
      2449.00     0.288238
      2450.00     0.287953
      2451.00     0.287765
      2452.00     0.287629
      2453.00     0.287429
      2454.00     0.287175
      2455.00     0.286894
      2456.00     0.286609
      2457.00     0.286317
      2458.00     0.285865
      2459.00     0.285302
      2460.00     0.284868
      2461.00     0.284649
      2462.00     0.284485
      2463.00     0.284239
      2464.00     0.283954
      2465.00     0.283679
      2466.00     0.283458
      2467.00     0.283100
      2468.00     0.282624
      2469.00     0.282162
      2470.00     0.281838
      2471.00     0.281630
      2472.00     0.281394
      2473.00     0.281194
      2474.00     0.281013
      2475.00     0.280876
      2476.00     0.280754
      2477.00     0.280571
      2478.00     0.280285
      2479.00     0.279902
      2480.00     0.279516
      2481.00     0.279170
      2482.00     0.278894
      2483.00     0.278654
      2484.00     0.278346
      2485.00     0.278141
      2486.00     0.277915
      2487.00     0.277579
      2488.00     0.277157
      2489.00     0.276735
      2490.00     0.276415
      2491.00     0.276216
      2492.00     0.276077
      2493.00     0.276000
      2494.00     0.276030
      2495.00     0.276170
      2496.00     0.276301
      2497.00     0.276201
      2498.00     0.275998
      2499.00     0.275761
      2500.00     0.275476
