      400.000    0.0287740
      401.000    0.0305070
      402.000    0.0300460
      403.000    0.0318880
      404.000    0.0318320
      405.000    0.0361950
      406.000    0.0361810
      407.000    0.0361540
      408.000    0.0374500
      409.000    0.0360980
      410.000    0.0373610
      411.000    0.0408000
      412.000    0.0408000
      413.000    0.0425350
      414.000    0.0438520
      415.000    0.0426220
      416.000    0.0441450
      417.000    0.0459340
      418.000    0.0459340
      419.000    0.0464500
      420.000    0.0466600
      421.000    0.0480520
      422.000    0.0515200
      423.000    0.0477010
      424.000    0.0522370
      425.000    0.0537920
      426.000    0.0581300
      427.000    0.0580170
      428.000    0.0596070
      429.000    0.0551590
      430.000    0.0579050
      431.000    0.0611280
      432.000    0.0609660
      433.000    0.0607230
      434.000    0.0637650
      435.000    0.0651680
      436.000    0.0638960
      437.000    0.0653460
      438.000    0.0673220
      439.000    0.0695330
      440.000    0.0728920
      441.000    0.0729980
      442.000    0.0751940
      443.000    0.0750860
      444.000    0.0762290
      445.000    0.0766270
      446.000    0.0778180
      447.000    0.0776470
      448.000    0.0779320
      449.000    0.0789170
      450.000    0.0797020
      451.000    0.0838610
      452.000    0.0851900
      453.000    0.0821470
      454.000    0.0848710
      455.000    0.0823330
      456.000    0.0846680
      457.000    0.0912710
      458.000    0.0903650
      459.000    0.0863050
      460.000    0.0921710
      461.000    0.0926530
      462.000    0.0905760
      463.000    0.0938900
      464.000    0.0952760
      465.000    0.0948270
      466.000    0.0960580
      467.000    0.0945290
      468.000    0.0975310
      469.000    0.0966640
      470.000     0.100773
      471.000     0.102490
      472.000     0.102326
      473.000     0.100376
      474.000     0.102081
      475.000     0.103635
      476.000     0.103469
      477.000     0.106452
      478.000     0.104527
      479.000     0.107667
      480.000     0.104278
      481.000     0.106083
      482.000     0.108969
      483.000     0.110182
      484.000     0.111331
      485.000     0.109563
      486.000     0.111975
      487.000     0.113539
      488.000     0.115033
      489.000     0.116048
      490.000     0.116048
      491.000     0.115955
      492.000     0.117810
      493.000     0.118094
      494.000     0.118379
      495.000     0.120306
      496.000     0.122799
      497.000     0.127341
      498.000     0.125668
      499.000     0.125668
      500.000     0.127367
      501.000     0.131642
      502.000     0.130945
      503.000     0.130945
      504.000     0.131718
      505.000     0.131303
      506.000     0.130890
      507.000     0.133927
      508.000     0.136928
      509.000     0.136122
      510.000     0.137201
      511.000     0.137953
      512.000     0.138846
      513.000     0.139459
      514.000     0.142413
      515.000     0.144540
      516.000     0.142222
      517.000     0.145373
      518.000     0.147229
      519.000     0.148401
      520.000     0.148170
      521.000     0.148864
      522.000     0.152379
      523.000     0.151908
      524.000     0.152957
      525.000     0.156370
      526.000     0.154121
      527.000     0.155283
      528.000     0.157604
      529.000     0.157243
      530.000     0.158088
      531.000     0.163690
      532.000     0.164336
      533.000     0.164462
      534.000     0.163219
      535.000     0.165910
      536.000     0.170620
      537.000     0.172343
      538.000     0.170148
      539.000     0.169761
      540.000     0.172328
      541.000     0.177178
      542.000     0.173844
      543.000     0.173844
      544.000     0.178112
      545.000     0.182214
      546.000     0.182629
      547.000     0.183214
      548.000     0.182407
      549.000     0.184709
      550.000     0.187286
      551.000     0.189450
      552.000     0.189743
      553.000     0.192992
      554.000     0.192708
      555.000     0.193408
      556.000     0.192701
      557.000     0.194673
      558.000     0.193834
      559.000     0.198132
      560.000     0.204970
      561.000     0.208323
      562.000     0.207466
      563.000     0.211258
      564.000     0.210463
      565.000     0.208684
      566.000     0.211091
      567.000     0.213812
      568.000     0.216737
      569.000     0.216737
      570.000     0.217710
      571.000     0.218199
      572.000     0.221061
      573.000     0.222248
      574.000     0.221970
      575.000     0.223153
      576.000     0.226486
      577.000     0.228159
      578.000     0.228421
      579.000     0.226659
      580.000     0.228792
      581.000     0.228445
      582.000     0.231792
      583.000     0.234268
      584.000     0.232759
      585.000     0.235694
      586.000     0.235950
      587.000     0.237712
      588.000     0.239266
      589.000     0.238966
      590.000     0.240363
      591.000     0.243278
      592.000     0.244059
      593.000     0.247156
      594.000     0.245440
      595.000     0.245863
      596.000     0.241312
      597.000     0.242317
      598.000     0.248496
      599.000     0.250385
      600.000     0.250775
      601.000     0.250047
      602.000     0.250424
      603.000     0.250433
      604.000     0.251170
      605.000     0.252080
      606.000     0.254084
      607.000     0.253364
      608.000     0.254456
      609.000     0.259905
      610.000     0.255363
      611.000     0.254813
      612.000     0.257169
      613.000     0.260658
      614.000     0.259586
      615.000     0.257212
      616.000     0.260150
      617.000     0.262000
      618.000     0.264432
      619.000     0.265915
      620.000     0.266302
      621.000     0.270572
      622.000     0.272567
      623.000     0.270606
      624.000     0.272945
      625.000     0.269559
      626.000     0.268670
      627.000     0.270217
      628.000     0.267502
      629.000     0.269748
      630.000     0.275050
      631.000     0.274654
      632.000     0.273185
      633.000     0.273185
      634.000     0.272408
      635.000     0.273771
      636.000     0.275243
      637.000     0.272900
      638.000     0.275339
      639.000     0.276717
      640.000     0.279190
      641.000     0.279792
      642.000     0.277796
      643.000     0.278392
      644.000     0.279190
      645.000     0.283912
      646.000     0.288827
      647.000     0.287753
      648.000     0.283472
      649.000     0.285713
      650.000     0.286322
      651.000     0.288416
      652.000     0.288164
      653.000     0.288211
      654.000     0.289282
      655.000     0.291143
      656.000     0.289952
      657.000     0.294105
      658.000     0.295819
      659.000     0.293604
      660.000     0.290005
      661.000     0.292458
      662.000     0.292932
      663.000     0.293788
      664.000     0.288288
      665.000     0.290974
      666.000     0.294751
      667.000     0.295166
      668.000     0.295789
      669.000     0.298138
      670.000     0.298389
      671.000     0.297951
      672.000     0.298348
      673.000     0.299417
      674.000     0.299643
      675.000     0.302893
      676.000     0.297327
      677.000     0.296705
      678.000     0.299659
      679.000     0.301129
      680.000     0.307829
      681.000     0.311199
      682.000     0.308602
      683.000     0.306874
      684.000     0.304951
      685.000     0.301994
      686.000     0.303046
      687.000     0.305376
      688.000     0.307064
      689.000     0.306425
      690.000     0.307278
      691.000     0.308978
      692.000     0.307706
      693.000     0.306935
      694.000     0.312172
      695.000     0.314981
      696.000     0.313010
      697.000     0.313483
      698.000     0.310760
      699.000     0.325005
      700.000     0.311983
      701.000     0.314299
      702.000     0.314730
      703.000     0.314299
      704.000     0.314416
      705.000     0.313348
      706.000     0.314474
      707.000     0.315934
      708.000     0.317130
      709.000     0.319614
      710.000     0.317940
      711.000     0.316402
      712.000     0.318588
      713.000     0.318588
      714.000     0.319397
      715.000     0.320421
      716.000     0.322014
      717.000     0.323120
      718.000     0.323998
      719.000     0.325684
      720.000     0.326486
      721.000     0.324280
      722.000     0.323843
      723.000     0.322972
      724.000     0.323992
      725.000     0.327042
      726.000     0.327683
      727.000     0.327683
      728.000     0.328565
      729.000     0.330244
      730.000     0.331135
      731.000     0.329601
      732.000     0.328717
      733.000     0.330840
      734.000     0.328630
      735.000     0.330966
      736.000     0.331855
      737.000     0.332525
      738.000     0.338012
      739.000     0.334107
      740.000     0.335569
      741.000     0.335120
      742.000     0.333213
      743.000     0.331880
      744.000     0.335233
      745.000     0.334232
      746.000     0.333788
      747.000     0.335457
      748.000     0.336297
      749.000     0.335740
      750.000     0.337075
      751.000     0.339937
      752.000     0.338581
      753.000     0.338458
      754.000     0.337631
      755.000     0.339651
      756.000     0.341109
      757.000     0.339980
      758.000     0.339474
      759.000     0.338633
      760.000     0.343847
      761.000     0.344842
      762.000     0.344301
      763.000     0.342306
      764.000     0.347328
      765.000     0.344439
      766.000     0.342031
      767.000     0.343352
      768.000     0.342812
      769.000     0.345296
      770.000     0.347123
      771.000     0.346894
      772.000     0.347892
      773.000     0.349883
      774.000     0.348504
      775.000     0.346334
      776.000     0.349037
      777.000     0.345430
      778.000     0.345743
      779.000     0.346280
      780.000     0.350554
      781.000     0.351870
      782.000     0.346872
      783.000     0.348169
      784.000     0.353349
      785.000     0.355207
      786.000     0.354275
      787.000     0.354508
      788.000     0.350676
      789.000     0.348088
      790.000     0.352104
      791.000     0.350213
      792.000     0.350218
      793.000     0.353812
      794.000     0.351358
      795.000     0.353645
      796.000     0.353645
      797.000     0.353037
      798.000     0.355111
      799.000     0.355079
      800.000     0.355120
      801.000     0.354990
      802.000     0.354860
      803.000     0.354730
      804.000     0.354600
      805.000     0.354348
      806.000     0.354097
      807.000     0.353846
      808.000     0.353594
      809.000     0.354275
      810.000     0.354955
      811.000     0.355635
      812.000     0.356316
      813.000     0.356647
      814.000     0.356977
      815.000     0.357307
      816.000     0.357638
      817.000     0.357370
      818.000     0.357103
      819.000     0.356835
      820.000     0.356568
      821.000     0.356206
      822.000     0.355844
      823.000     0.355482
      824.000     0.355120
      825.000     0.354595
      826.000     0.354070
      827.000     0.353545
      828.000     0.353020
      829.000     0.353578
      830.000     0.354137
      831.000     0.354695
      832.000     0.355254
      833.000     0.355693
      834.000     0.356131
      835.000     0.356570
      836.000     0.357009
      837.000     0.356767
      838.000     0.356526
      839.000     0.356284
      840.000     0.356042
      841.000     0.357362
      842.000     0.358683
      843.000     0.360003
      844.000     0.361323
      845.000     0.360560
      846.000     0.359796
      847.000     0.359033
      848.000     0.358270
      849.000     0.358215
      850.000     0.358160
      851.000     0.358105
      852.000     0.358050
      853.000     0.357589
      854.000     0.357127
      855.000     0.356666
      856.000     0.356205
      857.000     0.356097
      858.000     0.355990
      859.000     0.355882
      860.000     0.355774
      861.000     0.355428
      862.000     0.355081
      863.000     0.354735
      864.000     0.354389
      865.000     0.354784
      866.000     0.355180
      867.000     0.355576
      868.000     0.355971
      869.000     0.356359
      870.000     0.356747
      871.000     0.357135
      872.000     0.357523
      873.000     0.357716
      874.000     0.357910
      875.000     0.358103
      876.000     0.358296
      877.000     0.357570
      878.000     0.356844
      879.000     0.356117
      880.000     0.355391
      881.000     0.355936
      882.000     0.356480
      883.000     0.357024
      884.000     0.357569
      885.000     0.358144
      886.000     0.358719
      887.000     0.359293
      888.000     0.359868
      889.000     0.359546
      890.000     0.359223
      891.000     0.358900
      892.000     0.358578
      893.000     0.358612
      894.000     0.358645
      895.000     0.358679
      896.000     0.358713
      897.000     0.359197
      898.000     0.359682
      899.000     0.360167
      900.000     0.360651
      901.000     0.360629
      902.000     0.360606
      903.000     0.360583
      904.000     0.360561
      905.000     0.360720
      906.000     0.360878
      907.000     0.361037
      908.000     0.361196
      909.000     0.361414
      910.000     0.361632
      911.000     0.361851
      912.000     0.362069
      913.000     0.362016
      914.000     0.361964
      915.000     0.361911
      916.000     0.361858
      917.000     0.361805
      918.000     0.361752
      919.000     0.361699
      920.000     0.361646
      921.000     0.361542
      922.000     0.361437
      923.000     0.361333
      924.000     0.361229
      925.000     0.361362
      926.000     0.361496
      927.000     0.361629
      928.000     0.361763
      929.000     0.361869
      930.000     0.361975
      931.000     0.362080
      932.000     0.362186
      933.000     0.362828
      934.000     0.363470
      935.000     0.364111
      936.000     0.364753
      937.000     0.364859
      938.000     0.364966
      939.000     0.365072
      940.000     0.365179
      941.000     0.364913
      942.000     0.364648
      943.000     0.364383
      944.000     0.364117
      945.000     0.364971
      946.000     0.365824
      947.000     0.366678
      948.000     0.367531
      949.000     0.367904
      950.000     0.368277
      951.000     0.368650
      952.000     0.369023
      953.000     0.369370
      954.000     0.369718
      955.000     0.370065
      956.000     0.370412
      957.000     0.370250
      958.000     0.370089
      959.000     0.369927
      960.000     0.369766
      961.000     0.369609
      962.000     0.369451
      963.000     0.369294
      964.000     0.369137
      965.000     0.369323
      966.000     0.369509
      967.000     0.369694
      968.000     0.369880
      969.000     0.369958
      970.000     0.370037
      971.000     0.370116
      972.000     0.370194
      973.000     0.370563
      974.000     0.370933
      975.000     0.371302
      976.000     0.371671
      977.000     0.371855
      978.000     0.372039
      979.000     0.372223
      980.000     0.372407
      981.000     0.372407
      982.000     0.372407
      983.000     0.372407
      984.000     0.372407
      985.000     0.373482
      986.000     0.374557
      987.000     0.375632
      988.000     0.376707
      989.000     0.376120
      990.000     0.375533
      991.000     0.374945
      992.000     0.374358
      993.000     0.375216
      994.000     0.376073
      995.000     0.376931
      996.000     0.377788
      997.000     0.377518
      998.000     0.377248
      999.000     0.376977
      1000.00     0.376707
      1001.00     0.377613
      1002.00     0.378519
      1003.00     0.379424
      1004.00     0.380330
      1005.00     0.379694
      1006.00     0.379059
      1007.00     0.378423
      1008.00     0.377788
      1009.00     0.378315
      1010.00     0.378841
      1011.00     0.379368
      1012.00     0.379894
      1013.00     0.379387
      1014.00     0.378879
      1015.00     0.378372
      1016.00     0.377865
      1017.00     0.377992
      1018.00     0.378119
      1019.00     0.378247
      1020.00     0.378374
      1021.00     0.378482
      1022.00     0.378590
      1023.00     0.378699
      1024.00     0.378807
      1025.00     0.379023
      1026.00     0.379240
      1027.00     0.379456
      1028.00     0.379673
      1029.00     0.379189
      1030.00     0.378706
      1031.00     0.378222
      1032.00     0.377738
      1033.00     0.378042
      1034.00     0.378346
      1035.00     0.378650
      1036.00     0.378954
      1037.00     0.380175
      1038.00     0.381396
      1039.00     0.382617
      1040.00     0.383838
      1041.00     0.385980
      1042.00     0.388121
      1043.00     0.390263
      1044.00     0.392405
      1045.00     0.391667
      1046.00     0.390929
      1047.00     0.390190
      1048.00     0.389452
      1049.00     0.387800
      1050.00     0.386149
      1051.00     0.384497
      1052.00     0.382845
      1053.00     0.382698
      1054.00     0.382550
      1055.00     0.382402
      1056.00     0.382255
      1057.00     0.382490
      1058.00     0.382724
      1059.00     0.382959
      1060.00     0.383193
      1061.00     0.383832
      1062.00     0.384471
      1063.00     0.385109
      1064.00     0.385748
      1065.00     0.385926
      1066.00     0.386104
      1067.00     0.386281
      1068.00     0.386459
      1069.00     0.386745
      1070.00     0.387031
      1071.00     0.387317
      1072.00     0.387603
      1073.00     0.387895
      1074.00     0.388187
      1075.00     0.388479
      1076.00     0.388771
      1077.00     0.387434
      1078.00     0.386096
      1079.00     0.384758
      1080.00     0.383421
      1081.00     0.384873
      1082.00     0.386325
      1083.00     0.387778
      1084.00     0.389230
      1085.00     0.389791
      1086.00     0.390353
      1087.00     0.390914
      1088.00     0.391476
      1089.00     0.391698
      1090.00     0.391919
      1091.00     0.392141
      1092.00     0.392363
      1093.00     0.392525
      1094.00     0.392686
      1095.00     0.392848
      1096.00     0.393009
      1097.00     0.393643
      1098.00     0.394278
      1099.00     0.394913
      1100.00     0.395547
      1101.00     0.395675
      1102.00     0.395802
      1103.00     0.395930
      1104.00     0.396058
      1105.00     0.395725
      1106.00     0.395391
      1107.00     0.395058
      1108.00     0.394725
      1109.00     0.393256
      1110.00     0.391787
      1111.00     0.390319
      1112.00     0.388850
      1113.00     0.389178
      1114.00     0.389507
      1115.00     0.389835
      1116.00     0.390164
      1117.00     0.391354
      1118.00     0.392543
      1119.00     0.393733
      1120.00     0.394923
      1121.00     0.395602
      1122.00     0.396282
      1123.00     0.396962
      1124.00     0.397641
      1125.00     0.396498
      1126.00     0.395355
      1127.00     0.394211
      1128.00     0.393068
      1129.00     0.391840
      1130.00     0.390611
      1131.00     0.389383
      1132.00     0.388155
      1133.00     0.389791
      1134.00     0.391428
      1135.00     0.393064
      1136.00     0.394701
      1137.00     0.395436
      1138.00     0.396171
      1139.00     0.396906
      1140.00     0.397641
      1141.00     0.397757
      1142.00     0.397873
      1143.00     0.397988
      1144.00     0.398104
      1145.00     0.398538
      1146.00     0.398973
      1147.00     0.399408
      1148.00     0.399842
      1149.00     0.399846
      1150.00     0.399851
      1151.00     0.399855
      1152.00     0.399860
      1153.00     0.399807
      1154.00     0.399754
      1155.00     0.399701
      1156.00     0.399648
      1157.00     0.399929
      1158.00     0.400210
      1159.00     0.400491
      1160.00     0.400772
      1161.00     0.400742
      1162.00     0.400711
      1163.00     0.400680
      1164.00     0.400650
      1165.00     0.401125
      1166.00     0.401600
      1167.00     0.402075
      1168.00     0.402550
      1169.00     0.402383
      1170.00     0.402216
      1171.00     0.402050
      1172.00     0.401883
      1173.00     0.401772
      1174.00     0.401662
      1175.00     0.401551
      1176.00     0.401440
      1177.00     0.401829
      1178.00     0.402218
      1179.00     0.402606
      1180.00     0.402995
      1181.00     0.403416
      1182.00     0.403837
      1183.00     0.404258
      1184.00     0.404679
      1185.00     0.404735
      1186.00     0.404791
      1187.00     0.404848
      1188.00     0.404904
      1189.00     0.405186
      1190.00     0.405468
      1191.00     0.405750
      1192.00     0.406032
      1193.00     0.406704
      1194.00     0.407375
      1195.00     0.408046
      1196.00     0.408718
      1197.00     0.408775
      1198.00     0.408832
      1199.00     0.408889
      1200.00     0.408946
      1201.00     0.409908
      1202.00     0.410869
      1203.00     0.411831
      1204.00     0.412792
      1205.00     0.412389
      1206.00     0.411987
      1207.00     0.411584
      1208.00     0.411181
      1209.00     0.411797
      1210.00     0.412414
      1211.00     0.413030
      1212.00     0.413646
      1213.00     0.414776
      1214.00     0.415906
      1215.00     0.417036
      1216.00     0.418166
      1217.00     0.417875
      1218.00     0.417584
      1219.00     0.417292
      1220.00     0.417001
      1221.00     0.416885
      1222.00     0.416768
      1223.00     0.416652
      1224.00     0.416536
      1225.00     0.417056
      1226.00     0.417576
      1227.00     0.418097
      1228.00     0.418617
      1229.00     0.419488
      1230.00     0.420359
      1231.00     0.421230
      1232.00     0.422101
      1233.00     0.422144
      1234.00     0.422188
      1235.00     0.422231
      1236.00     0.422274
      1237.00     0.422436
      1238.00     0.422598
      1239.00     0.422759
      1240.00     0.422921
      1241.00     0.422523
      1242.00     0.422124
      1243.00     0.421726
      1244.00     0.421327
      1245.00     0.421032
      1246.00     0.420738
      1247.00     0.420443
      1248.00     0.420148
      1249.00     0.420749
      1250.00     0.421350
      1251.00     0.421951
      1252.00     0.422552
      1253.00     0.422316
      1254.00     0.422081
      1255.00     0.421845
      1256.00     0.421610
      1257.00     0.421493
      1258.00     0.421376
      1259.00     0.421258
      1260.00     0.421141
      1261.00     0.421553
      1262.00     0.421965
      1263.00     0.422376
      1264.00     0.422788
      1265.00     0.424157
      1266.00     0.425526
      1267.00     0.426895
      1268.00     0.428264
      1269.00     0.428704
      1270.00     0.429145
      1271.00     0.429585
      1272.00     0.430025
      1273.00     0.430068
      1274.00     0.430112
      1275.00     0.430156
      1276.00     0.430199
      1277.00     0.430127
      1278.00     0.430055
      1279.00     0.429984
      1280.00     0.429912
      1281.00     0.429630
      1282.00     0.429348
      1283.00     0.429066
      1284.00     0.428784
      1285.00     0.429230
      1286.00     0.429676
      1287.00     0.430123
      1288.00     0.430569
      1289.00     0.431069
      1290.00     0.431570
      1291.00     0.432070
      1292.00     0.432571
      1293.00     0.432488
      1294.00     0.432405
      1295.00     0.432323
      1296.00     0.432240
      1297.00     0.431923
      1298.00     0.431605
      1299.00     0.431288
      1300.00     0.430971
      1301.00     0.430854
      1302.00     0.430737
      1303.00     0.430620
      1304.00     0.430503
      1305.00     0.431064
      1306.00     0.431626
      1307.00     0.432187
      1308.00     0.432749
      1309.00     0.433053
      1310.00     0.433357
      1311.00     0.433661
      1312.00     0.433965
      1313.00     0.433705
      1314.00     0.433444
      1315.00     0.433184
      1316.00     0.432924
      1317.00     0.432136
      1318.00     0.431348
      1319.00     0.430560
      1320.00     0.429772
      1321.00     0.429658
      1322.00     0.429545
      1323.00     0.429431
      1324.00     0.429317
      1325.00     0.429931
      1326.00     0.430545
      1327.00     0.431159
      1328.00     0.431773
      1329.00     0.432217
      1330.00     0.432661
      1331.00     0.433104
      1332.00     0.433548
      1333.00     0.433817
      1334.00     0.434085
      1335.00     0.434354
      1336.00     0.434623
      1337.00     0.435134
      1338.00     0.435645
      1339.00     0.436156
      1340.00     0.436667
      1341.00     0.437651
      1342.00     0.438635
      1343.00     0.439618
      1344.00     0.440602
      1345.00     0.439913
      1346.00     0.439224
      1347.00     0.438536
      1348.00     0.437847
      1349.00     0.436527
      1350.00     0.435207
      1351.00     0.433888
      1352.00     0.432568
      1353.00     0.431810
      1354.00     0.431051
      1355.00     0.430293
      1356.00     0.429535
      1357.00     0.430728
      1358.00     0.431920
      1359.00     0.433113
      1360.00     0.434305
      1361.00     0.434888
      1362.00     0.435471
      1363.00     0.436053
      1364.00     0.436636
      1365.00     0.436297
      1366.00     0.435957
      1367.00     0.435618
      1368.00     0.435279
      1369.00     0.434294
      1370.00     0.433309
      1371.00     0.432325
      1372.00     0.431340
      1373.00     0.430019
      1374.00     0.428697
      1375.00     0.427376
      1376.00     0.426055
      1377.00     0.425428
      1378.00     0.424800
      1379.00     0.424173
      1380.00     0.423546
      1381.00     0.422927
      1382.00     0.422309
      1383.00     0.421690
      1384.00     0.421071
      1385.00     0.420011
      1386.00     0.418951
      1387.00     0.417891
      1388.00     0.416831
      1389.00     0.416571
      1390.00     0.416312
      1391.00     0.416052
      1392.00     0.415792
      1393.00     0.414833
      1394.00     0.413873
      1395.00     0.412914
      1396.00     0.411954
      1397.00     0.410560
      1398.00     0.409166
      1399.00     0.407771
      1400.00     0.406377
      1401.00     0.407035
      1402.00     0.407692
      1403.00     0.408350
      1404.00     0.409008
      1405.00     0.410492
      1406.00     0.411976
      1407.00     0.413460
      1408.00     0.414944
      1409.00     0.416384
      1410.00     0.417825
      1411.00     0.419265
      1412.00     0.420705
      1413.00     0.422133
      1414.00     0.423562
      1415.00     0.424990
      1416.00     0.426418
      1417.00     0.427182
      1418.00     0.427945
      1419.00     0.428709
      1420.00     0.429473
      1421.00     0.430356
      1422.00     0.431238
      1423.00     0.432121
      1424.00     0.433003
      1425.00     0.433297
      1426.00     0.433591
      1427.00     0.433886
      1428.00     0.434180
      1429.00     0.434508
      1430.00     0.434837
      1431.00     0.435165
      1432.00     0.435493
      1433.00     0.436210
      1434.00     0.436926
      1435.00     0.437643
      1436.00     0.438360
      1437.00     0.438570
      1438.00     0.438779
      1439.00     0.438989
      1440.00     0.439199
      1441.00     0.439647
      1442.00     0.440095
      1443.00     0.440544
      1444.00     0.440992
      1445.00     0.441009
      1446.00     0.441027
      1447.00     0.441044
      1448.00     0.441061
      1449.00     0.440420
      1450.00     0.439779
      1451.00     0.439137
      1452.00     0.438496
      1453.00     0.438881
      1454.00     0.439266
      1455.00     0.439651
      1456.00     0.440036
      1457.00     0.440479
      1458.00     0.440922
      1459.00     0.441365
      1460.00     0.441808
      1461.00     0.441958
      1462.00     0.442109
      1463.00     0.442259
      1464.00     0.442409
      1465.00     0.442557
      1466.00     0.442704
      1467.00     0.442851
      1468.00     0.442999
      1469.00     0.442999
      1470.00     0.442999
      1471.00     0.442999
      1472.00     0.442999
      1473.00     0.443403
      1474.00     0.443808
      1475.00     0.444212
      1476.00     0.444616
      1477.00     0.444556
      1478.00     0.444496
      1479.00     0.444436
      1480.00     0.444376
      1481.00     0.444478
      1482.00     0.444580
      1483.00     0.444682
      1484.00     0.444784
      1485.00     0.445371
      1486.00     0.445958
      1487.00     0.446546
      1488.00     0.447133
      1489.00     0.446611
      1490.00     0.446090
      1491.00     0.445569
      1492.00     0.445047
      1493.00     0.445517
      1494.00     0.445987
      1495.00     0.446458
      1496.00     0.446928
      1497.00     0.447806
      1498.00     0.448684
      1499.00     0.449562
      1500.00     0.450440
      1501.00     0.450337
      1502.00     0.450235
      1503.00     0.450132
      1504.00     0.450030
      1505.00     0.450078
      1506.00     0.450126
      1507.00     0.450174
      1508.00     0.450222
      1509.00     0.450741
      1510.00     0.451261
      1511.00     0.451780
      1512.00     0.452299
      1513.00     0.452806
      1514.00     0.453312
      1515.00     0.453819
      1516.00     0.454326
      1517.00     0.454347
      1518.00     0.454368
      1519.00     0.454390
      1520.00     0.454411
      1521.00     0.453905
      1522.00     0.453399
      1523.00     0.452894
      1524.00     0.452388
      1525.00     0.452245
      1526.00     0.452102
      1527.00     0.451959
      1528.00     0.451816
      1529.00     0.452096
      1530.00     0.452376
      1531.00     0.452656
      1532.00     0.452936
      1533.00     0.453307
      1534.00     0.453677
      1535.00     0.454048
      1536.00     0.454419
      1537.00     0.455983
      1538.00     0.457547
      1539.00     0.459112
      1540.00     0.460676
      1541.00     0.460002
      1542.00     0.459329
      1543.00     0.458655
      1544.00     0.457981
      1545.00     0.457294
      1546.00     0.456607
      1547.00     0.455919
      1548.00     0.455232
      1549.00     0.454970
      1550.00     0.454708
      1551.00     0.454445
      1552.00     0.454183
      1553.00     0.454304
      1554.00     0.454424
      1555.00     0.454545
      1556.00     0.454665
      1557.00     0.454847
      1558.00     0.455028
      1559.00     0.455210
      1560.00     0.455391
      1561.00     0.454542
      1562.00     0.453694
      1563.00     0.452845
      1564.00     0.451996
      1565.00     0.453088
      1566.00     0.454179
      1567.00     0.455270
      1568.00     0.456362
      1569.00     0.457072
      1570.00     0.457783
      1571.00     0.458493
      1572.00     0.459203
      1573.00     0.459184
      1574.00     0.459165
      1575.00     0.459146
      1576.00     0.459127
      1577.00     0.459391
      1578.00     0.459655
      1579.00     0.459920
      1580.00     0.460184
      1581.00     0.460730
      1582.00     0.461276
      1583.00     0.461822
      1584.00     0.462368
      1585.00     0.461614
      1586.00     0.460860
      1587.00     0.460107
      1588.00     0.459353
      1589.00     0.458988
      1590.00     0.458623
      1591.00     0.458258
      1592.00     0.457893
      1593.00     0.458075
      1594.00     0.458257
      1595.00     0.458440
      1596.00     0.458622
      1597.00     0.459173
      1598.00     0.459724
      1599.00     0.460274
      1600.00     0.460825
      1601.00     0.460658
      1602.00     0.460491
      1603.00     0.460325
      1604.00     0.460158
      1605.00     0.461403
      1606.00     0.462649
      1607.00     0.463894
      1608.00     0.465140
      1609.00     0.465463
      1610.00     0.465786
      1611.00     0.466110
      1612.00     0.466433
      1613.00     0.465397
      1614.00     0.464361
      1615.00     0.463326
      1616.00     0.462290
      1617.00     0.462771
      1618.00     0.463252
      1619.00     0.463734
      1620.00     0.464215
      1621.00     0.464599
      1622.00     0.464982
      1623.00     0.465366
      1624.00     0.465749
      1625.00     0.465796
      1626.00     0.465843
      1627.00     0.465891
      1628.00     0.465938
      1629.00     0.466186
      1630.00     0.466433
      1631.00     0.466680
      1632.00     0.466928
      1633.00     0.466257
      1634.00     0.465586
      1635.00     0.464916
      1636.00     0.464245
      1637.00     0.464691
      1638.00     0.465137
      1639.00     0.465584
      1640.00     0.466030
      1641.00     0.465584
      1642.00     0.465137
      1643.00     0.464691
      1644.00     0.464245
      1645.00     0.464929
      1646.00     0.465614
      1647.00     0.466298
      1648.00     0.466983
      1649.00     0.466376
      1650.00     0.465769
      1651.00     0.465162
      1652.00     0.464555
      1653.00     0.464868
      1654.00     0.465180
      1655.00     0.465493
      1656.00     0.465805
      1657.00     0.465264
      1658.00     0.464724
      1659.00     0.464183
      1660.00     0.463642
      1661.00     0.465607
      1662.00     0.467573
      1663.00     0.469538
      1664.00     0.471504
      1665.00     0.471222
      1666.00     0.470940
      1667.00     0.470659
      1668.00     0.470377
      1669.00     0.470253
      1670.00     0.470130
      1671.00     0.470006
      1672.00     0.469883
      1673.00     0.469636
      1674.00     0.469390
      1675.00     0.469144
      1676.00     0.468897
      1677.00     0.469416
      1678.00     0.469935
      1679.00     0.470454
      1680.00     0.470973
      1681.00     0.470486
      1682.00     0.469999
      1683.00     0.469513
      1684.00     0.469026
      1685.00     0.468871
      1686.00     0.468716
      1687.00     0.468561
      1688.00     0.468406
      1689.00     0.469068
      1690.00     0.469729
      1691.00     0.470391
      1692.00     0.471053
      1693.00     0.470744
      1694.00     0.470435
      1695.00     0.470125
      1696.00     0.469816
      1697.00     0.469749
      1698.00     0.469683
      1699.00     0.469616
      1700.00     0.469549
      1701.00     0.469807
      1702.00     0.470066
      1703.00     0.470324
      1704.00     0.470582
      1705.00     0.471167
      1706.00     0.471752
      1707.00     0.472337
      1708.00     0.472922
      1709.00     0.472725
      1710.00     0.472528
      1711.00     0.472332
      1712.00     0.472135
      1713.00     0.471537
      1714.00     0.470939
      1715.00     0.470340
      1716.00     0.469742
      1717.00     0.469934
      1718.00     0.470126
      1719.00     0.470318
      1720.00     0.470510
      1721.00     0.470747
      1722.00     0.470984
      1723.00     0.471221
      1724.00     0.471458
      1725.00     0.470989
      1726.00     0.470520
      1727.00     0.470051
      1728.00     0.469582
      1729.00     0.470012
      1730.00     0.470441
      1731.00     0.470871
      1732.00     0.471301
      1733.00     0.471830
      1734.00     0.472360
      1735.00     0.472890
      1736.00     0.473419
      1737.00     0.473813
      1738.00     0.474207
      1739.00     0.474600
      1740.00     0.474994
      1741.00     0.474199
      1742.00     0.473404
      1743.00     0.472608
      1744.00     0.471813
      1745.00     0.471616
      1746.00     0.471418
      1747.00     0.471221
      1748.00     0.471024
      1749.00     0.471135
      1750.00     0.471246
      1751.00     0.471357
      1752.00     0.471468
      1753.00     0.470996
      1754.00     0.470525
      1755.00     0.470053
      1756.00     0.469582
      1757.00     0.470447
      1758.00     0.471313
      1759.00     0.472179
      1760.00     0.473044
      1761.00     0.473377
      1762.00     0.473710
      1763.00     0.474044
      1764.00     0.474377
      1765.00     0.473847
      1766.00     0.473318
      1767.00     0.472788
      1768.00     0.472259
      1769.00     0.473255
      1770.00     0.474251
      1771.00     0.475247
      1772.00     0.476243
      1773.00     0.476243
      1774.00     0.476243
      1775.00     0.476243
      1776.00     0.476243
      1777.00     0.475642
      1778.00     0.475041
      1779.00     0.474440
      1780.00     0.473839
      1781.00     0.473653
      1782.00     0.473467
      1783.00     0.473282
      1784.00     0.473096
      1785.00     0.473829
      1786.00     0.474563
      1787.00     0.475296
      1788.00     0.476029
      1789.00     0.476234
      1790.00     0.476439
      1791.00     0.476644
      1792.00     0.476849
      1793.00     0.476609
      1794.00     0.476368
      1795.00     0.476128
      1796.00     0.475888
      1797.00     0.475755
      1798.00     0.475621
      1799.00     0.475488
      1800.00     0.475355
      1801.00     0.475612
      1802.00     0.475870
      1803.00     0.476128
      1804.00     0.476385
      1805.00     0.476360
      1806.00     0.476335
      1807.00     0.476309
      1808.00     0.476284
      1809.00     0.476559
      1810.00     0.476833
      1811.00     0.477107
      1812.00     0.477382
      1813.00     0.477444
      1814.00     0.477507
      1815.00     0.477569
      1816.00     0.477632
      1817.00     0.477773
      1818.00     0.477913
      1819.00     0.478054
      1820.00     0.478195
      1821.00     0.477494
      1822.00     0.476793
      1823.00     0.476093
      1824.00     0.475392
      1825.00     0.475364
      1826.00     0.475336
      1827.00     0.475308
      1828.00     0.475280
      1829.00     0.475160
      1830.00     0.475040
      1831.00     0.474920
      1832.00     0.474800
      1833.00     0.475183
      1834.00     0.475565
      1835.00     0.475948
      1836.00     0.476331
      1837.00     0.476871
      1838.00     0.477412
      1839.00     0.477953
      1840.00     0.478493
      1841.00     0.478433
      1842.00     0.478374
      1843.00     0.478315
      1844.00     0.478255
      1845.00     0.478153
      1846.00     0.478052
      1847.00     0.477951
      1848.00     0.477849
      1849.00     0.476572
      1850.00     0.475295
      1851.00     0.474019
      1852.00     0.472742
      1853.00     0.473148
      1854.00     0.473553
      1855.00     0.473958
      1856.00     0.474364
      1857.00     0.474066
      1858.00     0.473768
      1859.00     0.473469
      1860.00     0.473171
      1861.00     0.472321
      1862.00     0.471471
      1863.00     0.470620
      1864.00     0.469770
      1865.00     0.468630
      1866.00     0.467491
      1867.00     0.466352
      1868.00     0.465212
      1869.00     0.463809
      1870.00     0.462406
      1871.00     0.461003
      1872.00     0.459600
      1873.00     0.458350
      1874.00     0.457100
      1875.00     0.455850
      1876.00     0.454600
      1877.00     0.452892
      1878.00     0.451185
      1879.00     0.449477
      1880.00     0.447769
      1881.00     0.445958
      1882.00     0.444147
      1883.00     0.442336
      1884.00     0.440525
      1885.00     0.437817
      1886.00     0.435108
      1887.00     0.432400
      1888.00     0.429691
      1889.00     0.427512
      1890.00     0.425333
      1891.00     0.423154
      1892.00     0.420975
      1893.00     0.417818
      1894.00     0.414660
      1895.00     0.411502
      1896.00     0.408345
      1897.00     0.407248
      1898.00     0.406150
      1899.00     0.405053
      1900.00     0.403956
      1901.00     0.403788
      1902.00     0.403620
      1903.00     0.403453
      1904.00     0.403285
      1905.00     0.403339
      1906.00     0.403394
      1907.00     0.403448
      1908.00     0.403502
      1909.00     0.403930
      1910.00     0.404357
      1911.00     0.404785
      1912.00     0.405212
      1913.00     0.405474
      1914.00     0.405735
      1915.00     0.405997
      1916.00     0.406259
      1917.00     0.407019
      1918.00     0.407780
      1919.00     0.408540
      1920.00     0.409301
      1921.00     0.409837
      1922.00     0.410372
      1923.00     0.410908
      1924.00     0.411444
      1925.00     0.412895
      1926.00     0.414346
      1927.00     0.415796
      1928.00     0.417247
      1929.00     0.417173
      1930.00     0.417099
      1931.00     0.417025
      1932.00     0.416951
      1933.00     0.417194
      1934.00     0.417438
      1935.00     0.417682
      1936.00     0.417925
      1937.00     0.418500
      1938.00     0.419075
      1939.00     0.419650
      1940.00     0.420225
      1941.00     0.420749
      1942.00     0.421273
      1943.00     0.421798
      1944.00     0.422322
      1945.00     0.423510
      1946.00     0.424697
      1947.00     0.425885
      1948.00     0.427073
      1949.00     0.426896
      1950.00     0.426719
      1951.00     0.426542
      1952.00     0.426365
      1953.00     0.427057
      1954.00     0.427750
      1955.00     0.428442
      1956.00     0.429134
      1957.00     0.429885
      1958.00     0.430636
      1959.00     0.431388
      1960.00     0.432139
      1961.00     0.432171
      1962.00     0.432204
      1963.00     0.432236
      1964.00     0.432268
      1965.00     0.432801
      1966.00     0.433335
      1967.00     0.433869
      1968.00     0.434402
      1969.00     0.435023
      1970.00     0.435643
      1971.00     0.436264
      1972.00     0.436884
      1973.00     0.436828
      1974.00     0.436771
      1975.00     0.436715
      1976.00     0.436658
      1977.00     0.437645
      1978.00     0.438633
      1979.00     0.439620
      1980.00     0.440608
      1981.00     0.441119
      1982.00     0.441630
      1983.00     0.442142
      1984.00     0.442653
      1985.00     0.443272
      1986.00     0.443891
      1987.00     0.444509
      1988.00     0.445128
      1989.00     0.445063
      1990.00     0.444997
      1991.00     0.444932
      1992.00     0.444867
      1993.00     0.445717
      1994.00     0.446566
      1995.00     0.447415
      1996.00     0.448265
      1997.00     0.449183
      1998.00     0.450100
      1999.00     0.451018
      2000.00     0.451936
      2001.00     0.452112
      2002.00     0.452289
      2003.00     0.452465
      2004.00     0.452641
      2005.00     0.452134
      2006.00     0.451628
      2007.00     0.451121
      2008.00     0.450615
      2009.00     0.450867
      2010.00     0.451118
      2011.00     0.451369
      2012.00     0.451621
      2013.00     0.452514
      2014.00     0.453407
      2015.00     0.454301
      2016.00     0.455194
      2017.00     0.455347
      2018.00     0.455500
      2019.00     0.455653
      2020.00     0.455806
      2021.00     0.456249
      2022.00     0.456692
      2023.00     0.457134
      2024.00     0.457577
      2025.00     0.458845
      2026.00     0.460112
      2027.00     0.461379
      2028.00     0.462647
      2029.00     0.463102
      2030.00     0.463557
      2031.00     0.464012
      2032.00     0.464467
      2033.00     0.463330
      2034.00     0.462193
      2035.00     0.461056
      2036.00     0.459919
      2037.00     0.461070
      2038.00     0.462221
      2039.00     0.463372
      2040.00     0.464523
      2041.00     0.464274
      2042.00     0.464025
      2043.00     0.463776
      2044.00     0.463527
      2045.00     0.462611
      2046.00     0.461695
      2047.00     0.460780
      2048.00     0.459864
      2049.00     0.460706
      2050.00     0.461547
      2051.00     0.462389
      2052.00     0.463231
      2053.00     0.463771
      2054.00     0.464311
      2055.00     0.464850
      2056.00     0.465390
      2057.00     0.464734
      2058.00     0.464078
      2059.00     0.463422
      2060.00     0.462766
      2061.00     0.463188
      2062.00     0.463610
      2063.00     0.464032
      2064.00     0.464454
      2065.00     0.464656
      2066.00     0.464858
      2067.00     0.465061
      2068.00     0.465263
      2069.00     0.464291
      2070.00     0.463318
      2071.00     0.462346
      2072.00     0.461374
      2073.00     0.461455
      2074.00     0.461536
      2075.00     0.461616
      2076.00     0.461697
      2077.00     0.462325
      2078.00     0.462954
      2079.00     0.463582
      2080.00     0.464470
      2081.00     0.463938
      2082.00     0.463136
      2083.00     0.463453
      2084.00     0.463436
      2085.00     0.463652
      2086.00     0.463749
      2087.00     0.463851
      2088.00     0.463924
      2089.00     0.464002
      2090.00     0.464025
      2091.00     0.463950
      2092.00     0.463790
      2093.00     0.463573
      2094.00     0.463401
      2095.00     0.463308
      2096.00     0.463287
      2097.00     0.463290
      2098.00     0.463252
      2099.00     0.463124
      2100.00     0.462937
      2101.00     0.462687
      2102.00     0.462423
      2103.00     0.462163
      2104.00     0.461990
      2105.00     0.461887
      2106.00     0.461852
      2107.00     0.461801
      2108.00     0.461618
      2109.00     0.461280
      2110.00     0.460870
      2111.00     0.460467
      2112.00     0.460258
      2113.00     0.460287
      2114.00     0.460468
      2115.00     0.460664
      2116.00     0.460718
      2117.00     0.460596
      2118.00     0.460371
      2119.00     0.460123
      2120.00     0.459970
      2121.00     0.459928
      2122.00     0.459944
      2123.00     0.459975
      2124.00     0.459977
      2125.00     0.459909
      2126.00     0.459783
      2127.00     0.459666
      2128.00     0.459565
      2129.00     0.459506
      2130.00     0.459490
      2131.00     0.459500
      2132.00     0.459494
      2133.00     0.459438
      2134.00     0.459330
      2135.00     0.459160
      2136.00     0.458887
      2137.00     0.458554
      2138.00     0.458180
      2139.00     0.457771
      2140.00     0.457322
      2141.00     0.456889
      2142.00     0.456483
      2143.00     0.456053
      2144.00     0.455589
      2145.00     0.455086
      2146.00     0.454538
      2147.00     0.453934
      2148.00     0.453331
      2149.00     0.452641
      2150.00     0.451840
      2151.00     0.450941
      2152.00     0.449981
      2153.00     0.449022
      2154.00     0.448115
      2155.00     0.447252
      2156.00     0.446389
      2157.00     0.445494
      2158.00     0.444570
      2159.00     0.443630
      2160.00     0.442729
      2161.00     0.441936
      2162.00     0.441292
      2163.00     0.440748
      2164.00     0.440260
      2165.00     0.439771
      2166.00     0.439220
      2167.00     0.438579
      2168.00     0.437867
      2169.00     0.437100
      2170.00     0.436298
      2171.00     0.435495
      2172.00     0.434717
      2173.00     0.433950
      2174.00     0.433202
      2175.00     0.432431
      2176.00     0.431546
      2177.00     0.430578
      2178.00     0.429535
      2179.00     0.428446
      2180.00     0.427315
      2181.00     0.426266
      2182.00     0.425066
      2183.00     0.423828
      2184.00     0.422560
      2185.00     0.421326
      2186.00     0.420114
      2187.00     0.418814
      2188.00     0.417466
      2189.00     0.416132
      2190.00     0.414644
      2191.00     0.413031
      2192.00     0.411432
      2193.00     0.410108
      2194.00     0.408842
      2195.00     0.407762
      2196.00     0.406788
      2197.00     0.405821
      2198.00     0.404663
      2199.00     0.403452
      2200.00     0.402188
      2201.00     0.400868
      2202.00     0.399689
      2203.00     0.398507
      2204.00     0.397332
      2205.00     0.396347
      2206.00     0.395478
      2207.00     0.395028
      2208.00     0.395082
      2209.00     0.395764
      2210.00     0.396957
      2211.00     0.398710
      2212.00     0.400707
      2213.00     0.402916
      2214.00     0.405053
      2215.00     0.407046
      2216.00     0.408799
      2217.00     0.410378
      2218.00     0.411650
      2219.00     0.412852
      2220.00     0.413932
      2221.00     0.415044
      2222.00     0.416043
      2223.00     0.416997
      2224.00     0.418025
      2225.00     0.418951
      2226.00     0.419986
      2227.00     0.420940
      2228.00     0.421924
      2229.00     0.422753
      2230.00     0.423494
      2231.00     0.424056
      2232.00     0.424518
      2233.00     0.424884
      2234.00     0.425142
      2235.00     0.425295
      2236.00     0.425332
      2237.00     0.425271
      2238.00     0.425153
      2239.00     0.425033
      2240.00     0.424929
      2241.00     0.424857
      2242.00     0.424797
      2243.00     0.424717
      2244.00     0.424595
      2245.00     0.424456
      2246.00     0.424335
      2247.00     0.424247
      2248.00     0.424203
      2249.00     0.424173
      2250.00     0.424117
      2251.00     0.423995
      2252.00     0.423836
      2253.00     0.423687
      2254.00     0.423614
      2255.00     0.423671
      2256.00     0.423908
      2257.00     0.424257
      2258.00     0.424701
      2259.00     0.425205
      2260.00     0.425748
      2261.00     0.426333
      2262.00     0.426989
      2263.00     0.427588
      2264.00     0.428144
      2265.00     0.428623
      2266.00     0.429008
      2267.00     0.429299
      2268.00     0.429525
      2269.00     0.429710
      2270.00     0.429856
      2271.00     0.429944
      2272.00     0.429951
      2273.00     0.429864
      2274.00     0.429683
      2275.00     0.429416
      2276.00     0.429129
      2277.00     0.428818
      2278.00     0.428467
      2279.00     0.428072
      2280.00     0.427647
      2281.00     0.427143
      2282.00     0.426610
      2283.00     0.426049
      2284.00     0.425450
      2285.00     0.424797
      2286.00     0.424064
      2287.00     0.423247
      2288.00     0.422386
      2289.00     0.421533
      2290.00     0.420732
      2291.00     0.419988
      2292.00     0.419295
      2293.00     0.418649
      2294.00     0.417903
      2295.00     0.417073
      2296.00     0.416172
      2297.00     0.415246
      2298.00     0.414351
      2299.00     0.413585
      2300.00     0.412836
      2301.00     0.412185
      2302.00     0.411581
      2303.00     0.410949
      2304.00     0.410293
      2305.00     0.409484
      2306.00     0.408576
      2307.00     0.407604
      2308.00     0.406699
      2309.00     0.405761
      2310.00     0.404828
      2311.00     0.403969
      2312.00     0.403065
      2313.00     0.402146
      2314.00     0.401308
      2315.00     0.400468
      2316.00     0.399611
      2317.00     0.398801
      2318.00     0.397951
      2319.00     0.396998
      2320.00     0.396028
      2321.00     0.395038
      2322.00     0.393992
      2323.00     0.392999
      2324.00     0.392050
      2325.00     0.391089
      2326.00     0.390201
      2327.00     0.389288
      2328.00     0.388460
      2329.00     0.387608
      2330.00     0.386867
      2331.00     0.386067
      2332.00     0.385321
      2333.00     0.384482
      2334.00     0.383678
      2335.00     0.382806
      2336.00     0.381991
      2337.00     0.381173
      2338.00     0.380449
      2339.00     0.379772
      2340.00     0.379162
      2341.00     0.378592
      2342.00     0.378066
      2343.00     0.377592
      2344.00     0.377168
      2345.00     0.376832
      2346.00     0.376565
      2347.00     0.376371
      2348.00     0.376255
      2349.00     0.376187
      2350.00     0.376158
      2351.00     0.376173
      2352.00     0.376239
      2353.00     0.376380
      2354.00     0.376596
      2355.00     0.376891
      2356.00     0.377294
      2357.00     0.377775
      2358.00     0.378306
      2359.00     0.378894
      2360.00     0.379551
      2361.00     0.380281
      2362.00     0.380998
      2363.00     0.381737
      2364.00     0.382481
      2365.00     0.383298
      2366.00     0.384011
      2367.00     0.384675
      2368.00     0.385274
      2369.00     0.385795
      2370.00     0.386255
      2371.00     0.386601
      2372.00     0.386837
      2373.00     0.386984
      2374.00     0.387045
      2375.00     0.387016
      2376.00     0.386898
      2377.00     0.386708
      2378.00     0.386467
      2379.00     0.386178
      2380.00     0.385915
      2381.00     0.385696
      2382.00     0.385539
      2383.00     0.385454
      2384.00     0.385440
      2385.00     0.385495
      2386.00     0.385606
      2387.00     0.385755
      2388.00     0.385912
      2389.00     0.386055
      2390.00     0.386156
      2391.00     0.386211
      2392.00     0.386215
      2393.00     0.386180
      2394.00     0.386121
      2395.00     0.386056
      2396.00     0.386002
      2397.00     0.385977
      2398.00     0.385982
      2399.00     0.386029
      2400.00     0.386117
      2401.00     0.386215
      2402.00     0.386298
      2403.00     0.386340
      2404.00     0.386323
      2405.00     0.386236
      2406.00     0.386086
      2407.00     0.385883
      2408.00     0.385612
      2409.00     0.385299
      2410.00     0.384957
      2411.00     0.384597
      2412.00     0.384252
      2413.00     0.383888
      2414.00     0.383506
      2415.00     0.383114
      2416.00     0.382716
      2417.00     0.382327
      2418.00     0.381899
      2419.00     0.381464
      2420.00     0.381013
      2421.00     0.380557
      2422.00     0.380036
      2423.00     0.379442
      2424.00     0.378818
      2425.00     0.378187
      2426.00     0.377512
      2427.00     0.376890
      2428.00     0.376407
      2429.00     0.375964
      2430.00     0.375587
      2431.00     0.375213
      2432.00     0.374801
      2433.00     0.374356
      2434.00     0.373889
      2435.00     0.373340
      2436.00     0.372815
      2437.00     0.372266
      2438.00     0.371773
      2439.00     0.371311
      2440.00     0.370889
      2441.00     0.370528
      2442.00     0.370198
      2443.00     0.369942
      2444.00     0.369701
      2445.00     0.369492
      2446.00     0.369281
      2447.00     0.369072
      2448.00     0.368867
      2449.00     0.368652
      2450.00     0.368455
      2451.00     0.368259
      2452.00     0.368095
      2453.00     0.367940
      2454.00     0.367771
      2455.00     0.367583
      2456.00     0.367377
      2457.00     0.367126
      2458.00     0.366861
      2459.00     0.366579
      2460.00     0.366283
      2461.00     0.366012
      2462.00     0.365774
      2463.00     0.365564
      2464.00     0.365381
      2465.00     0.365206
      2466.00     0.365041
      2467.00     0.364860
      2468.00     0.364649
      2469.00     0.364420
      2470.00     0.364197
      2471.00     0.363969
      2472.00     0.363754
      2473.00     0.363552
      2474.00     0.363348
      2475.00     0.363146
      2476.00     0.362945
      2477.00     0.362736
      2478.00     0.362522
      2479.00     0.362311
      2480.00     0.362102
      2481.00     0.361882
      2482.00     0.361658
      2483.00     0.361442
      2484.00     0.361218
      2485.00     0.360975
      2486.00     0.360723
      2487.00     0.360468
      2488.00     0.360218
      2489.00     0.359981
      2490.00     0.359766
      2491.00     0.359590
      2492.00     0.359457
      2493.00     0.359364
      2494.00     0.359305
      2495.00     0.359266
      2496.00     0.359231
      2497.00     0.359168
      2498.00     0.359063
      2499.00     0.358910
      2500.00     0.358713
