      400.000   0.00592100
      401.000   0.00760600
      402.000   0.00755000
      403.000    0.0121700
      404.000    0.0121700
      405.000    0.0131670
      406.000    0.0131670
      407.000    0.0131670
      408.000    0.0130650
      409.000    0.0146310
      410.000    0.0159960
      411.000    0.0159960
      412.000    0.0175510
      413.000    0.0163750
      414.000    0.0177070
      415.000    0.0177460
      416.000    0.0163370
      417.000    0.0181280
      418.000    0.0196710
      419.000    0.0217490
      420.000    0.0219290
      421.000    0.0220640
      422.000    0.0219290
      423.000    0.0233440
      424.000    0.0247340
      425.000    0.0230620
      426.000    0.0263270
      427.000    0.0261770
      428.000    0.0243080
      429.000    0.0258780
      430.000    0.0273880
      431.000    0.0273360
      432.000    0.0292630
      433.000    0.0316230
      434.000    0.0314570
      435.000    0.0345840
      436.000    0.0348810
      437.000    0.0351210
      438.000    0.0350010
      439.000    0.0362300
      440.000    0.0373890
      441.000    0.0375760
      442.000    0.0369550
      443.000    0.0389030
      444.000    0.0374330
      445.000    0.0385820
      446.000    0.0397940
      447.000    0.0403420
      448.000    0.0396640
      449.000    0.0410870
      450.000    0.0404080
      451.000    0.0417530
      452.000    0.0446000
      453.000    0.0442470
      454.000    0.0448120
      455.000    0.0458740
      456.000    0.0462970
      457.000    0.0461510
      458.000    0.0453560
      459.000    0.0463310
      460.000    0.0472240
      461.000    0.0468470
      462.000    0.0443740
      463.000    0.0472240
      464.000    0.0489340
      465.000    0.0483920
      466.000    0.0455450
      467.000    0.0460740
      468.000    0.0459980
      469.000    0.0483920
      470.000    0.0487010
      471.000    0.0516310
      472.000    0.0529040
      473.000    0.0529040
      474.000    0.0529860
      475.000    0.0532320
      476.000    0.0541880
      477.000    0.0542720
      478.000    0.0541040
      479.000    0.0537710
      480.000    0.0552890
      481.000    0.0556260
      482.000    0.0552040
      483.000    0.0561320
      484.000    0.0547010
      485.000    0.0543680
      486.000    0.0563020
      487.000    0.0579900
      488.000    0.0580770
      489.000    0.0575570
      490.000    0.0569710
      491.000    0.0582120
      492.000    0.0555430
      493.000    0.0588190
      494.000    0.0591690
      495.000    0.0572120
      496.000    0.0585580
      497.000    0.0585340
      498.000    0.0599680
      499.000    0.0608600
      500.000    0.0602350
      501.000    0.0582120
      502.000    0.0625750
      503.000    0.0622150
      504.000    0.0636520
      505.000    0.0634710
      506.000    0.0635620
      507.000    0.0632900
      508.000    0.0647270
      509.000    0.0666310
      510.000    0.0654620
      511.000    0.0661680
      512.000    0.0664450
      513.000    0.0684010
      514.000    0.0684950
      515.000    0.0693310
      516.000    0.0680280
      517.000    0.0689980
      518.000    0.0718300
      519.000    0.0692800
      520.000    0.0745600
      521.000    0.0713890
      522.000    0.0711980
      523.000    0.0727100
      524.000    0.0693740
      525.000    0.0705320
      526.000    0.0701540
      527.000    0.0733720
      528.000    0.0730780
      529.000    0.0743250
      530.000    0.0741280
      531.000    0.0738330
      532.000    0.0707400
      533.000    0.0759720
      534.000    0.0770780
      535.000    0.0768760
      536.000    0.0762720
      537.000    0.0794940
      538.000    0.0786760
      539.000    0.0800310
      540.000    0.0781690
      541.000    0.0791120
      542.000    0.0762030
      543.000    0.0783010
      544.000    0.0802560
      545.000    0.0767620
      546.000    0.0776480
      547.000    0.0779450
      548.000    0.0782440
      549.000    0.0818100
      550.000    0.0836780
      551.000    0.0842940
      552.000    0.0849060
      553.000    0.0815610
      554.000    0.0844900
      555.000    0.0815610
      556.000    0.0858260
      557.000    0.0848020
      558.000    0.0857430
      559.000    0.0864020
      560.000    0.0870130
      561.000    0.0868000
      562.000    0.0900860
      563.000    0.0896510
      564.000    0.0881160
      565.000    0.0885430
      566.000    0.0911360
      567.000    0.0937320
      568.000    0.0925980
      569.000    0.0928170
      570.000    0.0945940
      571.000    0.0937010
      572.000    0.0928170
      573.000    0.0913530
      574.000    0.0941290
      575.000    0.0922910
      576.000    0.0938940
      577.000    0.0968660
      578.000    0.0954710
      579.000    0.0940770
      580.000    0.0940600
      581.000    0.0958190
      582.000    0.0954760
      583.000    0.0953630
      584.000    0.0965080
      585.000     0.100379
      586.000    0.0997740
      587.000    0.0996560
      588.000    0.0979050
      589.000    0.0997740
      590.000    0.0994290
      591.000    0.0989530
      592.000     0.100233
      593.000     0.100115
      594.000    0.0996470
      595.000     0.103871
      596.000     0.100233
      597.000     0.102554
      598.000     0.103947
      599.000     0.103706
      600.000     0.102761
      601.000     0.103438
      602.000     0.102613
      603.000     0.103285
      604.000     0.103050
      605.000     0.105286
      606.000     0.105048
      607.000     0.106949
      608.000     0.106286
      609.000     0.106523
      610.000     0.106641
      611.000     0.106760
      612.000     0.108007
      613.000     0.107531
      614.000     0.108895
      615.000     0.108895
      616.000     0.108536
      617.000     0.108536
      618.000     0.109356
      619.000     0.107566
      620.000     0.108278
      621.000     0.107114
      622.000     0.109299
      623.000     0.111324
      624.000     0.110837
      625.000     0.108347
      626.000     0.110935
      627.000     0.111658
      628.000     0.113686
      629.000     0.112508
      630.000     0.113385
      631.000     0.112265
      632.000     0.112143
      633.000     0.112897
      634.000     0.114136
      635.000     0.114014
      636.000     0.115052
      637.000     0.114014
      638.000     0.115746
      639.000     0.114516
      640.000     0.114761
      641.000     0.117356
      642.000     0.115006
      643.000     0.115006
      644.000     0.116984
      645.000     0.118342
      646.000     0.119451
      647.000     0.117350
      648.000     0.116612
      649.000     0.117350
      650.000     0.119201
      651.000     0.121064
      652.000     0.121064
      653.000     0.121825
      654.000     0.122464
      655.000     0.119491
      656.000     0.120112
      657.000     0.125288
      658.000     0.124002
      659.000     0.124386
      660.000     0.121966
      661.000     0.125547
      662.000     0.125417
      663.000     0.125620
      664.000     0.126267
      665.000     0.127635
      666.000     0.127635
      667.000     0.126447
      668.000     0.131883
      669.000     0.131350
      670.000     0.131085
      671.000     0.130820
      672.000     0.127383
      673.000     0.127383
      674.000     0.125552
      675.000     0.128672
      676.000     0.129652
      677.000     0.130304
      678.000     0.131153
      679.000     0.130760
      680.000     0.127845
      681.000     0.129461
      682.000     0.129590
      683.000     0.129590
      684.000     0.129849
      685.000     0.130691
      686.000     0.132315
      687.000     0.132446
      688.000     0.132841
      689.000     0.135713
      690.000     0.134914
      691.000     0.136147
      692.000     0.134914
      693.000     0.136415
      694.000     0.137086
      695.000     0.138055
      696.000     0.138596
      697.000     0.139824
      698.000     0.139812
      699.000     0.141905
      700.000     0.141226
      701.000     0.139214
      702.000     0.139347
      703.000     0.139614
      704.000     0.141499
      705.000     0.142040
      706.000     0.143395
      707.000     0.145973
      708.000     0.142987
      709.000     0.145284
      710.000     0.145284
      711.000     0.145421
      712.000     0.145675
      713.000     0.147962
      714.000     0.147026
      715.000     0.147823
      716.000     0.145927
      717.000     0.147272
      718.000     0.149966
      719.000     0.151878
      720.000     0.154821
      721.000     0.151036
      722.000     0.151175
      723.000     0.150617
      724.000     0.152526
      725.000     0.155335
      726.000     0.156116
      727.000     0.154209
      728.000     0.152410
      729.000     0.151992
      730.000     0.152549
      731.000     0.156364
      732.000     0.158576
      733.000     0.158432
      734.000     0.159207
      735.000     0.159545
      736.000     0.159545
      737.000     0.158527
      738.000     0.158527
      739.000     0.160937
      740.000     0.158813
      741.000     0.161081
      742.000     0.161660
      743.000     0.159500
      744.000     0.160841
      745.000     0.162569
      746.000     0.162329
      747.000     0.163384
      748.000     0.163529
      749.000     0.162666
      750.000     0.164437
      751.000     0.162659
      752.000     0.163434
      753.000     0.164729
      754.000     0.162712
      755.000     0.166128
      756.000     0.168532
      757.000     0.167425
      758.000     0.167942
      759.000     0.168532
      760.000     0.170944
      761.000     0.170203
      762.000     0.169761
      763.000     0.170203
      764.000     0.168404
      765.000     0.172141
      766.000     0.172290
      767.000     0.173337
      768.000     0.172291
      769.000     0.171106
      770.000     0.173632
      771.000     0.173632
      772.000     0.173632
      773.000     0.172507
      774.000     0.176239
      775.000     0.176390
      776.000     0.177945
      777.000     0.178249
      778.000     0.178707
      779.000     0.179135
      780.000     0.177585
      781.000     0.176679
      782.000     0.178982
      783.000     0.181558
      784.000     0.180940
      785.000     0.182705
      786.000     0.184106
      787.000     0.183949
      788.000     0.182705
      789.000     0.184675
      790.000     0.183430
      791.000     0.183740
      792.000     0.183989
      793.000     0.183096
      794.000     0.180098
      795.000     0.184444
      796.000     0.187145
      797.000     0.186086
      798.000     0.184240
      799.000     0.184255
      800.000     0.190142
      801.000     0.190554
      802.000     0.190967
      803.000     0.191380
      804.000     0.191792
      805.000     0.192755
      806.000     0.193718
      807.000     0.194682
      808.000     0.195645
      809.000     0.196413
      810.000     0.197180
      811.000     0.197948
      812.000     0.198715
      813.000     0.198734
      814.000     0.198753
      815.000     0.198772
      816.000     0.198791
      817.000     0.198771
      818.000     0.198752
      819.000     0.198732
      820.000     0.198712
      821.000     0.198636
      822.000     0.198559
      823.000     0.198483
      824.000     0.198407
      825.000     0.199736
      826.000     0.201065
      827.000     0.202395
      828.000     0.203724
      829.000     0.204180
      830.000     0.204636
      831.000     0.205092
      832.000     0.205548
      833.000     0.206168
      834.000     0.206787
      835.000     0.207407
      836.000     0.208027
      837.000     0.208127
      838.000     0.208228
      839.000     0.208328
      840.000     0.208428
      841.000     0.208608
      842.000     0.208788
      843.000     0.208968
      844.000     0.209148
      845.000     0.209860
      846.000     0.210571
      847.000     0.211283
      848.000     0.211995
      849.000     0.212549
      850.000     0.213104
      851.000     0.213658
      852.000     0.214212
      853.000     0.214644
      854.000     0.215076
      855.000     0.215508
      856.000     0.215940
      857.000     0.216275
      858.000     0.216610
      859.000     0.216946
      860.000     0.217281
      861.000     0.218263
      862.000     0.219245
      863.000     0.220228
      864.000     0.221210
      865.000     0.220789
      866.000     0.220368
      867.000     0.219947
      868.000     0.219526
      869.000     0.220409
      870.000     0.221292
      871.000     0.222176
      872.000     0.223059
      873.000     0.223025
      874.000     0.222990
      875.000     0.222956
      876.000     0.222922
      877.000     0.223221
      878.000     0.223520
      879.000     0.223818
      880.000     0.224117
      881.000     0.225034
      882.000     0.225951
      883.000     0.226869
      884.000     0.227786
      885.000     0.227565
      886.000     0.227343
      887.000     0.227122
      888.000     0.226901
      889.000     0.227488
      890.000     0.228074
      891.000     0.228660
      892.000     0.229247
      893.000     0.229573
      894.000     0.229898
      895.000     0.230223
      896.000     0.230549
      897.000     0.230467
      898.000     0.230384
      899.000     0.230302
      900.000     0.230220
      901.000     0.230223
      902.000     0.230227
      903.000     0.230230
      904.000     0.230234
      905.000     0.231019
      906.000     0.231804
      907.000     0.232590
      908.000     0.233375
      909.000     0.234200
      910.000     0.235026
      911.000     0.235851
      912.000     0.236677
      913.000     0.237255
      914.000     0.237832
      915.000     0.238410
      916.000     0.238988
      917.000     0.239312
      918.000     0.239637
      919.000     0.239962
      920.000     0.240286
      921.000     0.240735
      922.000     0.241183
      923.000     0.241632
      924.000     0.242081
      925.000     0.242826
      926.000     0.243572
      927.000     0.244318
      928.000     0.245063
      929.000     0.245437
      930.000     0.245811
      931.000     0.246185
      932.000     0.246559
      933.000     0.246804
      934.000     0.247049
      935.000     0.247295
      936.000     0.247540
      937.000     0.247465
      938.000     0.247390
      939.000     0.247315
      940.000     0.247240
      941.000     0.247400
      942.000     0.247560
      943.000     0.247720
      944.000     0.247880
      945.000     0.249123
      946.000     0.250367
      947.000     0.251610
      948.000     0.252853
      949.000     0.252808
      950.000     0.252764
      951.000     0.252719
      952.000     0.252674
      953.000     0.253476
      954.000     0.254278
      955.000     0.255080
      956.000     0.255882
      957.000     0.256126
      958.000     0.256369
      959.000     0.256612
      960.000     0.256856
      961.000     0.257896
      962.000     0.258936
      963.000     0.259976
      964.000     0.261016
      965.000     0.261324
      966.000     0.261631
      967.000     0.261939
      968.000     0.262246
      969.000     0.263150
      970.000     0.264055
      971.000     0.264959
      972.000     0.265863
      973.000     0.265685
      974.000     0.265507
      975.000     0.265328
      976.000     0.265150
      977.000     0.265105
      978.000     0.265059
      979.000     0.265014
      980.000     0.264969
      981.000     0.265525
      982.000     0.266080
      983.000     0.266636
      984.000     0.267192
      985.000     0.267227
      986.000     0.267263
      987.000     0.267298
      988.000     0.267333
      989.000     0.268757
      990.000     0.270181
      991.000     0.271605
      992.000     0.273029
      993.000     0.273508
      994.000     0.273986
      995.000     0.274464
      996.000     0.274943
      997.000     0.274608
      998.000     0.274273
      999.000     0.273937
      1000.00     0.273602
      1001.00     0.274468
      1002.00     0.275333
      1003.00     0.276199
      1004.00     0.277064
      1005.00     0.277110
      1006.00     0.277157
      1007.00     0.277204
      1008.00     0.277250
      1009.00     0.277686
      1010.00     0.278123
      1011.00     0.278559
      1012.00     0.278995
      1013.00     0.279516
      1014.00     0.280038
      1015.00     0.280559
      1016.00     0.281080
      1017.00     0.281646
      1018.00     0.282212
      1019.00     0.282778
      1020.00     0.283344
      1021.00     0.282158
      1022.00     0.280972
      1023.00     0.279787
      1024.00     0.278601
      1025.00     0.279646
      1026.00     0.280690
      1027.00     0.281734
      1028.00     0.282779
      1029.00     0.283632
      1030.00     0.284485
      1031.00     0.285338
      1032.00     0.286191
      1033.00     0.287276
      1034.00     0.288361
      1035.00     0.289446
      1036.00     0.290531
      1037.00     0.290251
      1038.00     0.289972
      1039.00     0.289692
      1040.00     0.289412
      1041.00     0.289740
      1042.00     0.290068
      1043.00     0.290396
      1044.00     0.290724
      1045.00     0.290485
      1046.00     0.290245
      1047.00     0.290006
      1048.00     0.289767
      1049.00     0.290749
      1050.00     0.291730
      1051.00     0.292712
      1052.00     0.293694
      1053.00     0.293843
      1054.00     0.293992
      1055.00     0.294141
      1056.00     0.294290
      1057.00     0.294056
      1058.00     0.293821
      1059.00     0.293586
      1060.00     0.293352
      1061.00     0.294006
      1062.00     0.294660
      1063.00     0.295314
      1064.00     0.295968
      1065.00     0.296619
      1066.00     0.297270
      1067.00     0.297922
      1068.00     0.298573
      1069.00     0.299419
      1070.00     0.300264
      1071.00     0.301110
      1072.00     0.301956
      1073.00     0.302537
      1074.00     0.303118
      1075.00     0.303699
      1076.00     0.304280
      1077.00     0.303515
      1078.00     0.302750
      1079.00     0.301986
      1080.00     0.301221
      1081.00     0.302315
      1082.00     0.303409
      1083.00     0.304502
      1084.00     0.305596
      1085.00     0.305916
      1086.00     0.306235
      1087.00     0.306554
      1088.00     0.306874
      1089.00     0.307087
      1090.00     0.307301
      1091.00     0.307514
      1092.00     0.307727
      1093.00     0.307908
      1094.00     0.308089
      1095.00     0.308271
      1096.00     0.308452
      1097.00     0.309296
      1098.00     0.310140
      1099.00     0.310983
      1100.00     0.311827
      1101.00     0.312261
      1102.00     0.312695
      1103.00     0.313129
      1104.00     0.313563
      1105.00     0.313387
      1106.00     0.313211
      1107.00     0.313035
      1108.00     0.312859
      1109.00     0.312758
      1110.00     0.312656
      1111.00     0.312555
      1112.00     0.312454
      1113.00     0.312707
      1114.00     0.312961
      1115.00     0.313214
      1116.00     0.313467
      1117.00     0.315055
      1118.00     0.316643
      1119.00     0.318231
      1120.00     0.319819
      1121.00     0.320791
      1122.00     0.321763
      1123.00     0.322734
      1124.00     0.323706
      1125.00     0.323670
      1126.00     0.323633
      1127.00     0.323597
      1128.00     0.323561
      1129.00     0.323388
      1130.00     0.323216
      1131.00     0.323044
      1132.00     0.322871
      1133.00     0.322400
      1134.00     0.321929
      1135.00     0.321457
      1136.00     0.320986
      1137.00     0.321267
      1138.00     0.321547
      1139.00     0.321828
      1140.00     0.322109
      1141.00     0.322829
      1142.00     0.323548
      1143.00     0.324268
      1144.00     0.324988
      1145.00     0.326264
      1146.00     0.327540
      1147.00     0.328816
      1148.00     0.330092
      1149.00     0.329864
      1150.00     0.329636
      1151.00     0.329408
      1152.00     0.329180
      1153.00     0.329902
      1154.00     0.330623
      1155.00     0.331344
      1156.00     0.332066
      1157.00     0.331945
      1158.00     0.331823
      1159.00     0.331702
      1160.00     0.331581
      1161.00     0.332422
      1162.00     0.333263
      1163.00     0.334103
      1164.00     0.334944
      1165.00     0.335009
      1166.00     0.335073
      1167.00     0.335137
      1168.00     0.335202
      1169.00     0.335424
      1170.00     0.335647
      1171.00     0.335869
      1172.00     0.336091
      1173.00     0.336659
      1174.00     0.337227
      1175.00     0.337795
      1176.00     0.338363
      1177.00     0.338828
      1178.00     0.339293
      1179.00     0.339758
      1180.00     0.340223
      1181.00     0.340578
      1182.00     0.340933
      1183.00     0.341288
      1184.00     0.341643
      1185.00     0.342333
      1186.00     0.343024
      1187.00     0.343714
      1188.00     0.344405
      1189.00     0.344207
      1190.00     0.344010
      1191.00     0.343812
      1192.00     0.343615
      1193.00     0.344140
      1194.00     0.344666
      1195.00     0.345191
      1196.00     0.345716
      1197.00     0.345826
      1198.00     0.345936
      1199.00     0.346045
      1200.00     0.346155
      1201.00     0.346100
      1202.00     0.346045
      1203.00     0.345990
      1204.00     0.345935
      1205.00     0.346103
      1206.00     0.346271
      1207.00     0.346438
      1208.00     0.346606
      1209.00     0.346441
      1210.00     0.346277
      1211.00     0.346112
      1212.00     0.345948
      1213.00     0.346118
      1214.00     0.346288
      1215.00     0.346458
      1216.00     0.346628
      1217.00     0.347572
      1218.00     0.348516
      1219.00     0.349460
      1220.00     0.350404
      1221.00     0.350851
      1222.00     0.351297
      1223.00     0.351744
      1224.00     0.352190
      1225.00     0.351800
      1226.00     0.351409
      1227.00     0.351019
      1228.00     0.350628
      1229.00     0.351075
      1230.00     0.351521
      1231.00     0.351968
      1232.00     0.352415
      1233.00     0.351912
      1234.00     0.351409
      1235.00     0.350907
      1236.00     0.350404
      1237.00     0.350848
      1238.00     0.351292
      1239.00     0.351736
      1240.00     0.352180
      1241.00     0.352844
      1242.00     0.353509
      1243.00     0.354173
      1244.00     0.354838
      1245.00     0.354946
      1246.00     0.355054
      1247.00     0.355163
      1248.00     0.355271
      1249.00     0.356352
      1250.00     0.357433
      1251.00     0.358514
      1252.00     0.359595
      1253.00     0.360013
      1254.00     0.360431
      1255.00     0.360850
      1256.00     0.361268
      1257.00     0.360934
      1258.00     0.360600
      1259.00     0.360265
      1260.00     0.359931
      1261.00     0.359817
      1262.00     0.359703
      1263.00     0.359590
      1264.00     0.359476
      1265.00     0.359526
      1266.00     0.359575
      1267.00     0.359625
      1268.00     0.359674
      1269.00     0.360969
      1270.00     0.362265
      1271.00     0.363560
      1272.00     0.364855
      1273.00     0.364843
      1274.00     0.364832
      1275.00     0.364820
      1276.00     0.364808
      1277.00     0.365128
      1278.00     0.365448
      1279.00     0.365769
      1280.00     0.366089
      1281.00     0.366395
      1282.00     0.366701
      1283.00     0.367006
      1284.00     0.367312
      1285.00     0.367443
      1286.00     0.367574
      1287.00     0.367705
      1288.00     0.367836
      1289.00     0.368151
      1290.00     0.368465
      1291.00     0.368780
      1292.00     0.369094
      1293.00     0.369544
      1294.00     0.369995
      1295.00     0.370445
      1296.00     0.370895
      1297.00     0.370090
      1298.00     0.369284
      1299.00     0.368479
      1300.00     0.367673
      1301.00     0.367829
      1302.00     0.367985
      1303.00     0.368141
      1304.00     0.368297
      1305.00     0.367894
      1306.00     0.367491
      1307.00     0.367089
      1308.00     0.366686
      1309.00     0.366786
      1310.00     0.366886
      1311.00     0.366986
      1312.00     0.367086
      1313.00     0.367567
      1314.00     0.368048
      1315.00     0.368529
      1316.00     0.369010
      1317.00     0.369681
      1318.00     0.370351
      1319.00     0.371022
      1320.00     0.371693
      1321.00     0.371807
      1322.00     0.371922
      1323.00     0.372036
      1324.00     0.372150
      1325.00     0.371860
      1326.00     0.371570
      1327.00     0.371281
      1328.00     0.370991
      1329.00     0.371493
      1330.00     0.371994
      1331.00     0.372496
      1332.00     0.372997
      1333.00     0.373305
      1334.00     0.373614
      1335.00     0.373922
      1336.00     0.374231
      1337.00     0.374462
      1338.00     0.374694
      1339.00     0.374925
      1340.00     0.375157
      1341.00     0.375327
      1342.00     0.375498
      1343.00     0.375668
      1344.00     0.375839
      1345.00     0.375916
      1346.00     0.375993
      1347.00     0.376070
      1348.00     0.376147
      1349.00     0.376437
      1350.00     0.376727
      1351.00     0.377016
      1352.00     0.377306
      1353.00     0.377373
      1354.00     0.377441
      1355.00     0.377508
      1356.00     0.377575
      1357.00     0.377163
      1358.00     0.376752
      1359.00     0.376341
      1360.00     0.375929
      1361.00     0.375212
      1362.00     0.374496
      1363.00     0.373779
      1364.00     0.373062
      1365.00     0.373490
      1366.00     0.373917
      1367.00     0.374345
      1368.00     0.374773
      1369.00     0.374906
      1370.00     0.375040
      1371.00     0.375174
      1372.00     0.375307
      1373.00     0.374485
      1374.00     0.373664
      1375.00     0.372842
      1376.00     0.372021
      1377.00     0.370613
      1378.00     0.369205
      1379.00     0.367796
      1380.00     0.366388
      1381.00     0.365351
      1382.00     0.364314
      1383.00     0.363276
      1384.00     0.362239
      1385.00     0.362190
      1386.00     0.362142
      1387.00     0.362094
      1388.00     0.362045
      1389.00     0.361876
      1390.00     0.361706
      1391.00     0.361537
      1392.00     0.361368
      1393.00     0.361380
      1394.00     0.361391
      1395.00     0.361403
      1396.00     0.361415
      1397.00     0.362152
      1398.00     0.362888
      1399.00     0.363624
      1400.00     0.364361
      1401.00     0.364819
      1402.00     0.365277
      1403.00     0.365735
      1404.00     0.366193
      1405.00     0.365529
      1406.00     0.364865
      1407.00     0.364201
      1408.00     0.363537
      1409.00     0.363783
      1410.00     0.364029
      1411.00     0.364276
      1412.00     0.364522
      1413.00     0.365203
      1414.00     0.365885
      1415.00     0.366566
      1416.00     0.367247
      1417.00     0.367845
      1418.00     0.368443
      1419.00     0.369041
      1420.00     0.369639
      1421.00     0.369774
      1422.00     0.369909
      1423.00     0.370044
      1424.00     0.370179
      1425.00     0.370179
      1426.00     0.370179
      1427.00     0.370179
      1428.00     0.370179
      1429.00     0.371000
      1430.00     0.371822
      1431.00     0.372644
      1432.00     0.373465
      1433.00     0.373985
      1434.00     0.374504
      1435.00     0.375023
      1436.00     0.375543
      1437.00     0.375754
      1438.00     0.375965
      1439.00     0.376176
      1440.00     0.376387
      1441.00     0.376078
      1442.00     0.375770
      1443.00     0.375462
      1444.00     0.375153
      1445.00     0.375095
      1446.00     0.375037
      1447.00     0.374980
      1448.00     0.374922
      1449.00     0.375149
      1450.00     0.375376
      1451.00     0.375603
      1452.00     0.375830
      1453.00     0.375695
      1454.00     0.375561
      1455.00     0.375427
      1456.00     0.375292
      1457.00     0.376410
      1458.00     0.377528
      1459.00     0.378647
      1460.00     0.379765
      1461.00     0.379788
      1462.00     0.379811
      1463.00     0.379833
      1464.00     0.379856
      1465.00     0.379891
      1466.00     0.379925
      1467.00     0.379960
      1468.00     0.379995
      1469.00     0.380252
      1470.00     0.380510
      1471.00     0.380768
      1472.00     0.381025
      1473.00     0.380802
      1474.00     0.380580
      1475.00     0.380357
      1476.00     0.380134
      1477.00     0.380688
      1478.00     0.381242
      1479.00     0.381796
      1480.00     0.382350
      1481.00     0.382790
      1482.00     0.383231
      1483.00     0.383671
      1484.00     0.384111
      1485.00     0.385369
      1486.00     0.386627
      1487.00     0.387885
      1488.00     0.389143
      1489.00     0.389214
      1490.00     0.389284
      1491.00     0.389354
      1492.00     0.389425
      1493.00     0.389889
      1494.00     0.390354
      1495.00     0.390818
      1496.00     0.391282
      1497.00     0.390699
      1498.00     0.390117
      1499.00     0.389534
      1500.00     0.388951
      1501.00     0.389736
      1502.00     0.390520
      1503.00     0.391304
      1504.00     0.392089
      1505.00     0.391999
      1506.00     0.391908
      1507.00     0.391818
      1508.00     0.391728
      1509.00     0.392316
      1510.00     0.392904
      1511.00     0.393491
      1512.00     0.394079
      1513.00     0.393241
      1514.00     0.392404
      1515.00     0.391566
      1516.00     0.390728
      1517.00     0.390888
      1518.00     0.391048
      1519.00     0.391209
      1520.00     0.391369
      1521.00     0.391546
      1522.00     0.391723
      1523.00     0.391899
      1524.00     0.392076
      1525.00     0.392512
      1526.00     0.392949
      1527.00     0.393385
      1528.00     0.393821
      1529.00     0.394749
      1530.00     0.395676
      1531.00     0.396604
      1532.00     0.397532
      1533.00     0.398060
      1534.00     0.398588
      1535.00     0.399116
      1536.00     0.399644
      1537.00     0.399695
      1538.00     0.399745
      1539.00     0.399796
      1540.00     0.399846
      1541.00     0.400074
      1542.00     0.400302
      1543.00     0.400531
      1544.00     0.400759
      1545.00     0.400122
      1546.00     0.399486
      1547.00     0.398849
      1548.00     0.398212
      1549.00     0.398594
      1550.00     0.398977
      1551.00     0.399360
      1552.00     0.399742
      1553.00     0.399409
      1554.00     0.399075
      1555.00     0.398742
      1556.00     0.398408
      1557.00     0.398528
      1558.00     0.398647
      1559.00     0.398767
      1560.00     0.398886
      1561.00     0.398707
      1562.00     0.398528
      1563.00     0.398348
      1564.00     0.398169
      1565.00     0.398863
      1566.00     0.399558
      1567.00     0.400252
      1568.00     0.400946
      1569.00     0.400504
      1570.00     0.400062
      1571.00     0.399620
      1572.00     0.399178
      1573.00     0.399262
      1574.00     0.399346
      1575.00     0.399429
      1576.00     0.399513
      1577.00     0.399668
      1578.00     0.399823
      1579.00     0.399979
      1580.00     0.400134
      1581.00     0.399952
      1582.00     0.399769
      1583.00     0.399587
      1584.00     0.399405
      1585.00     0.399743
      1586.00     0.400082
      1587.00     0.400420
      1588.00     0.400759
      1589.00     0.401143
      1590.00     0.401528
      1591.00     0.401913
      1592.00     0.402297
      1593.00     0.402682
      1594.00     0.403067
      1595.00     0.403453
      1596.00     0.403838
      1597.00     0.403739
      1598.00     0.403640
      1599.00     0.403541
      1600.00     0.403442
      1601.00     0.404079
      1602.00     0.404716
      1603.00     0.405353
      1604.00     0.405990
      1605.00     0.405436
      1606.00     0.404881
      1607.00     0.404326
      1608.00     0.403772
      1609.00     0.404380
      1610.00     0.404988
      1611.00     0.405596
      1612.00     0.406204
      1613.00     0.406143
      1614.00     0.406083
      1615.00     0.406022
      1616.00     0.405962
      1617.00     0.405603
      1618.00     0.405245
      1619.00     0.404887
      1620.00     0.404528
      1621.00     0.405392
      1622.00     0.406256
      1623.00     0.407121
      1624.00     0.407985
      1625.00     0.407803
      1626.00     0.407620
      1627.00     0.407438
      1628.00     0.407256
      1629.00     0.407014
      1630.00     0.406772
      1631.00     0.406529
      1632.00     0.406287
      1633.00     0.406247
      1634.00     0.406208
      1635.00     0.406168
      1636.00     0.406128
      1637.00     0.406712
      1638.00     0.407296
      1639.00     0.407880
      1640.00     0.408464
      1641.00     0.408483
      1642.00     0.408503
      1643.00     0.408522
      1644.00     0.408541
      1645.00     0.408582
      1646.00     0.408624
      1647.00     0.408665
      1648.00     0.408706
      1649.00     0.408062
      1650.00     0.407417
      1651.00     0.406773
      1652.00     0.406128
      1653.00     0.405947
      1654.00     0.405767
      1655.00     0.405586
      1656.00     0.405405
      1657.00     0.405707
      1658.00     0.406009
      1659.00     0.406311
      1660.00     0.406613
      1661.00     0.406613
      1662.00     0.406613
      1663.00     0.406613
      1664.00     0.406613
      1665.00     0.406974
      1666.00     0.407336
      1667.00     0.407697
      1668.00     0.408058
      1669.00     0.407877
      1670.00     0.407696
      1671.00     0.407515
      1672.00     0.407334
      1673.00     0.407795
      1674.00     0.408256
      1675.00     0.408717
      1676.00     0.409178
      1677.00     0.409157
      1678.00     0.409137
      1679.00     0.409116
      1680.00     0.409095
      1681.00     0.408754
      1682.00     0.408414
      1683.00     0.408073
      1684.00     0.407733
      1685.00     0.407853
      1686.00     0.407973
      1687.00     0.408094
      1688.00     0.408214
      1689.00     0.408094
      1690.00     0.407973
      1691.00     0.407853
      1692.00     0.407733
      1693.00     0.408392
      1694.00     0.409050
      1695.00     0.409708
      1696.00     0.410367
      1697.00     0.410569
      1698.00     0.410771
      1699.00     0.410973
      1700.00     0.411175
      1701.00     0.411451
      1702.00     0.411727
      1703.00     0.412003
      1704.00     0.412279
      1705.00     0.411380
      1706.00     0.410482
      1707.00     0.409583
      1708.00     0.408684
      1709.00     0.408984
      1710.00     0.409285
      1711.00     0.409585
      1712.00     0.409885
      1713.00     0.409848
      1714.00     0.409811
      1715.00     0.409774
      1716.00     0.409737
      1717.00     0.409741
      1718.00     0.409746
      1719.00     0.409750
      1720.00     0.409754
      1721.00     0.410181
      1722.00     0.410608
      1723.00     0.411035
      1724.00     0.411462
      1725.00     0.412216
      1726.00     0.412970
      1727.00     0.413724
      1728.00     0.414478
      1729.00     0.413900
      1730.00     0.413321
      1731.00     0.412743
      1732.00     0.412165
      1733.00     0.413127
      1734.00     0.414088
      1735.00     0.415050
      1736.00     0.416012
      1737.00     0.415285
      1738.00     0.414558
      1739.00     0.413831
      1740.00     0.413104
      1741.00     0.413381
      1742.00     0.413657
      1743.00     0.413934
      1744.00     0.414211
      1745.00     0.414171
      1746.00     0.414130
      1747.00     0.414090
      1748.00     0.414049
      1749.00     0.413696
      1750.00     0.413343
      1751.00     0.412990
      1752.00     0.412637
      1753.00     0.412543
      1754.00     0.412449
      1755.00     0.412356
      1756.00     0.412262
      1757.00     0.412201
      1758.00     0.412139
      1759.00     0.412078
      1760.00     0.412017
      1761.00     0.411911
      1762.00     0.411806
      1763.00     0.411700
      1764.00     0.411594
      1765.00     0.411472
      1766.00     0.411350
      1767.00     0.411229
      1768.00     0.411107
      1769.00     0.410444
      1770.00     0.409781
      1771.00     0.409118
      1772.00     0.408455
      1773.00     0.409236
      1774.00     0.410016
      1775.00     0.410796
      1776.00     0.411577
      1777.00     0.412134
      1778.00     0.412691
      1779.00     0.413248
      1780.00     0.413805
      1781.00     0.413622
      1782.00     0.413439
      1783.00     0.413256
      1784.00     0.413073
      1785.00     0.412115
      1786.00     0.411156
      1787.00     0.410197
      1788.00     0.409239
      1789.00     0.409299
      1790.00     0.409359
      1791.00     0.409419
      1792.00     0.409479
      1793.00     0.410637
      1794.00     0.411794
      1795.00     0.412952
      1796.00     0.414110
      1797.00     0.414049
      1798.00     0.413989
      1799.00     0.413928
      1800.00     0.413867
      1801.00     0.413287
      1802.00     0.412707
      1803.00     0.412127
      1804.00     0.411547
      1805.00     0.412262
      1806.00     0.412977
      1807.00     0.413692
      1808.00     0.414407
      1809.00     0.413968
      1810.00     0.413528
      1811.00     0.413089
      1812.00     0.412649
      1813.00     0.411893
      1814.00     0.411138
      1815.00     0.410383
      1816.00     0.409627
      1817.00     0.409668
      1818.00     0.409709
      1819.00     0.409751
      1820.00     0.409792
      1821.00     0.410153
      1822.00     0.410513
      1823.00     0.410874
      1824.00     0.411235
      1825.00     0.411923
      1826.00     0.412611
      1827.00     0.413299
      1828.00     0.413987
      1829.00     0.413724
      1830.00     0.413460
      1831.00     0.413197
      1832.00     0.412934
      1833.00     0.413289
      1834.00     0.413643
      1835.00     0.413998
      1836.00     0.414353
      1837.00     0.414261
      1838.00     0.414168
      1839.00     0.414076
      1840.00     0.413984
      1841.00     0.414375
      1842.00     0.414767
      1843.00     0.415159
      1844.00     0.415550
      1845.00     0.415557
      1846.00     0.415564
      1847.00     0.415571
      1848.00     0.415578
      1849.00     0.414862
      1850.00     0.414146
      1851.00     0.413431
      1852.00     0.412715
      1853.00     0.411779
      1854.00     0.410842
      1855.00     0.409905
      1856.00     0.408969
      1857.00     0.408140
      1858.00     0.407311
      1859.00     0.406481
      1860.00     0.405652
      1861.00     0.404525
      1862.00     0.403398
      1863.00     0.402270
      1864.00     0.401143
      1865.00     0.400488
      1866.00     0.399834
      1867.00     0.399179
      1868.00     0.398524
      1869.00     0.396471
      1870.00     0.394418
      1871.00     0.392364
      1872.00     0.390311
      1873.00     0.388982
      1874.00     0.387653
      1875.00     0.386324
      1876.00     0.384995
      1877.00     0.382929
      1878.00     0.380862
      1879.00     0.378796
      1880.00     0.376729
      1881.00     0.372894
      1882.00     0.369060
      1883.00     0.365225
      1884.00     0.361391
      1885.00     0.357954
      1886.00     0.354516
      1887.00     0.351079
      1888.00     0.347642
      1889.00     0.345025
      1890.00     0.342408
      1891.00     0.339791
      1892.00     0.337174
      1893.00     0.334924
      1894.00     0.332675
      1895.00     0.330426
      1896.00     0.328176
      1897.00     0.325627
      1898.00     0.323078
      1899.00     0.320529
      1900.00     0.317980
      1901.00     0.318030
      1902.00     0.318081
      1903.00     0.318132
      1904.00     0.318182
      1905.00     0.317904
      1906.00     0.317625
      1907.00     0.317347
      1908.00     0.317069
      1909.00     0.317283
      1910.00     0.317496
      1911.00     0.317710
      1912.00     0.317924
      1913.00     0.317988
      1914.00     0.318053
      1915.00     0.318117
      1916.00     0.318182
      1917.00     0.319021
      1918.00     0.319860
      1919.00     0.320698
      1920.00     0.321537
      1921.00     0.322225
      1922.00     0.322913
      1923.00     0.323601
      1924.00     0.324289
      1925.00     0.325297
      1926.00     0.326305
      1927.00     0.327313
      1928.00     0.328321
      1929.00     0.329010
      1930.00     0.329700
      1931.00     0.330389
      1932.00     0.331078
      1933.00     0.331766
      1934.00     0.332455
      1935.00     0.333144
      1936.00     0.333832
      1937.00     0.334408
      1938.00     0.334983
      1939.00     0.335559
      1940.00     0.336134
      1941.00     0.336703
      1942.00     0.337272
      1943.00     0.337842
      1944.00     0.338411
      1945.00     0.339339
      1946.00     0.340268
      1947.00     0.341197
      1948.00     0.342125
      1949.00     0.342484
      1950.00     0.342844
      1951.00     0.343203
      1952.00     0.343562
      1953.00     0.344949
      1954.00     0.346335
      1955.00     0.347722
      1956.00     0.349108
      1957.00     0.351164
      1958.00     0.353220
      1959.00     0.355276
      1960.00     0.357332
      1961.00     0.357643
      1962.00     0.357953
      1963.00     0.358263
      1964.00     0.358574
      1965.00     0.359088
      1966.00     0.359603
      1967.00     0.360117
      1968.00     0.360631
      1969.00     0.360455
      1970.00     0.360280
      1971.00     0.360105
      1972.00     0.359929
      1973.00     0.360120
      1974.00     0.360312
      1975.00     0.360503
      1976.00     0.360694
      1977.00     0.360681
      1978.00     0.360669
      1979.00     0.360656
      1980.00     0.360643
      1981.00     0.361407
      1982.00     0.362172
      1983.00     0.362936
      1984.00     0.363700
      1985.00     0.364032
      1986.00     0.364365
      1987.00     0.364697
      1988.00     0.365029
      1989.00     0.366497
      1990.00     0.367965
      1991.00     0.369433
      1992.00     0.370901
      1993.00     0.371607
      1994.00     0.372313
      1995.00     0.373020
      1996.00     0.373726
      1997.00     0.374082
      1998.00     0.374438
      1999.00     0.374793
      2000.00     0.375149
      2001.00     0.376537
      2002.00     0.377925
      2003.00     0.379313
      2004.00     0.380701
      2005.00     0.380367
      2006.00     0.380033
      2007.00     0.379700
      2008.00     0.379366
      2009.00     0.380242
      2010.00     0.381117
      2011.00     0.381992
      2012.00     0.382868
      2013.00     0.383373
      2014.00     0.383877
      2015.00     0.384382
      2016.00     0.384887
      2017.00     0.384441
      2018.00     0.383996
      2019.00     0.383551
      2020.00     0.383105
      2021.00     0.383999
      2022.00     0.384893
      2023.00     0.385787
      2024.00     0.386681
      2025.00     0.386207
      2026.00     0.385733
      2027.00     0.385259
      2028.00     0.384785
      2029.00     0.384148
      2030.00     0.383511
      2031.00     0.382873
      2032.00     0.382236
      2033.00     0.382901
      2034.00     0.383566
      2035.00     0.384232
      2036.00     0.384897
      2037.00     0.385287
      2038.00     0.385677
      2039.00     0.386066
      2040.00     0.386456
      2041.00     0.387068
      2042.00     0.387680
      2043.00     0.388292
      2044.00     0.388904
      2045.00     0.388931
      2046.00     0.388958
      2047.00     0.388984
      2048.00     0.389011
      2049.00     0.389094
      2050.00     0.389177
      2051.00     0.389260
      2052.00     0.389343
      2053.00     0.389675
      2054.00     0.390006
      2055.00     0.390338
      2056.00     0.390670
      2057.00     0.390945
      2058.00     0.391220
      2059.00     0.391495
      2060.00     0.391770
      2061.00     0.392909
      2062.00     0.394049
      2063.00     0.395188
      2064.00     0.396327
      2065.00     0.395828
      2066.00     0.395330
      2067.00     0.394831
      2068.00     0.394332
      2069.00     0.393361
      2070.00     0.392389
      2071.00     0.391418
      2072.00     0.390446
      2073.00     0.391076
      2074.00     0.391706
      2075.00     0.392337
      2076.00     0.392967
      2077.00     0.392275
      2078.00     0.391584
      2079.00     0.390892
      2080.00     0.389894
      2081.00     0.389513
      2082.00     0.390038
      2083.00     0.389507
      2084.00     0.389534
      2085.00     0.389514
      2086.00     0.389669
      2087.00     0.389948
      2088.00     0.390403
      2089.00     0.390927
      2090.00     0.391184
      2091.00     0.391079
      2092.00     0.390665
      2093.00     0.390055
      2094.00     0.389611
      2095.00     0.389591
      2096.00     0.389970
      2097.00     0.390533
      2098.00     0.390951
      2099.00     0.391002
      2100.00     0.390665
      2101.00     0.390072
      2102.00     0.389622
      2103.00     0.389485
      2104.00     0.389721
      2105.00     0.389924
      2106.00     0.389907
      2107.00     0.389677
      2108.00     0.389364
      2109.00     0.389301
      2110.00     0.389572
      2111.00     0.389971
      2112.00     0.390282
      2113.00     0.390538
      2114.00     0.390634
      2115.00     0.390601
      2116.00     0.390402
      2117.00     0.389892
      2118.00     0.389488
      2119.00     0.389464
      2120.00     0.389838
      2121.00     0.390421
      2122.00     0.391017
      2123.00     0.391132
      2124.00     0.390949
      2125.00     0.390728
      2126.00     0.390446
      2127.00     0.390138
      2128.00     0.389900
      2129.00     0.389735
      2130.00     0.389703
      2131.00     0.390002
      2132.00     0.390496
      2133.00     0.390746
      2134.00     0.390728
      2135.00     0.390541
      2136.00     0.390207
      2137.00     0.390121
      2138.00     0.390359
      2139.00     0.390647
      2140.00     0.390755
      2141.00     0.390643
      2142.00     0.390410
      2143.00     0.390119
      2144.00     0.389879
      2145.00     0.389704
      2146.00     0.389391
      2147.00     0.389031
      2148.00     0.388871
      2149.00     0.388950
      2150.00     0.389135
      2151.00     0.389210
      2152.00     0.389118
      2153.00     0.388830
      2154.00     0.388515
      2155.00     0.388312
      2156.00     0.388140
      2157.00     0.387789
      2158.00     0.387170
      2159.00     0.386448
      2160.00     0.385860
      2161.00     0.385558
      2162.00     0.385639
      2163.00     0.385948
      2164.00     0.386229
      2165.00     0.386310
      2166.00     0.386321
      2167.00     0.386361
      2168.00     0.386367
      2169.00     0.386353
      2170.00     0.386344
      2171.00     0.386157
      2172.00     0.385655
      2173.00     0.384974
      2174.00     0.384329
      2175.00     0.383754
      2176.00     0.383226
      2177.00     0.382834
      2178.00     0.382522
      2179.00     0.382210
      2180.00     0.381879
      2181.00     0.381613
      2182.00     0.381469
      2183.00     0.381321
      2184.00     0.381037
      2185.00     0.380685
      2186.00     0.380329
      2187.00     0.379948
      2188.00     0.379515
      2189.00     0.379033
      2190.00     0.378445
      2191.00     0.377739
      2192.00     0.377052
      2193.00     0.376632
      2194.00     0.376343
      2195.00     0.376086
      2196.00     0.375659
      2197.00     0.374974
      2198.00     0.374132
      2199.00     0.373456
      2200.00     0.373011
      2201.00     0.372851
      2202.00     0.372932
      2203.00     0.373048
      2204.00     0.372844
      2205.00     0.372252
      2206.00     0.371396
      2207.00     0.370487
      2208.00     0.369593
      2209.00     0.369155
      2210.00     0.369187
      2211.00     0.369595
      2212.00     0.370199
      2213.00     0.370912
      2214.00     0.371590
      2215.00     0.372178
      2216.00     0.372713
      2217.00     0.373132
      2218.00     0.373264
      2219.00     0.373224
      2220.00     0.373119
      2221.00     0.373017
      2222.00     0.373075
      2223.00     0.373382
      2224.00     0.373861
      2225.00     0.374203
      2226.00     0.374457
      2227.00     0.374616
      2228.00     0.374713
      2229.00     0.374796
      2230.00     0.374948
      2231.00     0.375069
      2232.00     0.375038
      2233.00     0.374868
      2234.00     0.374643
      2235.00     0.374398
      2236.00     0.374227
      2237.00     0.374170
      2238.00     0.374230
      2239.00     0.374292
      2240.00     0.374264
      2241.00     0.374107
      2242.00     0.373812
      2243.00     0.373448
      2244.00     0.373095
      2245.00     0.372917
      2246.00     0.372900
      2247.00     0.372965
      2248.00     0.373021
      2249.00     0.373040
      2250.00     0.373024
      2251.00     0.373029
      2252.00     0.373126
      2253.00     0.373332
      2254.00     0.373527
      2255.00     0.373656
      2256.00     0.373697
      2257.00     0.373630
      2258.00     0.373515
      2259.00     0.373452
      2260.00     0.373493
      2261.00     0.373651
      2262.00     0.373918
      2263.00     0.374207
      2264.00     0.374471
      2265.00     0.374670
      2266.00     0.374780
      2267.00     0.374804
      2268.00     0.374748
      2269.00     0.374636
      2270.00     0.374499
      2271.00     0.374300
      2272.00     0.374081
      2273.00     0.373884
      2274.00     0.373621
      2275.00     0.373270
      2276.00     0.372900
      2277.00     0.372554
      2278.00     0.372331
      2279.00     0.372251
      2280.00     0.372314
      2281.00     0.372474
      2282.00     0.372546
      2283.00     0.372489
      2284.00     0.372245
      2285.00     0.371845
      2286.00     0.371395
      2287.00     0.370955
      2288.00     0.370574
      2289.00     0.370199
      2290.00     0.369778
      2291.00     0.369403
      2292.00     0.369090
      2293.00     0.368845
      2294.00     0.368646
      2295.00     0.368533
      2296.00     0.368547
      2297.00     0.368590
      2298.00     0.368532
      2299.00     0.368397
      2300.00     0.368183
      2301.00     0.367956
      2302.00     0.367733
      2303.00     0.367545
      2304.00     0.367461
      2305.00     0.367464
      2306.00     0.367522
      2307.00     0.367577
      2308.00     0.367606
      2309.00     0.367673
      2310.00     0.367755
      2311.00     0.367763
      2312.00     0.367694
      2313.00     0.367622
      2314.00     0.367592
      2315.00     0.367541
      2316.00     0.367413
      2317.00     0.367296
      2318.00     0.367260
      2319.00     0.367284
      2320.00     0.367335
      2321.00     0.367424
      2322.00     0.367511
      2323.00     0.367484
      2324.00     0.367318
      2325.00     0.367065
      2326.00     0.366848
      2327.00     0.366637
      2328.00     0.366443
      2329.00     0.366261
      2330.00     0.366088
      2331.00     0.365861
      2332.00     0.365687
      2333.00     0.365554
      2334.00     0.365445
      2335.00     0.365256
      2336.00     0.365002
      2337.00     0.364675
      2338.00     0.364314
      2339.00     0.363949
      2340.00     0.363656
      2341.00     0.363420
      2342.00     0.363164
      2343.00     0.362823
      2344.00     0.362397
      2345.00     0.361979
      2346.00     0.361570
      2347.00     0.361223
      2348.00     0.361005
      2349.00     0.360890
      2350.00     0.360812
      2351.00     0.360681
      2352.00     0.360472
      2353.00     0.360191
      2354.00     0.359854
      2355.00     0.359462
      2356.00     0.359027
      2357.00     0.358648
      2358.00     0.358373
      2359.00     0.358184
      2360.00     0.358067
      2361.00     0.358024
      2362.00     0.358011
      2363.00     0.357933
      2364.00     0.357733
      2365.00     0.357438
      2366.00     0.357193
      2367.00     0.356969
      2368.00     0.356723
      2369.00     0.356475
      2370.00     0.356225
      2371.00     0.355950
      2372.00     0.355640
      2373.00     0.355308
      2374.00     0.354977
      2375.00     0.354650
      2376.00     0.354312
      2377.00     0.353915
      2378.00     0.353473
      2379.00     0.352968
      2380.00     0.352535
      2381.00     0.352251
      2382.00     0.352093
      2383.00     0.352020
      2384.00     0.352005
      2385.00     0.351986
      2386.00     0.351877
      2387.00     0.351641
      2388.00     0.351297
      2389.00     0.350898
      2390.00     0.350549
      2391.00     0.350209
      2392.00     0.349874
      2393.00     0.349535
      2394.00     0.349167
      2395.00     0.348798
      2396.00     0.348485
      2397.00     0.348261
      2398.00     0.348115
      2399.00     0.348022
      2400.00     0.347888
      2401.00     0.347653
      2402.00     0.347249
      2403.00     0.346693
      2404.00     0.346070
      2405.00     0.345464
      2406.00     0.344956
      2407.00     0.344569
      2408.00     0.344274
      2409.00     0.344054
      2410.00     0.343879
      2411.00     0.343656
      2412.00     0.343384
      2413.00     0.343038
      2414.00     0.342620
      2415.00     0.342164
      2416.00     0.341685
      2417.00     0.341183
      2418.00     0.340590
      2419.00     0.340035
      2420.00     0.339492
      2421.00     0.338972
      2422.00     0.338453
      2423.00     0.337978
      2424.00     0.337575
      2425.00     0.337194
      2426.00     0.336738
      2427.00     0.336227
      2428.00     0.335761
      2429.00     0.335233
      2430.00     0.334676
      2431.00     0.334089
      2432.00     0.333506
      2433.00     0.332988
      2434.00     0.332521
      2435.00     0.332013
      2436.00     0.331541
      2437.00     0.331062
      2438.00     0.330613
      2439.00     0.330124
      2440.00     0.329579
      2441.00     0.329024
      2442.00     0.328451
      2443.00     0.327956
      2444.00     0.327486
      2445.00     0.327135
      2446.00     0.326873
      2447.00     0.326663
      2448.00     0.326435
      2449.00     0.326120
      2450.00     0.325744
      2451.00     0.325249
      2452.00     0.324749
      2453.00     0.324246
      2454.00     0.323756
      2455.00     0.323325
      2456.00     0.322948
      2457.00     0.322519
      2458.00     0.322115
      2459.00     0.321723
      2460.00     0.321303
      2461.00     0.320870
      2462.00     0.320416
      2463.00     0.319931
      2464.00     0.319443
      2465.00     0.318934
      2466.00     0.318462
      2467.00     0.318040
      2468.00     0.317681
      2469.00     0.317407
      2470.00     0.317193
      2471.00     0.316965
      2472.00     0.316690
      2473.00     0.316397
      2474.00     0.316069
      2475.00     0.315705
      2476.00     0.315311
      2477.00     0.314883
      2478.00     0.314451
      2479.00     0.314013
      2480.00     0.313564
      2481.00     0.313102
      2482.00     0.312682
      2483.00     0.312344
      2484.00     0.312043
      2485.00     0.311748
      2486.00     0.311458
      2487.00     0.311166
      2488.00     0.310875
      2489.00     0.310592
      2490.00     0.310329
      2491.00     0.310066
      2492.00     0.309804
      2493.00     0.309513
      2494.00     0.309184
      2495.00     0.308828
      2496.00     0.308490
      2497.00     0.308199
      2498.00     0.307954
      2499.00     0.307718
      2500.00     0.307456
