      400.000     0.000000
      401.000     0.000000
      402.000     0.000000
      403.000     0.000000
      404.000     0.000000
      405.000     0.000000
      406.000     0.000000
      407.000     0.000000
      408.000     0.000000
      409.000     0.000000
      410.000     0.000000
      411.000     0.000000
      412.000     0.000000
      413.000     0.000000
      414.000     0.000000
      415.000     0.000000
      416.000     0.000000
      417.000     0.000000
      418.000  0.000542000
      419.000   0.00132100
      420.000 3.70000e-005
      421.000   0.00135400
      422.000 3.70000e-005
      423.000   0.00299600
      424.000   0.00462600
      425.000   0.00295400
      426.000   0.00727700
      427.000   0.00724400
      428.000   0.00294700
      429.000   0.00717900
      430.000   0.00622900
      431.000   0.00621700
      432.000    0.0105250
      433.000   0.00788800
      434.000    0.0104180
      435.000    0.0136650
      436.000    0.0137620
      437.000    0.0112590
      438.000    0.0138010
      439.000    0.0153110
      440.000    0.0152680
      441.000    0.0153330
      442.000    0.0151170
      443.000    0.0168630
      444.000    0.0167920
      445.000    0.0180210
      446.000    0.0179970
      447.000    0.0197020
      448.000    0.0166740
      449.000    0.0194900
      450.000    0.0184500
      451.000    0.0197550
      452.000    0.0215690
      453.000    0.0214210
      454.000    0.0229350
      455.000    0.0215690
      456.000    0.0232250
      457.000    0.0244340
      458.000    0.0240780
      459.000    0.0239490
      460.000    0.0265840
      461.000    0.0264040
      462.000    0.0264400
      463.000    0.0265840
      464.000    0.0282540
      465.000    0.0279880
      466.000    0.0278370
      467.000    0.0281020
      468.000    0.0280640
      469.000    0.0279880
      470.000    0.0281400
      471.000    0.0286820
      472.000    0.0312270
      473.000    0.0325000
      474.000    0.0325430
      475.000    0.0326710
      476.000    0.0339410
      477.000    0.0339850
      478.000    0.0338960
      479.000    0.0337190
      480.000    0.0338520
      481.000    0.0340300
      482.000    0.0338070
      483.000    0.0336300
      484.000    0.0348040
      485.000    0.0346250
      486.000    0.0362490
      487.000    0.0378990
      488.000    0.0379470
      489.000    0.0376600
      490.000    0.0359290
      491.000    0.0373270
      492.000    0.0358380
      493.000    0.0401840
      494.000    0.0403820
      495.000    0.0412470
      496.000    0.0412970
      497.000    0.0426770
      498.000    0.0440390
      499.000    0.0445670
      500.000    0.0441970
      501.000    0.0423540
      502.000    0.0440910
      503.000    0.0438810
      504.000    0.0452440
      505.000    0.0463930
      506.000    0.0464470
      507.000    0.0462860
      508.000    0.0463930
      509.000    0.0492950
      510.000    0.0493510
      511.000    0.0490160
      512.000    0.0504440
      513.000    0.0513600
      514.000    0.0514170
      515.000    0.0546950
      516.000    0.0511330
      517.000    0.0509630
      518.000    0.0576490
      519.000    0.0548890
      520.000    0.0560760
      521.000    0.0554240
      522.000    0.0553040
      523.000    0.0594690
      524.000    0.0562010
      525.000    0.0573940
      526.000    0.0584010
      527.000    0.0615860
      528.000    0.0613910
      529.000    0.0613910
      530.000    0.0612620
      531.000    0.0610680
      532.000    0.0592190
      533.000    0.0654030
      534.000    0.0674080
      535.000    0.0672700
      536.000    0.0668580
      537.000    0.0685980
      538.000    0.0680420
      539.000    0.0693640
      540.000    0.0714420
      541.000    0.0712290
      542.000    0.0682590
      543.000    0.0692350
      544.000    0.0724040
      545.000    0.0702750
      546.000    0.0708910
      547.000    0.0723490
      548.000    0.0738130
      549.000    0.0788560
      550.000    0.0796470
      551.000    0.0791940
      552.000    0.0799780
      553.000    0.0779500
      554.000    0.0809070
      555.000    0.0804130
      556.000    0.0846780
      557.000    0.0848340
      558.000    0.0855440
      559.000    0.0857320
      560.000    0.0865010
      561.000    0.0863410
      562.000    0.0885670
      563.000    0.0894780
      564.000    0.0891820
      565.000    0.0919920
      566.000    0.0920760
      567.000    0.0934030
      568.000    0.0947320
      569.000    0.0949020
      570.000    0.0978770
      571.000    0.0971740
      572.000    0.0964780
      573.000    0.0959760
      574.000    0.0984980
      575.000    0.0977760
      576.000    0.0967180
      577.000     0.100666
      578.000     0.101589
      579.000     0.104055
      580.000     0.105259
      581.000     0.105878
      582.000     0.104322
      583.000     0.104229
      584.000     0.106446
      585.000     0.110153
      586.000     0.108303
      587.000     0.112061
      588.000     0.107822
      589.000     0.110874
      590.000     0.111928
      591.000     0.110190
      592.000     0.111470
      593.000     0.111372
      594.000     0.113533
      595.000     0.114933
      596.000     0.114030
      597.000     0.116387
      598.000     0.115262
      599.000     0.117610
      600.000     0.116754
      601.000     0.118785
      602.000     0.118076
      603.000     0.117573
      604.000     0.118629
      605.000     0.119695
      606.000     0.121992
      607.000     0.121476
      608.000     0.119620
      609.000     0.121067
      610.000     0.121169
      611.000     0.122518
      612.000     0.122518
      613.000     0.123353
      614.000     0.127191
      615.000     0.127191
      616.000     0.126876
      617.000     0.125633
      618.000     0.127783
      619.000     0.126208
      620.000     0.126834
      621.000     0.126861
      622.000     0.127698
      623.000     0.129664
      624.000     0.129235
      625.000     0.128095
      626.000     0.128200
      627.000     0.128832
      628.000     0.132041
      629.000     0.133308
      630.000     0.134224
      631.000     0.134334
      632.000     0.134224
      633.000     0.133788
      634.000     0.133788
      635.000     0.134918
      636.000     0.136007
      637.000     0.134918
      638.000     0.136598
      639.000     0.137965
      640.000     0.139422
      641.000     0.140770
      642.000     0.140883
      643.000     0.140883
      644.000     0.140432
      645.000     0.140545
      646.000     0.141666
      647.000     0.139649
      648.000     0.140207
      649.000     0.142106
      650.000     0.145137
      651.000     0.146950
      652.000     0.146950
      653.000     0.147652
      654.000     0.149486
      655.000     0.146504
      656.000     0.145929
      657.000     0.148657
      658.000     0.147485
      659.000     0.150302
      660.000     0.147833
      661.000     0.153855
      662.000     0.153734
      663.000     0.152770
      664.000     0.154609
      665.000     0.155969
      666.000     0.155969
      667.000     0.154739
      668.000     0.160183
      669.000     0.160922
      670.000     0.160672
      671.000     0.160422
      672.000     0.155775
      673.000     0.155775
      674.000     0.157612
      675.000     0.159461
      676.000     0.159216
      677.000     0.161073
      678.000     0.160702
      679.000     0.161570
      680.000     0.162429
      681.000     0.162800
      682.000     0.162924
      683.000     0.162924
      684.000     0.164406
      685.000     0.165262
      686.000     0.166872
      687.000     0.169466
      688.000     0.169851
      689.000     0.170238
      690.000     0.169466
      691.000     0.170700
      692.000     0.170700
      693.000     0.170958
      694.000     0.172846
      695.000     0.173822
      696.000     0.174348
      697.000     0.175542
      698.000     0.176749
      699.000     0.178961
      700.000     0.178297
      701.000     0.176329
      702.000     0.176459
      703.000     0.176720
      704.000     0.179806
      705.000     0.181557
      706.000     0.181691
      707.000     0.184266
      708.000     0.183724
      709.000     0.183589
      710.000     0.184806
      711.000     0.183724
      712.000     0.183994
      713.000     0.187493
      714.000     0.188981
      715.000     0.188568
      716.000     0.189089
      717.000     0.189227
      718.000     0.191921
      719.000     0.192620
      720.000     0.195563
      721.000     0.191782
      722.000     0.193130
      723.000     0.193778
      724.000     0.195691
      725.000     0.194875
      726.000     0.198071
      727.000     0.197365
      728.000     0.197956
      729.000     0.196337
      730.000     0.196900
      731.000     0.199524
      732.000     0.201741
      733.000     0.202806
      734.000     0.205991
      735.000     0.206312
      736.000     0.206312
      737.000     0.204097
      738.000     0.205302
      739.000     0.205302
      740.000     0.206801
      741.000     0.207859
      742.000     0.208421
      743.000     0.205049
      744.000     0.208789
      745.000     0.210525
      746.000     0.210284
      747.000     0.212535
      748.000     0.212685
      749.000     0.211838
      750.000     0.214783
      751.000     0.214181
      752.000     0.213794
      753.000     0.215085
      754.000     0.215442
      755.000     0.217700
      756.000     0.217700
      757.000     0.218992
      758.000     0.218293
      759.000     0.221307
      760.000     0.221275
      761.000     0.220509
      762.000     0.221243
      763.000     0.221702
      764.000     0.222317
      765.000     0.223668
      766.000     0.223823
      767.000     0.223668
      768.000     0.228545
      769.000     0.227292
      770.000     0.227510
      771.000     0.228702
      772.000     0.228702
      773.000     0.227593
      774.000     0.228943
      775.000     0.231491
      776.000     0.232991
      777.000     0.233311
      778.000     0.234986
      779.000     0.235372
      780.000     0.233881
      781.000     0.232924
      782.000     0.234021
      783.000     0.235471
      784.000     0.238404
      785.000     0.240132
      786.000     0.241615
      787.000     0.241450
      788.000     0.240132
      789.000     0.242148
      790.000     0.240829
      791.000     0.241158
      792.000     0.241435
      793.000     0.241752
      794.000     0.238745
      795.000     0.244304
      796.000     0.244637
      797.000     0.245894
      798.000     0.245192
      799.000     0.245208
      800.000     0.252283
      801.000     0.253299
      802.000     0.254315
      803.000     0.255331
      804.000     0.256347
      805.000     0.256721
      806.000     0.257095
      807.000     0.257469
      808.000     0.257843
      809.000     0.258619
      810.000     0.259395
      811.000     0.260171
      812.000     0.260947
      813.000     0.261569
      814.000     0.262191
      815.000     0.262813
      816.000     0.263435
      817.000     0.263418
      818.000     0.263402
      819.000     0.263385
      820.000     0.263368
      821.000     0.263584
      822.000     0.263799
      823.000     0.264015
      824.000     0.264231
      825.000     0.264970
      826.000     0.265709
      827.000     0.266447
      828.000     0.267186
      829.000     0.268253
      830.000     0.269319
      831.000     0.270386
      832.000     0.271453
      833.000     0.271453
      834.000     0.271452
      835.000     0.271452
      836.000     0.271452
      837.000     0.271864
      838.000     0.272275
      839.000     0.272686
      840.000     0.273098
      841.000     0.273865
      842.000     0.274632
      843.000     0.275399
      844.000     0.276166
      845.000     0.276559
      846.000     0.276952
      847.000     0.277345
      848.000     0.277738
      849.000     0.278289
      850.000     0.278840
      851.000     0.279391
      852.000     0.279942
      853.000     0.280657
      854.000     0.281372
      855.000     0.282088
      856.000     0.282803
      857.000     0.282825
      858.000     0.282847
      859.000     0.282869
      860.000     0.282891
      861.000     0.283581
      862.000     0.284271
      863.000     0.284960
      864.000     0.285650
      865.000     0.286084
      866.000     0.286518
      867.000     0.286951
      868.000     0.287385
      869.000     0.287679
      870.000     0.287974
      871.000     0.288268
      872.000     0.288562
      873.000     0.289088
      874.000     0.289614
      875.000     0.290140
      876.000     0.290666
      877.000     0.290648
      878.000     0.290630
      879.000     0.290611
      880.000     0.290593
      881.000     0.291806
      882.000     0.293018
      883.000     0.294230
      884.000     0.295443
      885.000     0.295211
      886.000     0.294980
      887.000     0.294748
      888.000     0.294516
      889.000     0.294497
      890.000     0.294477
      891.000     0.294458
      892.000     0.294439
      893.000     0.295352
      894.000     0.296266
      895.000     0.297179
      896.000     0.298093
      897.000     0.298294
      898.000     0.298495
      899.000     0.298697
      900.000     0.298898
      901.000     0.299454
      902.000     0.300011
      903.000     0.300567
      904.000     0.301123
      905.000     0.301901
      906.000     0.302678
      907.000     0.303456
      908.000     0.304233
      909.000     0.305054
      910.000     0.305875
      911.000     0.306697
      912.000     0.307518
      913.000     0.307807
      914.000     0.308096
      915.000     0.308385
      916.000     0.308674
      917.000     0.308976
      918.000     0.309277
      919.000     0.309579
      920.000     0.309881
      921.000     0.310606
      922.000     0.311331
      923.000     0.312056
      924.000     0.312781
      925.000     0.313254
      926.000     0.313727
      927.000     0.314201
      928.000     0.314674
      929.000     0.315632
      930.000     0.316590
      931.000     0.317549
      932.000     0.318507
      933.000     0.319037
      934.000     0.319566
      935.000     0.320096
      936.000     0.320625
      937.000     0.320576
      938.000     0.320526
      939.000     0.320477
      940.000     0.320427
      941.000     0.320574
      942.000     0.320721
      943.000     0.320868
      944.000     0.321015
      945.000     0.322263
      946.000     0.323511
      947.000     0.324758
      948.000     0.326006
      949.000     0.326250
      950.000     0.326494
      951.000     0.326738
      952.000     0.326982
      953.000     0.326886
      954.000     0.326790
      955.000     0.326694
      956.000     0.326598
      957.000     0.327412
      958.000     0.328227
      959.000     0.329041
      960.000     0.329855
      961.000     0.330908
      962.000     0.331960
      963.000     0.333013
      964.000     0.334066
      965.000     0.333778
      966.000     0.333490
      967.000     0.333203
      968.000     0.332915
      969.000     0.334393
      970.000     0.335872
      971.000     0.337350
      972.000     0.338828
      973.000     0.339211
      974.000     0.339593
      975.000     0.339976
      976.000     0.340358
      977.000     0.340595
      978.000     0.340832
      979.000     0.341068
      980.000     0.341305
      981.000     0.341232
      982.000     0.341158
      983.000     0.341085
      984.000     0.341011
      985.000     0.340433
      986.000     0.339855
      987.000     0.339278
      988.000     0.338700
      989.000     0.340767
      990.000     0.342835
      991.000     0.344902
      992.000     0.346969
      993.000     0.347439
      994.000     0.347908
      995.000     0.348378
      996.000     0.348848
      997.000     0.349397
      998.000     0.349946
      999.000     0.350496
      1000.00     0.351045
      1001.00     0.351026
      1002.00     0.351007
      1003.00     0.350988
      1004.00     0.350969
      1005.00     0.351591
      1006.00     0.352212
      1007.00     0.352834
      1008.00     0.353455
      1009.00     0.353282
      1010.00     0.353108
      1011.00     0.352935
      1012.00     0.352762
      1013.00     0.352711
      1014.00     0.352660
      1015.00     0.352610
      1016.00     0.352559
      1017.00     0.354003
      1018.00     0.355447
      1019.00     0.356892
      1020.00     0.358336
      1021.00     0.359138
      1022.00     0.359941
      1023.00     0.360743
      1024.00     0.361546
      1025.00     0.361442
      1026.00     0.361338
      1027.00     0.361234
      1028.00     0.361130
      1029.00     0.361699
      1030.00     0.362267
      1031.00     0.362835
      1032.00     0.363404
      1033.00     0.364223
      1034.00     0.365043
      1035.00     0.365862
      1036.00     0.366681
      1037.00     0.366378
      1038.00     0.366075
      1039.00     0.365772
      1040.00     0.365469
      1041.00     0.365774
      1042.00     0.366079
      1043.00     0.366384
      1044.00     0.366689
      1045.00     0.366993
      1046.00     0.367296
      1047.00     0.367599
      1048.00     0.367903
      1049.00     0.368894
      1050.00     0.369886
      1051.00     0.370877
      1052.00     0.371868
      1053.00     0.371442
      1054.00     0.371016
      1055.00     0.370590
      1056.00     0.370164
      1057.00     0.371065
      1058.00     0.371966
      1059.00     0.372868
      1060.00     0.373769
      1061.00     0.374120
      1062.00     0.374471
      1063.00     0.374823
      1064.00     0.375174
      1065.00     0.375805
      1066.00     0.376437
      1067.00     0.377068
      1068.00     0.377700
      1069.00     0.378853
      1070.00     0.380005
      1071.00     0.381158
      1072.00     0.382311
      1073.00     0.382356
      1074.00     0.382402
      1075.00     0.382447
      1076.00     0.382493
      1077.00     0.381992
      1078.00     0.381490
      1079.00     0.380988
      1080.00     0.380487
      1081.00     0.380167
      1082.00     0.379848
      1083.00     0.379528
      1084.00     0.379209
      1085.00     0.380094
      1086.00     0.380979
      1087.00     0.381864
      1088.00     0.382749
      1089.00     0.382649
      1090.00     0.382548
      1091.00     0.382448
      1092.00     0.382348
      1093.00     0.383083
      1094.00     0.383818
      1095.00     0.384553
      1096.00     0.385288
      1097.00     0.385569
      1098.00     0.385850
      1099.00     0.386132
      1100.00     0.386413
      1101.00     0.387987
      1102.00     0.389561
      1103.00     0.391135
      1104.00     0.392709
      1105.00     0.392769
      1106.00     0.392829
      1107.00     0.392889
      1108.00     0.392949
      1109.00     0.392838
      1110.00     0.392726
      1111.00     0.392615
      1112.00     0.392504
      1113.00     0.392221
      1114.00     0.391937
      1115.00     0.391654
      1116.00     0.391371
      1117.00     0.392156
      1118.00     0.392941
      1119.00     0.393725
      1120.00     0.394510
      1121.00     0.395187
      1122.00     0.395863
      1123.00     0.396540
      1124.00     0.397217
      1125.00     0.398045
      1126.00     0.398872
      1127.00     0.399700
      1128.00     0.400528
      1129.00     0.400037
      1130.00     0.399546
      1131.00     0.399055
      1132.00     0.398564
      1133.00     0.399202
      1134.00     0.399840
      1135.00     0.400479
      1136.00     0.401117
      1137.00     0.401117
      1138.00     0.401117
      1139.00     0.401117
      1140.00     0.401117
      1141.00     0.402102
      1142.00     0.403087
      1143.00     0.404072
      1144.00     0.405057
      1145.00     0.406038
      1146.00     0.407019
      1147.00     0.408000
      1148.00     0.408981
      1149.00     0.408152
      1150.00     0.407324
      1151.00     0.406495
      1152.00     0.405666
      1153.00     0.406074
      1154.00     0.406482
      1155.00     0.406889
      1156.00     0.407297
      1157.00     0.407421
      1158.00     0.407546
      1159.00     0.407670
      1160.00     0.407795
      1161.00     0.408062
      1162.00     0.408329
      1163.00     0.408597
      1164.00     0.408864
      1165.00     0.409462
      1166.00     0.410060
      1167.00     0.410657
      1168.00     0.411255
      1169.00     0.411198
      1170.00     0.411141
      1171.00     0.411083
      1172.00     0.411026
      1173.00     0.411616
      1174.00     0.412206
      1175.00     0.412795
      1176.00     0.413385
      1177.00     0.414139
      1178.00     0.414893
      1179.00     0.415647
      1180.00     0.416401
      1181.00     0.416212
      1182.00     0.416024
      1183.00     0.415835
      1184.00     0.415647
      1185.00     0.416346
      1186.00     0.417045
      1187.00     0.417743
      1188.00     0.418442
      1189.00     0.417976
      1190.00     0.417510
      1191.00     0.417044
      1192.00     0.416578
      1193.00     0.417397
      1194.00     0.418216
      1195.00     0.419036
      1196.00     0.419855
      1197.00     0.419973
      1198.00     0.420092
      1199.00     0.420210
      1200.00     0.420328
      1201.00     0.420269
      1202.00     0.420210
      1203.00     0.420150
      1204.00     0.420091
      1205.00     0.419973
      1206.00     0.419855
      1207.00     0.419737
      1208.00     0.419619
      1209.00     0.419165
      1210.00     0.418712
      1211.00     0.418258
      1212.00     0.417805
      1213.00     0.418537
      1214.00     0.419268
      1215.00     0.420000
      1216.00     0.420732
      1217.00     0.421428
      1218.00     0.422123
      1219.00     0.422819
      1220.00     0.423515
      1221.00     0.423974
      1222.00     0.424433
      1223.00     0.424892
      1224.00     0.425351
      1225.00     0.424952
      1226.00     0.424553
      1227.00     0.424154
      1228.00     0.423755
      1229.00     0.424214
      1230.00     0.424673
      1231.00     0.425133
      1232.00     0.425592
      1233.00     0.425351
      1234.00     0.425110
      1235.00     0.424869
      1236.00     0.424628
      1237.00     0.425341
      1238.00     0.426055
      1239.00     0.426769
      1240.00     0.427482
      1241.00     0.427578
      1242.00     0.427675
      1243.00     0.427771
      1244.00     0.427867
      1245.00     0.427963
      1246.00     0.428059
      1247.00     0.428155
      1248.00     0.428251
      1249.00     0.428497
      1250.00     0.428743
      1251.00     0.428990
      1252.00     0.429236
      1253.00     0.429388
      1254.00     0.429540
      1255.00     0.429692
      1256.00     0.429844
      1257.00     0.430338
      1258.00     0.430831
      1259.00     0.431325
      1260.00     0.431819
      1261.00     0.431974
      1262.00     0.432129
      1263.00     0.432284
      1264.00     0.432439
      1265.00     0.432748
      1266.00     0.433058
      1267.00     0.433367
      1268.00     0.433677
      1269.00     0.434412
      1270.00     0.435147
      1271.00     0.435882
      1272.00     0.436617
      1273.00     0.436861
      1274.00     0.437105
      1275.00     0.437349
      1276.00     0.437593
      1277.00     0.438447
      1278.00     0.439301
      1279.00     0.440154
      1280.00     0.441008
      1281.00     0.441275
      1282.00     0.441542
      1283.00     0.441809
      1284.00     0.442076
      1285.00     0.441885
      1286.00     0.441693
      1287.00     0.441502
      1288.00     0.441311
      1289.00     0.441609
      1290.00     0.441907
      1291.00     0.442205
      1292.00     0.442503
      1293.00     0.443216
      1294.00     0.443929
      1295.00     0.444642
      1296.00     0.445355
      1297.00     0.444512
      1298.00     0.443669
      1299.00     0.442826
      1300.00     0.441983
      1301.00     0.441861
      1302.00     0.441740
      1303.00     0.441619
      1304.00     0.441497
      1305.00     0.441624
      1306.00     0.441752
      1307.00     0.441879
      1308.00     0.442007
      1309.00     0.441825
      1310.00     0.441644
      1311.00     0.441463
      1312.00     0.441281
      1313.00     0.440684
      1314.00     0.440086
      1315.00     0.439489
      1316.00     0.438892
      1317.00     0.439839
      1318.00     0.440785
      1319.00     0.441732
      1320.00     0.442679
      1321.00     0.442262
      1322.00     0.441845
      1323.00     0.441429
      1324.00     0.441012
      1325.00     0.441261
      1326.00     0.441509
      1327.00     0.441758
      1328.00     0.442007
      1329.00     0.442505
      1330.00     0.443002
      1331.00     0.443500
      1332.00     0.443998
      1333.00     0.444023
      1334.00     0.444048
      1335.00     0.444074
      1336.00     0.444099
      1337.00     0.444295
      1338.00     0.444491
      1339.00     0.444687
      1340.00     0.444883
      1341.00     0.445046
      1342.00     0.445210
      1343.00     0.445374
      1344.00     0.445537
      1345.00     0.445100
      1346.00     0.444663
      1347.00     0.444226
      1348.00     0.443789
      1349.00     0.443616
      1350.00     0.443443
      1351.00     0.443271
      1352.00     0.443098
      1353.00     0.443240
      1354.00     0.443382
      1355.00     0.443524
      1356.00     0.443666
      1357.00     0.442959
      1358.00     0.442253
      1359.00     0.441546
      1360.00     0.440839
      1361.00     0.440885
      1362.00     0.440930
      1363.00     0.440975
      1364.00     0.441021
      1365.00     0.440831
      1366.00     0.440642
      1367.00     0.440452
      1368.00     0.440263
      1369.00     0.440175
      1370.00     0.440087
      1371.00     0.439999
      1372.00     0.439911
      1373.00     0.439172
      1374.00     0.438433
      1375.00     0.437694
      1376.00     0.436955
      1377.00     0.437131
      1378.00     0.437307
      1379.00     0.437482
      1380.00     0.437658
      1381.00     0.436823
      1382.00     0.435987
      1383.00     0.435151
      1384.00     0.434316
      1385.00     0.433523
      1386.00     0.432729
      1387.00     0.431936
      1388.00     0.431143
      1389.00     0.429338
      1390.00     0.427532
      1391.00     0.425727
      1392.00     0.423921
      1393.00     0.423109
      1394.00     0.422296
      1395.00     0.421484
      1396.00     0.420671
      1397.00     0.419532
      1398.00     0.418392
      1399.00     0.417253
      1400.00     0.416113
      1401.00     0.416581
      1402.00     0.417050
      1403.00     0.417518
      1404.00     0.417986
      1405.00     0.418114
      1406.00     0.418243
      1407.00     0.418371
      1408.00     0.418500
      1409.00     0.418730
      1410.00     0.418959
      1411.00     0.419189
      1412.00     0.419419
      1413.00     0.420089
      1414.00     0.420758
      1415.00     0.421428
      1416.00     0.422098
      1417.00     0.422958
      1418.00     0.423817
      1419.00     0.424677
      1420.00     0.425536
      1421.00     0.425132
      1422.00     0.424727
      1423.00     0.424323
      1424.00     0.423919
      1425.00     0.423919
      1426.00     0.423919
      1427.00     0.423919
      1428.00     0.423919
      1429.00     0.424480
      1430.00     0.425040
      1431.00     0.425601
      1432.00     0.426162
      1433.00     0.426956
      1434.00     0.427750
      1435.00     0.428543
      1436.00     0.429337
      1437.00     0.429547
      1438.00     0.429757
      1439.00     0.429966
      1440.00     0.430176
      1441.00     0.430933
      1442.00     0.431690
      1443.00     0.432447
      1444.00     0.433204
      1445.00     0.434471
      1446.00     0.435738
      1447.00     0.437005
      1448.00     0.438272
      1449.00     0.437674
      1450.00     0.437075
      1451.00     0.436476
      1452.00     0.435878
      1453.00     0.435462
      1454.00     0.435047
      1455.00     0.434631
      1456.00     0.434216
      1457.00     0.434806
      1458.00     0.435396
      1459.00     0.435985
      1460.00     0.436575
      1461.00     0.437671
      1462.00     0.438767
      1463.00     0.439863
      1464.00     0.440959
      1465.00     0.440984
      1466.00     0.441009
      1467.00     0.441035
      1468.00     0.441060
      1469.00     0.441041
      1470.00     0.441022
      1471.00     0.441002
      1472.00     0.440983
      1473.00     0.441027
      1474.00     0.441072
      1475.00     0.441116
      1476.00     0.441160
      1477.00     0.441461
      1478.00     0.441762
      1479.00     0.442062
      1480.00     0.442363
      1481.00     0.443076
      1482.00     0.443789
      1483.00     0.444501
      1484.00     0.445214
      1485.00     0.445680
      1486.00     0.446146
      1487.00     0.446613
      1488.00     0.447079
      1489.00     0.446627
      1490.00     0.446176
      1491.00     0.445724
      1492.00     0.445272
      1493.00     0.445474
      1494.00     0.445676
      1495.00     0.445878
      1496.00     0.446080
      1497.00     0.447091
      1498.00     0.448102
      1499.00     0.449112
      1500.00     0.450123
      1501.00     0.450873
      1502.00     0.451624
      1503.00     0.452374
      1504.00     0.453125
      1505.00     0.454077
      1506.00     0.455029
      1507.00     0.455982
      1508.00     0.456934
      1509.00     0.458053
      1510.00     0.459173
      1511.00     0.460292
      1512.00     0.461411
      1513.00     0.460294
      1514.00     0.459177
      1515.00     0.458059
      1516.00     0.456942
      1517.00     0.457623
      1518.00     0.458305
      1519.00     0.458986
      1520.00     0.459667
      1521.00     0.459326
      1522.00     0.458984
      1523.00     0.458643
      1524.00     0.458302
      1525.00     0.458457
      1526.00     0.458612
      1527.00     0.458767
      1528.00     0.458922
      1529.00     0.459078
      1530.00     0.459235
      1531.00     0.459391
      1532.00     0.459547
      1533.00     0.459811
      1534.00     0.460075
      1535.00     0.460339
      1536.00     0.460603
      1537.00     0.461460
      1538.00     0.462316
      1539.00     0.463172
      1540.00     0.464029
      1541.00     0.463451
      1542.00     0.462874
      1543.00     0.462296
      1544.00     0.461718
      1545.00     0.461330
      1546.00     0.460943
      1547.00     0.460555
      1548.00     0.460167
      1549.00     0.460291
      1550.00     0.460415
      1551.00     0.460540
      1552.00     0.460664
      1553.00     0.461129
      1554.00     0.461594
      1555.00     0.462058
      1556.00     0.462523
      1557.00     0.463441
      1558.00     0.464358
      1559.00     0.465276
      1560.00     0.466193
      1561.00     0.466004
      1562.00     0.465816
      1563.00     0.465627
      1564.00     0.465438
      1565.00     0.465587
      1566.00     0.465737
      1567.00     0.465887
      1568.00     0.466036
      1569.00     0.465586
      1570.00     0.465135
      1571.00     0.464684
      1572.00     0.464234
      1573.00     0.463785
      1574.00     0.463335
      1575.00     0.462886
      1576.00     0.462437
      1577.00     0.462873
      1578.00     0.463310
      1579.00     0.463746
      1580.00     0.464183
      1581.00     0.464545
      1582.00     0.464907
      1583.00     0.465269
      1584.00     0.465631
      1585.00     0.466500
      1586.00     0.467369
      1587.00     0.468239
      1588.00     0.469108
      1589.00     0.470556
      1590.00     0.472005
      1591.00     0.473453
      1592.00     0.474901
      1593.00     0.475030
      1594.00     0.475158
      1595.00     0.475286
      1596.00     0.475415
      1597.00     0.475030
      1598.00     0.474645
      1599.00     0.474260
      1600.00     0.473875
      1601.00     0.474238
      1602.00     0.474602
      1603.00     0.474965
      1604.00     0.475328
      1605.00     0.475037
      1606.00     0.474745
      1607.00     0.474453
      1608.00     0.474162
      1609.00     0.474234
      1610.00     0.474306
      1611.00     0.474377
      1612.00     0.474449
      1613.00     0.474385
      1614.00     0.474321
      1615.00     0.474257
      1616.00     0.474193
      1617.00     0.474108
      1618.00     0.474023
      1619.00     0.473937
      1620.00     0.473852
      1621.00     0.474720
      1622.00     0.475587
      1623.00     0.476454
      1624.00     0.477322
      1625.00     0.476604
      1626.00     0.475886
      1627.00     0.475167
      1628.00     0.474449
      1629.00     0.474719
      1630.00     0.474989
      1631.00     0.475258
      1632.00     0.475528
      1633.00     0.475471
      1634.00     0.475415
      1635.00     0.475358
      1636.00     0.475301
      1637.00     0.475103
      1638.00     0.474905
      1639.00     0.474707
      1640.00     0.474509
      1641.00     0.473733
      1642.00     0.472956
      1643.00     0.472180
      1644.00     0.471403
      1645.00     0.472243
      1646.00     0.473083
      1647.00     0.473923
      1648.00     0.474763
      1649.00     0.474898
      1650.00     0.475032
      1651.00     0.475167
      1652.00     0.475301
      1653.00     0.474849
      1654.00     0.474397
      1655.00     0.473945
      1656.00     0.473493
      1657.00     0.472988
      1658.00     0.472484
      1659.00     0.471979
      1660.00     0.471474
      1661.00     0.471474
      1662.00     0.471474
      1663.00     0.471474
      1664.00     0.471474
      1665.00     0.471852
      1666.00     0.472230
      1667.00     0.472609
      1668.00     0.472987
      1669.00     0.473058
      1670.00     0.473130
      1671.00     0.473201
      1672.00     0.473272
      1673.00     0.473730
      1674.00     0.474188
      1675.00     0.474646
      1676.00     0.475104
      1677.00     0.475848
      1678.00     0.476592
      1679.00     0.477337
      1680.00     0.478081
      1681.00     0.477477
      1682.00     0.476874
      1683.00     0.476270
      1684.00     0.475666
      1685.00     0.476573
      1686.00     0.477480
      1687.00     0.478386
      1688.00     0.479293
      1689.00     0.479425
      1690.00     0.479558
      1691.00     0.479690
      1692.00     0.479822
      1693.00     0.479435
      1694.00     0.479048
      1695.00     0.478662
      1696.00     0.478275
      1697.00     0.479786
      1698.00     0.481297
      1699.00     0.482808
      1700.00     0.484319
      1701.00     0.484320
      1702.00     0.484322
      1703.00     0.484323
      1704.00     0.484324
      1705.00     0.483662
      1706.00     0.483000
      1707.00     0.482337
      1708.00     0.481675
      1709.00     0.482254
      1710.00     0.482832
      1711.00     0.483411
      1712.00     0.483990
      1713.00     0.483985
      1714.00     0.483979
      1715.00     0.483974
      1716.00     0.483968
      1717.00     0.484025
      1718.00     0.484082
      1719.00     0.484138
      1720.00     0.484195
      1721.00     0.484650
      1722.00     0.485106
      1723.00     0.485561
      1724.00     0.486016
      1725.00     0.487029
      1726.00     0.488041
      1727.00     0.489053
      1728.00     0.490066
      1729.00     0.489450
      1730.00     0.488835
      1731.00     0.488219
      1732.00     0.487603
      1733.00     0.488540
      1734.00     0.489477
      1735.00     0.490413
      1736.00     0.491350
      1737.00     0.490611
      1738.00     0.489872
      1739.00     0.489132
      1740.00     0.488393
      1741.00     0.487614
      1742.00     0.486834
      1743.00     0.486055
      1744.00     0.485276
      1745.00     0.486531
      1746.00     0.487785
      1747.00     0.489040
      1748.00     0.490295
      1749.00     0.489972
      1750.00     0.489648
      1751.00     0.489325
      1752.00     0.489002
      1753.00     0.488938
      1754.00     0.488874
      1755.00     0.488810
      1756.00     0.488746
      1757.00     0.488680
      1758.00     0.488615
      1759.00     0.488550
      1760.00     0.488484
      1761.00     0.488353
      1762.00     0.488221
      1763.00     0.488090
      1764.00     0.487959
      1765.00     0.488610
      1766.00     0.489261
      1767.00     0.489912
      1768.00     0.490563
      1769.00     0.489891
      1770.00     0.489218
      1771.00     0.488545
      1772.00     0.487873
      1773.00     0.488133
      1774.00     0.488393
      1775.00     0.488654
      1776.00     0.488914
      1777.00     0.489194
      1778.00     0.489474
      1779.00     0.489754
      1780.00     0.490034
      1781.00     0.489579
      1782.00     0.489124
      1783.00     0.488670
      1784.00     0.488215
      1785.00     0.487486
      1786.00     0.486757
      1787.00     0.486029
      1788.00     0.485300
      1789.00     0.485622
      1790.00     0.485945
      1791.00     0.486268
      1792.00     0.486590
      1793.00     0.487774
      1794.00     0.488958
      1795.00     0.490142
      1796.00     0.491326
      1797.00     0.491261
      1798.00     0.491195
      1799.00     0.491130
      1800.00     0.491065
      1801.00     0.489429
      1802.00     0.487794
      1803.00     0.486158
      1804.00     0.484522
      1805.00     0.483941
      1806.00     0.483360
      1807.00     0.482780
      1808.00     0.482199
      1809.00     0.482782
      1810.00     0.483365
      1811.00     0.483949
      1812.00     0.484532
      1813.00     0.484019
      1814.00     0.483507
      1815.00     0.482994
      1816.00     0.482481
      1817.00     0.482800
      1818.00     0.483118
      1819.00     0.483436
      1820.00     0.483755
      1821.00     0.484657
      1822.00     0.485559
      1823.00     0.486461
      1824.00     0.487363
      1825.00     0.487056
      1826.00     0.486750
      1827.00     0.486443
      1828.00     0.486136
      1829.00     0.485937
      1830.00     0.485738
      1831.00     0.485538
      1832.00     0.485339
      1833.00     0.485732
      1834.00     0.486125
      1835.00     0.486518
      1836.00     0.486911
      1837.00     0.486518
      1838.00     0.486125
      1839.00     0.485732
      1840.00     0.485339
      1841.00     0.484923
      1842.00     0.484508
      1843.00     0.484092
      1844.00     0.483676
      1845.00     0.484161
      1846.00     0.484646
      1847.00     0.485132
      1848.00     0.485617
      1849.00     0.484846
      1850.00     0.484075
      1851.00     0.483305
      1852.00     0.482534
      1853.00     0.481831
      1854.00     0.481128
      1855.00     0.480424
      1856.00     0.479721
      1857.00     0.478934
      1858.00     0.478147
      1859.00     0.477361
      1860.00     0.476574
      1861.00     0.475551
      1862.00     0.474529
      1863.00     0.473507
      1864.00     0.472484
      1865.00     0.470815
      1866.00     0.469145
      1867.00     0.467476
      1868.00     0.465806
      1869.00     0.463715
      1870.00     0.461623
      1871.00     0.459532
      1872.00     0.457441
      1873.00     0.455263
      1874.00     0.453085
      1875.00     0.450907
      1876.00     0.448729
      1877.00     0.446368
      1878.00     0.444006
      1879.00     0.441645
      1880.00     0.439284
      1881.00     0.436196
      1882.00     0.433107
      1883.00     0.430019
      1884.00     0.426931
      1885.00     0.423232
      1886.00     0.419533
      1887.00     0.415834
      1888.00     0.412135
      1889.00     0.409041
      1890.00     0.405947
      1891.00     0.402853
      1892.00     0.399759
      1893.00     0.397044
      1894.00     0.394329
      1895.00     0.391615
      1896.00     0.388900
      1897.00     0.386654
      1898.00     0.384407
      1899.00     0.382161
      1900.00     0.379915
      1901.00     0.378398
      1902.00     0.376881
      1903.00     0.375365
      1904.00     0.373848
      1905.00     0.372252
      1906.00     0.370655
      1907.00     0.369058
      1908.00     0.367462
      1909.00     0.367148
      1910.00     0.366833
      1911.00     0.366518
      1912.00     0.366204
      1913.00     0.367324
      1914.00     0.368444
      1915.00     0.369564
      1916.00     0.370684
      1917.00     0.370991
      1918.00     0.371298
      1919.00     0.371606
      1920.00     0.371913
      1921.00     0.372862
      1922.00     0.373810
      1923.00     0.374759
      1924.00     0.375708
      1925.00     0.376709
      1926.00     0.377710
      1927.00     0.378711
      1928.00     0.379712
      1929.00     0.380393
      1930.00     0.381074
      1931.00     0.381755
      1932.00     0.382436
      1933.00     0.383630
      1934.00     0.384824
      1935.00     0.386017
      1936.00     0.387211
      1937.00     0.388032
      1938.00     0.388854
      1939.00     0.389676
      1940.00     0.390497
      1941.00     0.391060
      1942.00     0.391624
      1943.00     0.392187
      1944.00     0.392750
      1945.00     0.393418
      1946.00     0.394085
      1947.00     0.394753
      1948.00     0.395420
      1949.00     0.396290
      1950.00     0.397160
      1951.00     0.398030
      1952.00     0.398900
      1953.00     0.399511
      1954.00     0.400122
      1955.00     0.400732
      1956.00     0.401343
      1957.00     0.402371
      1958.00     0.403398
      1959.00     0.404426
      1960.00     0.405454
      1961.00     0.406023
      1962.00     0.406591
      1963.00     0.407160
      1964.00     0.407729
      1965.00     0.409014
      1966.00     0.410300
      1967.00     0.411586
      1968.00     0.412871
      1969.00     0.413719
      1970.00     0.414567
      1971.00     0.415414
      1972.00     0.416262
      1973.00     0.417200
      1974.00     0.418138
      1975.00     0.419076
      1976.00     0.420014
      1977.00     0.421519
      1978.00     0.423025
      1979.00     0.424530
      1980.00     0.426035
      1981.00     0.426800
      1982.00     0.427564
      1983.00     0.428329
      1984.00     0.429093
      1985.00     0.429910
      1986.00     0.430727
      1987.00     0.431544
      1988.00     0.432361
      1989.00     0.434080
      1990.00     0.435798
      1991.00     0.437517
      1992.00     0.439236
      1993.00     0.440192
      1994.00     0.441148
      1995.00     0.442105
      1996.00     0.443061
      1997.00     0.443424
      1998.00     0.443786
      1999.00     0.444148
      2000.00     0.444511
      2001.00     0.445906
      2002.00     0.447300
      2003.00     0.448694
      2004.00     0.450089
      2005.00     0.449989
      2006.00     0.449889
      2007.00     0.449789
      2008.00     0.449689
      2009.00     0.449531
      2010.00     0.449373
      2011.00     0.449214
      2012.00     0.449056
      2013.00     0.448551
      2014.00     0.448047
      2015.00     0.447542
      2016.00     0.447037
      2017.00     0.447075
      2018.00     0.447113
      2019.00     0.447151
      2020.00     0.447189
      2021.00     0.447827
      2022.00     0.448464
      2023.00     0.449102
      2024.00     0.449739
      2025.00     0.450258
      2026.00     0.450777
      2027.00     0.451296
      2028.00     0.451815
      2029.00     0.451907
      2030.00     0.451999
      2031.00     0.452090
      2032.00     0.452182
      2033.00     0.453608
      2034.00     0.455034
      2035.00     0.456460
      2036.00     0.457886
      2037.00     0.457768
      2038.00     0.457651
      2039.00     0.457533
      2040.00     0.457415
      2041.00     0.458284
      2042.00     0.459153
      2043.00     0.460022
      2044.00     0.460891
      2045.00     0.460154
      2046.00     0.459417
      2047.00     0.458681
      2048.00     0.457944
      2049.00     0.458267
      2050.00     0.458589
      2051.00     0.458912
      2052.00     0.459235
      2053.00     0.458809
      2054.00     0.458384
      2055.00     0.457959
      2056.00     0.457533
      2057.00     0.457548
      2058.00     0.457563
      2059.00     0.457577
      2060.00     0.457592
      2061.00     0.458502
      2062.00     0.459411
      2063.00     0.460321
      2064.00     0.461230
      2065.00     0.461729
      2066.00     0.462228
      2067.00     0.462727
      2068.00     0.463226
      2069.00     0.462957
      2070.00     0.462688
      2071.00     0.462419
      2072.00     0.462150
      2073.00     0.462773
      2074.00     0.463396
      2075.00     0.464020
      2076.00     0.464643
      2077.00     0.464189
      2078.00     0.463736
      2079.00     0.463282
      2080.00     0.462953
      2081.00     0.463107
      2082.00     0.463119
      2083.00     0.462534
      2084.00     0.462707
      2085.00     0.462931
      2086.00     0.462463
      2087.00     0.462582
      2088.00     0.462945
      2089.00     0.463301
      2090.00     0.462911
      2091.00     0.462627
      2092.00     0.463164
      2093.00     0.462519
      2094.00     0.461859
      2095.00     0.461865
      2096.00     0.463102
      2097.00     0.463223
      2098.00     0.462567
      2099.00     0.463402
      2100.00     0.464125
      2101.00     0.463421
      2102.00     0.462712
      2103.00     0.464126
      2104.00     0.464454
      2105.00     0.462900
      2106.00     0.462591
      2107.00     0.462763
      2108.00     0.463090
      2109.00     0.463066
      2110.00     0.462435
      2111.00     0.462750
      2112.00     0.462776
      2113.00     0.462225
      2114.00     0.463575
      2115.00     0.463826
      2116.00     0.462516
      2117.00     0.462442
      2118.00     0.463504
      2119.00     0.463860
      2120.00     0.463401
      2121.00     0.463183
      2122.00     0.462404
      2123.00     0.462873
      2124.00     0.463963
      2125.00     0.463793
      2126.00     0.463060
      2127.00     0.463011
      2128.00     0.463255
      2129.00     0.463346
      2130.00     0.462231
      2131.00     0.462106
      2132.00     0.462923
      2133.00     0.462370
      2134.00     0.462180
      2135.00     0.462664
      2136.00     0.462648
      2137.00     0.461928
      2138.00     0.461932
      2139.00     0.461531
      2140.00     0.461737
      2141.00     0.462334
      2142.00     0.462342
      2143.00     0.461686
      2144.00     0.460734
      2145.00     0.460590
      2146.00     0.460146
      2147.00     0.459475
      2148.00     0.459449
      2149.00     0.459424
      2150.00     0.458829
      2151.00     0.458164
      2152.00     0.457972
      2153.00     0.458083
      2154.00     0.457336
      2155.00     0.456462
      2156.00     0.456041
      2157.00     0.455367
      2158.00     0.454682
      2159.00     0.454893
      2160.00     0.454408
      2161.00     0.452885
      2162.00     0.452841
      2163.00     0.452839
      2164.00     0.452597
      2165.00     0.452347
      2166.00     0.451677
      2167.00     0.450252
      2168.00     0.449650
      2169.00     0.449718
      2170.00     0.449208
      2171.00     0.449126
      2172.00     0.449522
      2173.00     0.449804
      2174.00     0.448739
      2175.00     0.447980
      2176.00     0.448074
      2177.00     0.447302
      2178.00     0.445621
      2179.00     0.444988
      2180.00     0.445076
      2181.00     0.444484
      2182.00     0.443513
      2183.00     0.443016
      2184.00     0.442565
      2185.00     0.442031
      2186.00     0.441175
      2187.00     0.440668
      2188.00     0.440555
      2189.00     0.440195
      2190.00     0.439491
      2191.00     0.438492
      2192.00     0.438109
      2193.00     0.437665
      2194.00     0.436444
      2195.00     0.436285
      2196.00     0.436215
      2197.00     0.435694
      2198.00     0.434835
      2199.00     0.433806
      2200.00     0.433032
      2201.00     0.432533
      2202.00     0.431848
      2203.00     0.430487
      2204.00     0.428849
      2205.00     0.427589
      2206.00     0.426686
      2207.00     0.425874
      2208.00     0.424735
      2209.00     0.424792
      2210.00     0.426553
      2211.00     0.428236
      2212.00     0.429816
      2213.00     0.431348
      2214.00     0.432435
      2215.00     0.433837
      2216.00     0.434954
      2217.00     0.435930
      2218.00     0.437357
      2219.00     0.438792
      2220.00     0.437932
      2221.00     0.437785
      2222.00     0.439188
      2223.00     0.439843
      2224.00     0.440087
      2225.00     0.440797
      2226.00     0.440638
      2227.00     0.440652
      2228.00     0.441187
      2229.00     0.442041
      2230.00     0.442307
      2231.00     0.442220
      2232.00     0.442394
      2233.00     0.442151
      2234.00     0.441899
      2235.00     0.442448
      2236.00     0.443025
      2237.00     0.442852
      2238.00     0.442255
      2239.00     0.441850
      2240.00     0.442131
      2241.00     0.442780
      2242.00     0.442894
      2243.00     0.442446
      2244.00     0.442427
      2245.00     0.443070
      2246.00     0.443281
      2247.00     0.443228
      2248.00     0.443823
      2249.00     0.444326
      2250.00     0.444374
      2251.00     0.443624
      2252.00     0.444249
      2253.00     0.445014
      2254.00     0.443922
      2255.00     0.443688
      2256.00     0.445236
      2257.00     0.445230
      2258.00     0.444926
      2259.00     0.444891
      2260.00     0.445338
      2261.00     0.445420
      2262.00     0.445122
      2263.00     0.445077
      2264.00     0.445558
      2265.00     0.446194
      2266.00     0.445953
      2267.00     0.445661
      2268.00     0.445545
      2269.00     0.444770
      2270.00     0.445066
      2271.00     0.445515
      2272.00     0.444873
      2273.00     0.444675
      2274.00     0.445076
      2275.00     0.444697
      2276.00     0.444541
      2277.00     0.445153
      2278.00     0.445184
      2279.00     0.444388
      2280.00     0.443599
      2281.00     0.443401
      2282.00     0.443176
      2283.00     0.442836
      2284.00     0.442512
      2285.00     0.441826
      2286.00     0.441692
      2287.00     0.441717
      2288.00     0.441275
      2289.00     0.440933
      2290.00     0.441156
      2291.00     0.441150
      2292.00     0.440170
      2293.00     0.439486
      2294.00     0.439959
      2295.00     0.440012
      2296.00     0.439263
      2297.00     0.438536
      2298.00     0.438419
      2299.00     0.439049
      2300.00     0.439452
      2301.00     0.438849
      2302.00     0.438002
      2303.00     0.438065
      2304.00     0.438203
      2305.00     0.437386
      2306.00     0.437046
      2307.00     0.437890
      2308.00     0.437899
      2309.00     0.437177
      2310.00     0.436894
      2311.00     0.437044
      2312.00     0.437251
      2313.00     0.436988
      2314.00     0.436713
      2315.00     0.436617
      2316.00     0.437055
      2317.00     0.437398
      2318.00     0.437379
      2319.00     0.437563
      2320.00     0.437851
      2321.00     0.437584
      2322.00     0.437028
      2323.00     0.436730
      2324.00     0.436284
      2325.00     0.436049
      2326.00     0.436009
      2327.00     0.435728
      2328.00     0.435772
      2329.00     0.435527
      2330.00     0.434874
      2331.00     0.434157
      2332.00     0.434157
      2333.00     0.434117
      2334.00     0.433649
      2335.00     0.433863
      2336.00     0.434164
      2337.00     0.433799
      2338.00     0.433095
      2339.00     0.432618
      2340.00     0.432182
      2341.00     0.431616
      2342.00     0.431120
      2343.00     0.430788
      2344.00     0.430502
      2345.00     0.430117
      2346.00     0.429609
      2347.00     0.429199
      2348.00     0.429107
      2349.00     0.428805
      2350.00     0.428158
      2351.00     0.428033
      2352.00     0.427935
      2353.00     0.427401
      2354.00     0.427064
      2355.00     0.427005
      2356.00     0.426835
      2357.00     0.426478
      2358.00     0.426172
      2359.00     0.425872
      2360.00     0.425591
      2361.00     0.425538
      2362.00     0.425328
      2363.00     0.425411
      2364.00     0.425385
      2365.00     0.425084
      2366.00     0.424705
      2367.00     0.424473
      2368.00     0.423899
      2369.00     0.423302
      2370.00     0.423092
      2371.00     0.422739
      2372.00     0.422037
      2373.00     0.421306
      2374.00     0.420698
      2375.00     0.420231
      2376.00     0.420108
      2377.00     0.420082
      2378.00     0.420418
      2379.00     0.419866
      2380.00     0.418645
      2381.00     0.418003
      2382.00     0.417644
      2383.00     0.417337
      2384.00     0.417264
      2385.00     0.417360
      2386.00     0.417296
      2387.00     0.417084
      2388.00     0.416930
      2389.00     0.417199
      2390.00     0.417679
      2391.00     0.417522
      2392.00     0.416793
      2393.00     0.416203
      2394.00     0.416116
      2395.00     0.416196
      2396.00     0.415864
      2397.00     0.415341
      2398.00     0.415472
      2399.00     0.415458
      2400.00     0.415272
      2401.00     0.415444
      2402.00     0.415741
      2403.00     0.415875
      2404.00     0.415658
      2405.00     0.415173
      2406.00     0.414835
      2407.00     0.414766
      2408.00     0.414346
      2409.00     0.413725
      2410.00     0.413119
      2411.00     0.412523
      2412.00     0.412297
      2413.00     0.411969
      2414.00     0.411266
      2415.00     0.410514
      2416.00     0.410104
      2417.00     0.409847
      2418.00     0.409989
      2419.00     0.409952
      2420.00     0.409818
      2421.00     0.409368
      2422.00     0.408547
      2423.00     0.407563
      2424.00     0.407054
      2425.00     0.407210
      2426.00     0.407238
      2427.00     0.406134
      2428.00     0.404958
      2429.00     0.403991
      2430.00     0.403617
      2431.00     0.403578
      2432.00     0.403349
      2433.00     0.402523
      2434.00     0.401405
      2435.00     0.400917
      2436.00     0.400742
      2437.00     0.400306
      2438.00     0.399877
      2439.00     0.399551
      2440.00     0.399174
      2441.00     0.398629
      2442.00     0.398177
      2443.00     0.398003
      2444.00     0.397586
      2445.00     0.396964
      2446.00     0.396259
      2447.00     0.395661
      2448.00     0.395203
      2449.00     0.394788
      2450.00     0.394476
      2451.00     0.394576
      2452.00     0.394617
      2453.00     0.394021
      2454.00     0.393244
      2455.00     0.392854
      2456.00     0.392891
      2457.00     0.392774
      2458.00     0.391960
      2459.00     0.391445
      2460.00     0.391100
      2461.00     0.391025
      2462.00     0.390750
      2463.00     0.390033
      2464.00     0.389601
      2465.00     0.389450
      2466.00     0.388974
      2467.00     0.388518
      2468.00     0.388029
      2469.00     0.387720
      2470.00     0.387828
      2471.00     0.388192
      2472.00     0.387726
      2473.00     0.387052
      2474.00     0.386481
      2475.00     0.386032
      2476.00     0.385501
      2477.00     0.384751
      2478.00     0.384156
      2479.00     0.383680
      2480.00     0.383503
      2481.00     0.383291
      2482.00     0.382837
      2483.00     0.382289
      2484.00     0.381874
      2485.00     0.381952
      2486.00     0.381986
      2487.00     0.381741
      2488.00     0.381267
      2489.00     0.380740
      2490.00     0.380294
      2491.00     0.380038
      2492.00     0.379784
      2493.00     0.379595
      2494.00     0.379339
      2495.00     0.378872
      2496.00     0.378229
      2497.00     0.378297
      2498.00     0.378611
      2499.00     0.378601
      2500.00     0.378313
