      400.000    0.0400860
      401.000    0.0374440
      402.000    0.0418020
      403.000    0.0417660
      404.000    0.0417560
      405.000    0.0417720
      406.000    0.0417560
      407.000    0.0430440
      408.000    0.0464420
      409.000    0.0450990
      410.000    0.0463560
      411.000    0.0477000
      412.000    0.0477460
      413.000    0.0494580
      414.000    0.0493900
      415.000    0.0493490
      416.000    0.0510810
      417.000    0.0510810
      418.000    0.0512070
      419.000    0.0530580
      420.000    0.0518460
      421.000    0.0531120
      422.000    0.0565100
      423.000    0.0563090
      424.000    0.0592700
      425.000    0.0561520
      426.000    0.0574060
      427.000    0.0604170
      428.000    0.0591170
      429.000    0.0606270
      430.000    0.0622760
      431.000    0.0647340
      432.000    0.0664890
      433.000    0.0665210
      434.000    0.0664570
      435.000    0.0683220
      436.000    0.0693440
      437.000    0.0692030
      438.000    0.0690630
      439.000    0.0735320
      440.000    0.0737330
      441.000    0.0735320
      442.000    0.0702110
      443.000    0.0747390
      444.000    0.0790580
      445.000    0.0763950
      446.000    0.0761800
      447.000    0.0778710
      448.000    0.0807650
      449.000    0.0781410
      450.000    0.0819400
      451.000    0.0818430
      452.000    0.0816980
      453.000    0.0830730
      454.000    0.0829260
      455.000    0.0828770
      456.000    0.0861840
      457.000    0.0876230
      458.000    0.0890890
      459.000    0.0871370
      460.000    0.0867000
      461.000    0.0895000
      462.000    0.0876470
      463.000    0.0896150
      464.000    0.0895000
      465.000    0.0922880
      466.000    0.0922270
      467.000    0.0921070
      468.000    0.0904860
      469.000    0.0921070
      470.000    0.0920470
      471.000    0.0921070
      472.000    0.0921670
      473.000    0.0935630
      474.000    0.0933800
      475.000    0.0934410
      476.000    0.0948760
      477.000    0.0947510
      478.000    0.0946880
      479.000    0.0990440
      480.000     0.101855
      481.000     0.101855
      482.000     0.101511
      483.000     0.101579
      484.000     0.102917
      485.000     0.102431
      486.000     0.101100
      487.000     0.103884
      488.000     0.105073
      489.000     0.103764
      490.000     0.106261
      491.000     0.104604
      492.000     0.108633
      493.000     0.109151
      494.000     0.111361
      495.000     0.111207
      496.000     0.110672
      497.000     0.110716
      498.000     0.112089
      499.000     0.111678
      500.000     0.111678
      501.000     0.113019
      502.000     0.112942
      503.000     0.112331
      504.000     0.112407
      505.000     0.113435
      506.000     0.115643
      507.000     0.117604
      508.000     0.119022
      509.000     0.119022
      510.000     0.122284
      511.000     0.122369
      512.000     0.122031
      513.000     0.122868
      514.000     0.125465
      515.000     0.126244
      516.000     0.126070
      517.000     0.126331
      518.000     0.125569
      519.000     0.126829
      520.000     0.130035
      521.000     0.129589
      522.000     0.129000
      523.000     0.128912
      524.000     0.132462
      525.000     0.132371
      526.000     0.132642
      527.000     0.133623
      528.000     0.134782
      529.000     0.134782
      530.000     0.134965
      531.000     0.135149
      532.000     0.136588
      533.000     0.139857
      534.000     0.139571
      535.000     0.140257
      536.000     0.141416
      537.000     0.141800
      538.000     0.142863
      539.000     0.144411
      540.000     0.143445
      541.000     0.146727
      542.000     0.146826
      543.000     0.148283
      544.000     0.147882
      545.000     0.147285
      546.000     0.147186
      547.000     0.148736
      548.000     0.149987
      549.000     0.151980
      550.000     0.152207
      551.000     0.152734
      552.000     0.153359
      553.000     0.154487
      554.000     0.157050
      555.000     0.157050
      556.000     0.158699
      557.000     0.158804
      558.000     0.160357
      559.000     0.159124
      560.000     0.159745
      561.000     0.161625
      562.000     0.165627
      563.000     0.163380
      564.000     0.166432
      565.000     0.170204
      566.000     0.167154
      567.000     0.171695
      568.000     0.172718
      569.000     0.168991
      570.000     0.168765
      571.000     0.166845
      572.000     0.168652
      573.000     0.170470
      574.000     0.170698
      575.000     0.175944
      576.000     0.176432
      577.000     0.174189
      578.000     0.177468
      579.000     0.178330
      580.000     0.181501
      581.000     0.176911
      582.000     0.176428
      583.000     0.177154
      584.000     0.179247
      585.000     0.184495
      586.000     0.184752
      587.000     0.185145
      588.000     0.183072
      589.000     0.182696
      590.000     0.183739
      591.000     0.184242
      592.000     0.185411
      593.000     0.187233
      594.000     0.184150
      595.000     0.184905
      596.000     0.187873
      597.000     0.190299
      598.000     0.183650
      599.000     0.186488
      600.000     0.188587
      601.000     0.188826
      602.000     0.185902
      603.000     0.187916
      604.000     0.188545
      605.000     0.192405
      606.000     0.193523
      607.000     0.193523
      608.000     0.191789
      609.000     0.194539
      610.000     0.194539
      611.000     0.199574
      612.000     0.196826
      613.000     0.196826
      614.000     0.198081
      615.000     0.199600
      616.000     0.200529
      617.000     0.206238
      618.000     0.205699
      619.000     0.206250
      620.000     0.207505
      621.000     0.207089
      622.000     0.205475
      623.000     0.205475
      624.000     0.204086
      625.000     0.208342
      626.000     0.205475
      627.000     0.209461
      628.000     0.213524
      629.000     0.209652
      630.000     0.209652
      631.000     0.213637
      632.000     0.213140
      633.000     0.216579
      634.000     0.216724
      635.000     0.219385
      636.000     0.221234
      637.000     0.218631
      638.000     0.218197
      639.000     0.217873
      640.000     0.217980
      641.000     0.217553
      642.000     0.217017
      643.000     0.218695
      644.000     0.222303
      645.000     0.219084
      646.000     0.219371
      647.000     0.219371
      648.000     0.222929
      649.000     0.223846
      650.000     0.226981
      651.000     0.225246
      652.000     0.226498
      653.000     0.230256
      654.000     0.230558
      655.000     0.229504
      656.000     0.229056
      657.000     0.230302
      658.000     0.229492
      659.000     0.234167
      660.000     0.233372
      661.000     0.233986
      662.000     0.233219
      663.000     0.232143
      664.000     0.232294
      665.000     0.235288
      666.000     0.236549
      667.000     0.238252
      668.000     0.237635
      669.000     0.239031
      670.000     0.240581
      671.000     0.241520
      672.000     0.242308
      673.000     0.242137
      674.000     0.241980
      675.000     0.242280
      676.000     0.243990
      677.000     0.243706
      678.000     0.246987
      679.000     0.249160
      680.000     0.249113
      681.000     0.249455
      682.000     0.252902
      683.000     0.253725
      684.000     0.256227
      685.000     0.255728
      686.000     0.256477
      687.000     0.255153
      688.000     0.254989
      689.000     0.257136
      690.000     0.257302
      691.000     0.258300
      692.000     0.260554
      693.000     0.262880
      694.000     0.262370
      695.000     0.260013
      696.000     0.258820
      697.000     0.259331
      698.000     0.260097
      699.000     0.263431
      700.000     0.266470
      701.000     0.266301
      702.000     0.266202
      703.000     0.265867
      704.000     0.267965
      705.000     0.269013
      706.000     0.269690
      707.000     0.271691
      708.000     0.272912
      709.000     0.273440
      710.000     0.275084
      711.000     0.274298
      712.000     0.276305
      713.000     0.276654
      714.000     0.277697
      715.000     0.277866
      716.000     0.280115
      717.000     0.277519
      718.000     0.281855
      719.000     0.280557
      720.000     0.284638
      721.000     0.282361
      722.000     0.282185
      723.000     0.282185
      724.000     0.283572
      725.000     0.286351
      726.000     0.288103
      727.000     0.290713
      728.000     0.290090
      729.000     0.288338
      730.000     0.289571
      731.000     0.292345
      732.000     0.290349
      733.000     0.291914
      734.000     0.294576
      735.000     0.293484
      736.000     0.294691
      737.000     0.295057
      738.000     0.298315
      739.000     0.298315
      740.000     0.298499
      741.000     0.299055
      742.000     0.299708
      743.000     0.301476
      744.000     0.301938
      745.000     0.302854
      746.000     0.302296
      747.000     0.304056
      748.000     0.304431
      749.000     0.304056
      750.000     0.303869
      751.000     0.307406
      752.000     0.308611
      753.000     0.307216
      754.000     0.309000
      755.000     0.311268
      756.000     0.313240
      757.000     0.312470
      758.000     0.309886
      759.000     0.309886
      760.000     0.311084
      761.000     0.314054
      762.000     0.314677
      763.000     0.317882
      764.000     0.318270
      765.000     0.316879
      766.000     0.317688
      767.000     0.314640
      768.000     0.320079
      769.000     0.319885
      770.000     0.322470
      771.000     0.325661
      772.000     0.322292
      773.000     0.320907
      774.000     0.322078
      775.000     0.322864
      776.000     0.326454
      777.000     0.327651
      778.000     0.327850
      779.000     0.326855
      780.000     0.325661
      781.000     0.328248
      782.000     0.328644
      783.000     0.332826
      784.000     0.332826
      785.000     0.332404
      786.000     0.332220
      787.000     0.330371
      788.000     0.329776
      789.000     0.330173
      790.000     0.329381
      791.000     0.332354
      792.000     0.334935
      793.000     0.340358
      794.000     0.335924
      795.000     0.335517
      796.000     0.333312
      797.000     0.335119
      798.000     0.338129
      799.000     0.338188
      800.000     0.344138
      801.000     0.343474
      802.000     0.342809
      803.000     0.342145
      804.000     0.341481
      805.000     0.343687
      806.000     0.345893
      807.000     0.348098
      808.000     0.350304
      809.000     0.350304
      810.000     0.350304
      811.000     0.350304
      812.000     0.350304
      813.000     0.350204
      814.000     0.350105
      815.000     0.350005
      816.000     0.349905
      817.000     0.351059
      818.000     0.352214
      819.000     0.353369
      820.000     0.354523
      821.000     0.354971
      822.000     0.355420
      823.000     0.355868
      824.000     0.356316
      825.000     0.356815
      826.000     0.357314
      827.000     0.357812
      828.000     0.358311
      829.000     0.358560
      830.000     0.358808
      831.000     0.359057
      832.000     0.359306
      833.000     0.360113
      834.000     0.360920
      835.000     0.361728
      836.000     0.362535
      837.000     0.362173
      838.000     0.361812
      839.000     0.361450
      840.000     0.361088
      841.000     0.362195
      842.000     0.363302
      843.000     0.364409
      844.000     0.365516
      845.000     0.365802
      846.000     0.366089
      847.000     0.366375
      848.000     0.366661
      849.000     0.366894
      850.000     0.367127
      851.000     0.367361
      852.000     0.367594
      853.000     0.367582
      854.000     0.367570
      855.000     0.367557
      856.000     0.367545
      857.000     0.367985
      858.000     0.368426
      859.000     0.368867
      860.000     0.369307
      861.000     0.369742
      862.000     0.370176
      863.000     0.370611
      864.000     0.371046
      865.000     0.371276
      866.000     0.371507
      867.000     0.371737
      868.000     0.371968
      869.000     0.372108
      870.000     0.372249
      871.000     0.372389
      872.000     0.372529
      873.000     0.373556
      874.000     0.374583
      875.000     0.375610
      876.000     0.376637
      877.000     0.376669
      878.000     0.376701
      879.000     0.376733
      880.000     0.376765
      881.000     0.377648
      882.000     0.378532
      883.000     0.379415
      884.000     0.380298
      885.000     0.380224
      886.000     0.380149
      887.000     0.380075
      888.000     0.380001
      889.000     0.380482
      890.000     0.380963
      891.000     0.381444
      892.000     0.381925
      893.000     0.382461
      894.000     0.382996
      895.000     0.383532
      896.000     0.384067
      897.000     0.384997
      898.000     0.385926
      899.000     0.386856
      900.000     0.387786
      901.000     0.388264
      902.000     0.388743
      903.000     0.389221
      904.000     0.389699
      905.000     0.390046
      906.000     0.390392
      907.000     0.390739
      908.000     0.391086
      909.000     0.390768
      910.000     0.390449
      911.000     0.390131
      912.000     0.389812
      913.000     0.390283
      914.000     0.390755
      915.000     0.391226
      916.000     0.391697
      917.000     0.392409
      918.000     0.393121
      919.000     0.393833
      920.000     0.394545
      921.000     0.394659
      922.000     0.394773
      923.000     0.394888
      924.000     0.395002
      925.000     0.395294
      926.000     0.395585
      927.000     0.395877
      928.000     0.396169
      929.000     0.396746
      930.000     0.397323
      931.000     0.397899
      932.000     0.398476
      933.000     0.398719
      934.000     0.398962
      935.000     0.399205
      936.000     0.399448
      937.000     0.399904
      938.000     0.400361
      939.000     0.400818
      940.000     0.401274
      941.000     0.401954
      942.000     0.402635
      943.000     0.403315
      944.000     0.403995
      945.000     0.404177
      946.000     0.404358
      947.000     0.404539
      948.000     0.404721
      949.000     0.405070
      950.000     0.405418
      951.000     0.405766
      952.000     0.406115
      953.000     0.406769
      954.000     0.407422
      955.000     0.408075
      956.000     0.408729
      957.000     0.408898
      958.000     0.409066
      959.000     0.409235
      960.000     0.409404
      961.000     0.409478
      962.000     0.409552
      963.000     0.409627
      964.000     0.409701
      965.000     0.410392
      966.000     0.411082
      967.000     0.411772
      968.000     0.412463
      969.000     0.412254
      970.000     0.412046
      971.000     0.411837
      972.000     0.411628
      973.000     0.411928
      974.000     0.412229
      975.000     0.412529
      976.000     0.412829
      977.000     0.412838
      978.000     0.412847
      979.000     0.412856
      980.000     0.412865
      981.000     0.413063
      982.000     0.413261
      983.000     0.413459
      984.000     0.413657
      985.000     0.414453
      986.000     0.415250
      987.000     0.416046
      988.000     0.416842
      989.000     0.417585
      990.000     0.418328
      991.000     0.419070
      992.000     0.419813
      993.000     0.419813
      994.000     0.419813
      995.000     0.419813
      996.000     0.419813
      997.000     0.420738
      998.000     0.421662
      999.000     0.422587
      1000.00     0.423511
      1001.00     0.423964
      1002.00     0.424417
      1003.00     0.424871
      1004.00     0.425324
      1005.00     0.425104
      1006.00     0.424884
      1007.00     0.424665
      1008.00     0.424445
      1009.00     0.425487
      1010.00     0.426528
      1011.00     0.427570
      1012.00     0.428611
      1013.00     0.429465
      1014.00     0.430319
      1015.00     0.431173
      1016.00     0.432027
      1017.00     0.431573
      1018.00     0.431119
      1019.00     0.430665
      1020.00     0.430211
      1021.00     0.429635
      1022.00     0.429059
      1023.00     0.428484
      1024.00     0.427908
      1025.00     0.429177
      1026.00     0.430445
      1027.00     0.431714
      1028.00     0.432983
      1029.00     0.432029
      1030.00     0.431075
      1031.00     0.430121
      1032.00     0.429167
      1033.00     0.430456
      1034.00     0.431745
      1035.00     0.433035
      1036.00     0.434324
      1037.00     0.435001
      1038.00     0.435677
      1039.00     0.436354
      1040.00     0.437031
      1041.00     0.437069
      1042.00     0.437107
      1043.00     0.437146
      1044.00     0.437184
      1045.00     0.438162
      1046.00     0.439140
      1047.00     0.440118
      1048.00     0.441096
      1049.00     0.441194
      1050.00     0.441292
      1051.00     0.441391
      1052.00     0.441489
      1053.00     0.441992
      1054.00     0.442495
      1055.00     0.442999
      1056.00     0.443502
      1057.00     0.443442
      1058.00     0.443383
      1059.00     0.443323
      1060.00     0.443263
      1061.00     0.443048
      1062.00     0.442832
      1063.00     0.442617
      1064.00     0.442401
      1065.00     0.442401
      1066.00     0.442401
      1067.00     0.442401
      1068.00     0.442401
      1069.00     0.443748
      1070.00     0.445095
      1071.00     0.446442
      1072.00     0.447789
      1073.00     0.447245
      1074.00     0.446700
      1075.00     0.446155
      1076.00     0.445611
      1077.00     0.446155
      1078.00     0.446700
      1079.00     0.447245
      1080.00     0.447789
      1081.00     0.449238
      1082.00     0.450688
      1083.00     0.452137
      1084.00     0.453586
      1085.00     0.453912
      1086.00     0.454238
      1087.00     0.454563
      1088.00     0.454889
      1089.00     0.454643
      1090.00     0.454397
      1091.00     0.454151
      1092.00     0.453905
      1093.00     0.453661
      1094.00     0.453416
      1095.00     0.453172
      1096.00     0.452928
      1097.00     0.453318
      1098.00     0.453708
      1099.00     0.454099
      1100.00     0.454489
      1101.00     0.455246
      1102.00     0.456002
      1103.00     0.456759
      1104.00     0.457516
      1105.00     0.457984
      1106.00     0.458452
      1107.00     0.458920
      1108.00     0.459388
      1109.00     0.459773
      1110.00     0.460159
      1111.00     0.460544
      1112.00     0.460929
      1113.00     0.460805
      1114.00     0.460681
      1115.00     0.460557
      1116.00     0.460433
      1117.00     0.459354
      1118.00     0.458275
      1119.00     0.457196
      1120.00     0.456117
      1121.00     0.457668
      1122.00     0.459218
      1123.00     0.460769
      1124.00     0.462320
      1125.00     0.462481
      1126.00     0.462641
      1127.00     0.462802
      1128.00     0.462963
      1129.00     0.462318
      1130.00     0.461673
      1131.00     0.461028
      1132.00     0.460383
      1133.00     0.459977
      1134.00     0.459571
      1135.00     0.459166
      1136.00     0.458760
      1137.00     0.459722
      1138.00     0.460684
      1139.00     0.461647
      1140.00     0.462609
      1141.00     0.462423
      1142.00     0.462237
      1143.00     0.462050
      1144.00     0.461864
      1145.00     0.462510
      1146.00     0.463156
      1147.00     0.463802
      1148.00     0.464448
      1149.00     0.463613
      1150.00     0.462779
      1151.00     0.461944
      1152.00     0.461109
      1153.00     0.461803
      1154.00     0.462497
      1155.00     0.463191
      1156.00     0.463885
      1157.00     0.464782
      1158.00     0.465679
      1159.00     0.466577
      1160.00     0.467474
      1161.00     0.467260
      1162.00     0.467046
      1163.00     0.466833
      1164.00     0.466619
      1165.00     0.466772
      1166.00     0.466926
      1167.00     0.467079
      1168.00     0.467233
      1169.00     0.467508
      1170.00     0.467784
      1171.00     0.468060
      1172.00     0.468335
      1173.00     0.469319
      1174.00     0.470302
      1175.00     0.471285
      1176.00     0.472269
      1177.00     0.472517
      1178.00     0.472766
      1179.00     0.473015
      1180.00     0.473263
      1181.00     0.473326
      1182.00     0.473388
      1183.00     0.473451
      1184.00     0.473513
      1185.00     0.473638
      1186.00     0.473763
      1187.00     0.473887
      1188.00     0.474012
      1189.00     0.474540
      1190.00     0.475069
      1191.00     0.475597
      1192.00     0.476125
      1193.00     0.476251
      1194.00     0.476377
      1195.00     0.476503
      1196.00     0.476629
      1197.00     0.476755
      1198.00     0.476881
      1199.00     0.477007
      1200.00     0.477133
      1201.00     0.477355
      1202.00     0.477578
      1203.00     0.477800
      1204.00     0.478022
      1205.00     0.478429
      1206.00     0.478835
      1207.00     0.479242
      1208.00     0.479648
      1209.00     0.481287
      1210.00     0.482925
      1211.00     0.484563
      1212.00     0.486202
      1213.00     0.486248
      1214.00     0.486293
      1215.00     0.486338
      1216.00     0.486384
      1217.00     0.485771
      1218.00     0.485157
      1219.00     0.484544
      1220.00     0.483930
      1221.00     0.484105
      1222.00     0.484280
      1223.00     0.484454
      1224.00     0.484629
      1225.00     0.484552
      1226.00     0.484474
      1227.00     0.484397
      1228.00     0.484320
      1229.00     0.484062
      1230.00     0.483804
      1231.00     0.483547
      1232.00     0.483289
      1233.00     0.484250
      1234.00     0.485211
      1235.00     0.486172
      1236.00     0.487133
      1237.00     0.487218
      1238.00     0.487303
      1239.00     0.487389
      1240.00     0.487474
      1241.00     0.488182
      1242.00     0.488890
      1243.00     0.489599
      1244.00     0.490307
      1245.00     0.490521
      1246.00     0.490735
      1247.00     0.490949
      1248.00     0.491163
      1249.00     0.492581
      1250.00     0.493999
      1251.00     0.495417
      1252.00     0.496835
      1253.00     0.497290
      1254.00     0.497745
      1255.00     0.498200
      1256.00     0.498655
      1257.00     0.498521
      1258.00     0.498386
      1259.00     0.498251
      1260.00     0.498117
      1261.00     0.497849
      1262.00     0.497581
      1263.00     0.497313
      1264.00     0.497045
      1265.00     0.497193
      1266.00     0.497341
      1267.00     0.497488
      1268.00     0.497636
      1269.00     0.497636
      1270.00     0.497636
      1271.00     0.497636
      1272.00     0.497636
      1273.00     0.498044
      1274.00     0.498452
      1275.00     0.498861
      1276.00     0.499269
      1277.00     0.499851
      1278.00     0.500434
      1279.00     0.501016
      1280.00     0.501599
      1281.00     0.501113
      1282.00     0.500626
      1283.00     0.500140
      1284.00     0.499653
      1285.00     0.499954
      1286.00     0.500255
      1287.00     0.500555
      1288.00     0.500856
      1289.00     0.500194
      1290.00     0.499532
      1291.00     0.498870
      1292.00     0.498208
      1293.00     0.498696
      1294.00     0.499183
      1295.00     0.499671
      1296.00     0.500158
      1297.00     0.500850
      1298.00     0.501542
      1299.00     0.502234
      1300.00     0.502926
      1301.00     0.503068
      1302.00     0.503210
      1303.00     0.503352
      1304.00     0.503494
      1305.00     0.503728
      1306.00     0.503963
      1307.00     0.504197
      1308.00     0.504431
      1309.00     0.504431
      1310.00     0.504431
      1311.00     0.504431
      1312.00     0.504431
      1313.00     0.504431
      1314.00     0.504431
      1315.00     0.504431
      1316.00     0.504431
      1317.00     0.504299
      1318.00     0.504166
      1319.00     0.504034
      1320.00     0.503902
      1321.00     0.503968
      1322.00     0.504034
      1323.00     0.504100
      1324.00     0.504166
      1325.00     0.504895
      1326.00     0.505624
      1327.00     0.506353
      1328.00     0.507082
      1329.00     0.508055
      1330.00     0.509028
      1331.00     0.510001
      1332.00     0.510974
      1333.00     0.509997
      1334.00     0.509021
      1335.00     0.508044
      1336.00     0.507068
      1337.00     0.506382
      1338.00     0.505697
      1339.00     0.505011
      1340.00     0.504326
      1341.00     0.505157
      1342.00     0.505988
      1343.00     0.506820
      1344.00     0.507651
      1345.00     0.508312
      1346.00     0.508973
      1347.00     0.509633
      1348.00     0.510294
      1349.00     0.509333
      1350.00     0.508372
      1351.00     0.507411
      1352.00     0.506450
      1353.00     0.507210
      1354.00     0.507971
      1355.00     0.508731
      1356.00     0.509492
      1357.00     0.509820
      1358.00     0.510147
      1359.00     0.510475
      1360.00     0.510802
      1361.00     0.510549
      1362.00     0.510295
      1363.00     0.510042
      1364.00     0.509788
      1365.00     0.509861
      1366.00     0.509934
      1367.00     0.510006
      1368.00     0.510079
      1369.00     0.509940
      1370.00     0.509802
      1371.00     0.509663
      1372.00     0.509524
      1373.00     0.509194
      1374.00     0.508865
      1375.00     0.508536
      1376.00     0.508206
      1377.00     0.507793
      1378.00     0.507380
      1379.00     0.506968
      1380.00     0.506555
      1381.00     0.506250
      1382.00     0.505945
      1383.00     0.505640
      1384.00     0.505335
      1385.00     0.504222
      1386.00     0.503110
      1387.00     0.501997
      1388.00     0.500884
      1389.00     0.500493
      1390.00     0.500102
      1391.00     0.499710
      1392.00     0.499319
      1393.00     0.498038
      1394.00     0.496757
      1395.00     0.495476
      1396.00     0.494195
      1397.00     0.492538
      1398.00     0.490882
      1399.00     0.489225
      1400.00     0.487568
      1401.00     0.487633
      1402.00     0.487698
      1403.00     0.487762
      1404.00     0.487827
      1405.00     0.487539
      1406.00     0.487251
      1407.00     0.486963
      1408.00     0.486675
      1409.00     0.486727
      1410.00     0.486780
      1411.00     0.486832
      1412.00     0.486884
      1413.00     0.487812
      1414.00     0.488741
      1415.00     0.489669
      1416.00     0.490597
      1417.00     0.491424
      1418.00     0.492251
      1419.00     0.493078
      1420.00     0.493905
      1421.00     0.494292
      1422.00     0.494679
      1423.00     0.495066
      1424.00     0.495453
      1425.00     0.495570
      1426.00     0.495687
      1427.00     0.495804
      1428.00     0.495921
      1429.00     0.495961
      1430.00     0.496002
      1431.00     0.496042
      1432.00     0.496083
      1433.00     0.496576
      1434.00     0.497068
      1435.00     0.497561
      1436.00     0.498053
      1437.00     0.498326
      1438.00     0.498599
      1439.00     0.498872
      1440.00     0.499145
      1441.00     0.499504
      1442.00     0.499862
      1443.00     0.500221
      1444.00     0.500580
      1445.00     0.500340
      1446.00     0.500099
      1447.00     0.499859
      1448.00     0.499619
      1449.00     0.499370
      1450.00     0.499122
      1451.00     0.498873
      1452.00     0.498625
      1453.00     0.499554
      1454.00     0.500482
      1455.00     0.501410
      1456.00     0.502339
      1457.00     0.503537
      1458.00     0.504735
      1459.00     0.505933
      1460.00     0.507131
      1461.00     0.507324
      1462.00     0.507516
      1463.00     0.507708
      1464.00     0.507901
      1465.00     0.507768
      1466.00     0.507635
      1467.00     0.507503
      1468.00     0.507370
      1469.00     0.507775
      1470.00     0.508180
      1471.00     0.508585
      1472.00     0.508990
      1473.00     0.509534
      1474.00     0.510079
      1475.00     0.510624
      1476.00     0.511168
      1477.00     0.512214
      1478.00     0.513260
      1479.00     0.514306
      1480.00     0.515352
      1481.00     0.515149
      1482.00     0.514947
      1483.00     0.514745
      1484.00     0.514542
      1485.00     0.515152
      1486.00     0.515762
      1487.00     0.516372
      1488.00     0.516982
      1489.00     0.517118
      1490.00     0.517254
      1491.00     0.517390
      1492.00     0.517526
      1493.00     0.517662
      1494.00     0.517798
      1495.00     0.517934
      1496.00     0.518070
      1497.00     0.515348
      1498.00     0.512627
      1499.00     0.509905
      1500.00     0.507184
      1501.00     0.507680
      1502.00     0.508176
      1503.00     0.508672
      1504.00     0.509168
      1505.00     0.509708
      1506.00     0.510248
      1507.00     0.510788
      1508.00     0.511328
      1509.00     0.512530
      1510.00     0.513731
      1511.00     0.514933
      1512.00     0.516135
      1513.00     0.516670
      1514.00     0.517205
      1515.00     0.517741
      1516.00     0.518276
      1517.00     0.517548
      1518.00     0.516820
      1519.00     0.516093
      1520.00     0.515365
      1521.00     0.515979
      1522.00     0.516593
      1523.00     0.517206
      1524.00     0.517820
      1525.00     0.520017
      1526.00     0.522215
      1527.00     0.524412
      1528.00     0.526609
      1529.00     0.526482
      1530.00     0.526354
      1531.00     0.526227
      1532.00     0.526099
      1533.00     0.525779
      1534.00     0.525459
      1535.00     0.525138
      1536.00     0.524818
      1537.00     0.525198
      1538.00     0.525578
      1539.00     0.525958
      1540.00     0.526338
      1541.00     0.526541
      1542.00     0.526744
      1543.00     0.526947
      1544.00     0.527150
      1545.00     0.527354
      1546.00     0.527557
      1547.00     0.527761
      1548.00     0.527965
      1549.00     0.527612
      1550.00     0.527259
      1551.00     0.526906
      1552.00     0.526553
      1553.00     0.526621
      1554.00     0.526688
      1555.00     0.526756
      1556.00     0.526824
      1557.00     0.527308
      1558.00     0.527792
      1559.00     0.528276
      1560.00     0.528760
      1561.00     0.528823
      1562.00     0.528885
      1563.00     0.528948
      1564.00     0.529011
      1565.00     0.529142
      1566.00     0.529272
      1567.00     0.529402
      1568.00     0.529533
      1569.00     0.529465
      1570.00     0.529397
      1571.00     0.529329
      1572.00     0.529261
      1573.00     0.528995
      1574.00     0.528729
      1575.00     0.528463
      1576.00     0.528197
      1577.00     0.528468
      1578.00     0.528740
      1579.00     0.529011
      1580.00     0.529283
      1581.00     0.528813
      1582.00     0.528343
      1583.00     0.527873
      1584.00     0.527403
      1585.00     0.527538
      1586.00     0.527674
      1587.00     0.527810
      1588.00     0.527945
      1589.00     0.527746
      1590.00     0.527547
      1591.00     0.527349
      1592.00     0.527150
      1593.00     0.526812
      1594.00     0.526474
      1595.00     0.526136
      1596.00     0.525798
      1597.00     0.525395
      1598.00     0.524992
      1599.00     0.524588
      1600.00     0.524185
      1601.00     0.525313
      1602.00     0.526442
      1603.00     0.527570
      1604.00     0.528698
      1605.00     0.528495
      1606.00     0.528293
      1607.00     0.528090
      1608.00     0.527887
      1609.00     0.527705
      1610.00     0.527524
      1611.00     0.527342
      1612.00     0.527161
      1613.00     0.526481
      1614.00     0.525801
      1615.00     0.525121
      1616.00     0.524441
      1617.00     0.525324
      1618.00     0.526206
      1619.00     0.527089
      1620.00     0.527972
      1621.00     0.528086
      1622.00     0.528199
      1623.00     0.528313
      1624.00     0.528427
      1625.00     0.529163
      1626.00     0.529899
      1627.00     0.530636
      1628.00     0.531372
      1629.00     0.531781
      1630.00     0.532189
      1631.00     0.532598
      1632.00     0.533007
      1633.00     0.532878
      1634.00     0.532750
      1635.00     0.532621
      1636.00     0.532492
      1637.00     0.533151
      1638.00     0.533810
      1639.00     0.534470
      1640.00     0.535129
      1641.00     0.534446
      1642.00     0.533763
      1643.00     0.533080
      1644.00     0.532397
      1645.00     0.531726
      1646.00     0.531055
      1647.00     0.530384
      1648.00     0.529713
      1649.00     0.529983
      1650.00     0.530254
      1651.00     0.530524
      1652.00     0.530795
      1653.00     0.531264
      1654.00     0.531732
      1655.00     0.532201
      1656.00     0.532670
      1657.00     0.532943
      1658.00     0.533215
      1659.00     0.533488
      1660.00     0.533761
      1661.00     0.533278
      1662.00     0.532794
      1663.00     0.532310
      1664.00     0.531827
      1665.00     0.531360
      1666.00     0.530893
      1667.00     0.530426
      1668.00     0.529959
      1669.00     0.530170
      1670.00     0.530380
      1671.00     0.530591
      1672.00     0.530802
      1673.00     0.531519
      1674.00     0.532235
      1675.00     0.532951
      1676.00     0.533668
      1677.00     0.533728
      1678.00     0.533789
      1679.00     0.533849
      1680.00     0.533909
      1681.00     0.533901
      1682.00     0.533893
      1683.00     0.533885
      1684.00     0.533877
      1685.00     0.534725
      1686.00     0.535573
      1687.00     0.536422
      1688.00     0.537270
      1689.00     0.537464
      1690.00     0.537659
      1691.00     0.537853
      1692.00     0.538048
      1693.00     0.537437
      1694.00     0.536826
      1695.00     0.536216
      1696.00     0.535605
      1697.00     0.535596
      1698.00     0.535587
      1699.00     0.535579
      1700.00     0.535570
      1701.00     0.536034
      1702.00     0.536498
      1703.00     0.536962
      1704.00     0.537426
      1705.00     0.537494
      1706.00     0.537562
      1707.00     0.537629
      1708.00     0.537697
      1709.00     0.537309
      1710.00     0.536922
      1711.00     0.536534
      1712.00     0.536146
      1713.00     0.536046
      1714.00     0.535946
      1715.00     0.535846
      1716.00     0.535746
      1717.00     0.535841
      1718.00     0.535936
      1719.00     0.536031
      1720.00     0.536126
      1721.00     0.536152
      1722.00     0.536177
      1723.00     0.536203
      1724.00     0.536229
      1725.00     0.536468
      1726.00     0.536708
      1727.00     0.536947
      1728.00     0.537187
      1729.00     0.537031
      1730.00     0.536875
      1731.00     0.536720
      1732.00     0.536564
      1733.00     0.536832
      1734.00     0.537100
      1735.00     0.537369
      1736.00     0.537637
      1737.00     0.537092
      1738.00     0.536546
      1739.00     0.536001
      1740.00     0.535456
      1741.00     0.535592
      1742.00     0.535728
      1743.00     0.535864
      1744.00     0.536000
      1745.00     0.536010
      1746.00     0.536019
      1747.00     0.536029
      1748.00     0.536038
      1749.00     0.536478
      1750.00     0.536918
      1751.00     0.537357
      1752.00     0.537797
      1753.00     0.537280
      1754.00     0.536762
      1755.00     0.536245
      1756.00     0.535727
      1757.00     0.535560
      1758.00     0.535392
      1759.00     0.535224
      1760.00     0.535057
      1761.00     0.535312
      1762.00     0.535567
      1763.00     0.535821
      1764.00     0.536076
      1765.00     0.536193
      1766.00     0.536310
      1767.00     0.536428
      1768.00     0.536545
      1769.00     0.537060
      1770.00     0.537575
      1771.00     0.538090
      1772.00     0.538605
      1773.00     0.538329
      1774.00     0.538054
      1775.00     0.537778
      1776.00     0.537503
      1777.00     0.537904
      1778.00     0.538305
      1779.00     0.538706
      1780.00     0.539107
      1781.00     0.538299
      1782.00     0.537492
      1783.00     0.536684
      1784.00     0.535876
      1785.00     0.535741
      1786.00     0.535606
      1787.00     0.535470
      1788.00     0.535335
      1789.00     0.535403
      1790.00     0.535470
      1791.00     0.535537
      1792.00     0.535605
      1793.00     0.536072
      1794.00     0.536539
      1795.00     0.537006
      1796.00     0.537473
      1797.00     0.537677
      1798.00     0.537881
      1799.00     0.538085
      1800.00     0.538289
      1801.00     0.537812
      1802.00     0.537335
      1803.00     0.536858
      1804.00     0.536381
      1805.00     0.536390
      1806.00     0.536399
      1807.00     0.536408
      1808.00     0.536417
      1809.00     0.537420
      1810.00     0.538424
      1811.00     0.539427
      1812.00     0.540430
      1813.00     0.540155
      1814.00     0.539880
      1815.00     0.539604
      1816.00     0.539329
      1817.00     0.539513
      1818.00     0.539697
      1819.00     0.539880
      1820.00     0.540064
      1821.00     0.540337
      1822.00     0.540610
      1823.00     0.540883
      1824.00     0.541156
      1825.00     0.540803
      1826.00     0.540450
      1827.00     0.540098
      1828.00     0.539745
      1829.00     0.539733
      1830.00     0.539720
      1831.00     0.539708
      1832.00     0.539696
      1833.00     0.539835
      1834.00     0.539973
      1835.00     0.540112
      1836.00     0.540251
      1837.00     0.540043
      1838.00     0.539835
      1839.00     0.539627
      1840.00     0.539419
      1841.00     0.539397
      1842.00     0.539374
      1843.00     0.539351
      1844.00     0.539329
      1845.00     0.539227
      1846.00     0.539126
      1847.00     0.539024
      1848.00     0.538922
      1849.00     0.538287
      1850.00     0.537652
      1851.00     0.537016
      1852.00     0.536381
      1853.00     0.536586
      1854.00     0.536792
      1855.00     0.536997
      1856.00     0.537202
      1857.00     0.536707
      1858.00     0.536211
      1859.00     0.535716
      1860.00     0.535221
      1861.00     0.534925
      1862.00     0.534629
      1863.00     0.534334
      1864.00     0.534038
      1865.00     0.532611
      1866.00     0.531185
      1867.00     0.529759
      1868.00     0.528332
      1869.00     0.527055
      1870.00     0.525779
      1871.00     0.524502
      1872.00     0.523225
      1873.00     0.521757
      1874.00     0.520290
      1875.00     0.518822
      1876.00     0.517354
      1877.00     0.515396
      1878.00     0.513438
      1879.00     0.511480
      1880.00     0.509522
      1881.00     0.507387
      1882.00     0.505252
      1883.00     0.503117
      1884.00     0.500982
      1885.00     0.499381
      1886.00     0.497780
      1887.00     0.496179
      1888.00     0.494578
      1889.00     0.491064
      1890.00     0.487550
      1891.00     0.484037
      1892.00     0.480523
      1893.00     0.477286
      1894.00     0.474050
      1895.00     0.470813
      1896.00     0.467576
      1897.00     0.465040
      1898.00     0.462504
      1899.00     0.459968
      1900.00     0.457432
      1901.00     0.456391
      1902.00     0.455350
      1903.00     0.454310
      1904.00     0.453269
      1905.00     0.454107
      1906.00     0.454944
      1907.00     0.455781
      1908.00     0.456619
      1909.00     0.455063
      1910.00     0.453507
      1911.00     0.451951
      1912.00     0.450395
      1913.00     0.449859
      1914.00     0.449324
      1915.00     0.448788
      1916.00     0.448252
      1917.00     0.447680
      1918.00     0.447108
      1919.00     0.446536
      1920.00     0.445964
      1921.00     0.446746
      1922.00     0.447527
      1923.00     0.448308
      1924.00     0.449090
      1925.00     0.449784
      1926.00     0.450478
      1927.00     0.451172
      1928.00     0.451866
      1929.00     0.452875
      1930.00     0.453885
      1931.00     0.454894
      1932.00     0.455903
      1933.00     0.456551
      1934.00     0.457199
      1935.00     0.457846
      1936.00     0.458494
      1937.00     0.459649
      1938.00     0.460805
      1939.00     0.461960
      1940.00     0.463115
      1941.00     0.463288
      1942.00     0.463461
      1943.00     0.463634
      1944.00     0.463807
      1945.00     0.464268
      1946.00     0.464729
      1947.00     0.465191
      1948.00     0.465652
      1949.00     0.465794
      1950.00     0.465937
      1951.00     0.466079
      1952.00     0.466221
      1953.00     0.466941
      1954.00     0.467660
      1955.00     0.468379
      1956.00     0.469099
      1957.00     0.469899
      1958.00     0.470699
      1959.00     0.471500
      1960.00     0.472300
      1961.00     0.472720
      1962.00     0.473139
      1963.00     0.473559
      1964.00     0.473979
      1965.00     0.474309
      1966.00     0.474639
      1967.00     0.474968
      1968.00     0.475298
      1969.00     0.475933
      1970.00     0.476568
      1971.00     0.477202
      1972.00     0.477837
      1973.00     0.478954
      1974.00     0.480071
      1975.00     0.481189
      1976.00     0.482306
      1977.00     0.483026
      1978.00     0.483747
      1979.00     0.484467
      1980.00     0.485188
      1981.00     0.485838
      1982.00     0.486488
      1983.00     0.487137
      1984.00     0.487787
      1985.00     0.488497
      1986.00     0.489206
      1987.00     0.489915
      1988.00     0.490625
      1989.00     0.491077
      1990.00     0.491529
      1991.00     0.491981
      1992.00     0.492433
      1993.00     0.493014
      1994.00     0.493595
      1995.00     0.494176
      1996.00     0.494757
      1997.00     0.494757
      1998.00     0.494757
      1999.00     0.494757
      2000.00     0.494757
      2001.00     0.495024
      2002.00     0.495291
      2003.00     0.495557
      2004.00     0.495824
      2005.00     0.496849
      2006.00     0.497873
      2007.00     0.498898
      2008.00     0.499922
      2009.00     0.500504
      2010.00     0.501085
      2011.00     0.501666
      2012.00     0.502248
      2013.00     0.502007
      2014.00     0.501766
      2015.00     0.501525
      2016.00     0.501284
      2017.00     0.501552
      2018.00     0.501821
      2019.00     0.502089
      2020.00     0.502357
      2021.00     0.502357
      2022.00     0.502357
      2023.00     0.502357
      2024.00     0.502357
      2025.00     0.502034
      2026.00     0.501711
      2027.00     0.501389
      2028.00     0.501066
      2029.00     0.501193
      2030.00     0.501319
      2031.00     0.501446
      2032.00     0.501573
      2033.00     0.501906
      2034.00     0.502238
      2035.00     0.502571
      2036.00     0.502904
      2037.00     0.503348
      2038.00     0.503792
      2039.00     0.504236
      2040.00     0.504680
      2041.00     0.505435
      2042.00     0.506190
      2043.00     0.506944
      2044.00     0.507699
      2045.00     0.507695
      2046.00     0.507692
      2047.00     0.507689
      2048.00     0.507685
      2049.00     0.507437
      2050.00     0.507188
      2051.00     0.506940
      2052.00     0.506692
      2053.00     0.507330
      2054.00     0.507968
      2055.00     0.508606
      2056.00     0.509244
      2057.00     0.509621
      2058.00     0.509997
      2059.00     0.510374
      2060.00     0.510751
      2061.00     0.511069
      2062.00     0.511386
      2063.00     0.511703
      2064.00     0.512021
      2065.00     0.512087
      2066.00     0.512154
      2067.00     0.512221
      2068.00     0.512287
      2069.00     0.512096
      2070.00     0.511904
      2071.00     0.511713
      2072.00     0.511522
      2073.00     0.511395
      2074.00     0.511267
      2075.00     0.511140
      2076.00     0.511012
      2077.00     0.510874
      2078.00     0.510735
      2079.00     0.510597
      2080.00     0.509410
      2081.00     0.510830
      2082.00     0.513207
      2083.00     0.511532
      2084.00     0.512838
      2085.00     0.513738
      2086.00     0.512171
      2087.00     0.510941
      2088.00     0.512414
      2089.00     0.512774
      2090.00     0.513019
      2091.00     0.512947
      2092.00     0.509353
      2093.00     0.508813
      2094.00     0.510972
      2095.00     0.512392
      2096.00     0.512508
      2097.00     0.512749
      2098.00     0.514418
      2099.00     0.514025
      2100.00     0.511653
      2101.00     0.510815
      2102.00     0.511014
      2103.00     0.512160
      2104.00     0.512486
      2105.00     0.511122
      2106.00     0.511088
      2107.00     0.511711
      2108.00     0.511180
      2109.00     0.510758
      2110.00     0.511031
      2111.00     0.511660
      2112.00     0.512454
      2113.00     0.512658
      2114.00     0.512122
      2115.00     0.511583
      2116.00     0.511283
      2117.00     0.512575
      2118.00     0.512097
      2119.00     0.511336
      2120.00     0.510362
      2121.00     0.511705
      2122.00     0.512472
      2123.00     0.512588
      2124.00     0.512296
      2125.00     0.511412
      2126.00     0.512806
      2127.00     0.514061
      2128.00     0.512309
      2129.00     0.510763
      2130.00     0.509198
      2131.00     0.510102
      2132.00     0.511134
      2133.00     0.510966
      2134.00     0.509925
      2135.00     0.509982
      2136.00     0.510690
      2137.00     0.509817
      2138.00     0.509201
      2139.00     0.510350
      2140.00     0.510978
      2141.00     0.509885
      2142.00     0.508949
      2143.00     0.509524
      2144.00     0.510707
      2145.00     0.509105
      2146.00     0.508279
      2147.00     0.509090
      2148.00     0.509289
      2149.00     0.508162
      2150.00     0.507991
      2151.00     0.509267
      2152.00     0.508702
      2153.00     0.508291
      2154.00     0.508842
      2155.00     0.508505
      2156.00     0.507577
      2157.00     0.506113
      2158.00     0.505253
      2159.00     0.505417
      2160.00     0.504561
      2161.00     0.504679
      2162.00     0.505426
      2163.00     0.505426
      2164.00     0.505159
      2165.00     0.504472
      2166.00     0.504433
      2167.00     0.504567
      2168.00     0.504893
      2169.00     0.505157
      2170.00     0.505585
      2171.00     0.504059
      2172.00     0.502696
      2173.00     0.502993
      2174.00     0.504531
      2175.00     0.505946
      2176.00     0.506321
      2177.00     0.504326
      2178.00     0.503299
      2179.00     0.503856
      2180.00     0.502484
      2181.00     0.500865
      2182.00     0.500234
      2183.00     0.501115
      2184.00     0.501364
      2185.00     0.499847
      2186.00     0.500021
      2187.00     0.499253
      2188.00     0.498606
      2189.00     0.499203
      2190.00     0.498604
      2191.00     0.498183
      2192.00     0.497130
      2193.00     0.496100
      2194.00     0.496531
      2195.00     0.496519
      2196.00     0.496957
      2197.00     0.495783
      2198.00     0.494093
      2199.00     0.494525
      2200.00     0.494823
      2201.00     0.494592
      2202.00     0.493728
      2203.00     0.493461
      2204.00     0.492936
      2205.00     0.492512
      2206.00     0.492333
      2207.00     0.491915
      2208.00     0.490859
      2209.00     0.491122
      2210.00     0.492400
      2211.00     0.493118
      2212.00     0.494691
      2213.00     0.496585
      2214.00     0.497026
      2215.00     0.497208
      2216.00     0.498303
      2217.00     0.499909
      2218.00     0.500487
      2219.00     0.499829
      2220.00     0.499830
      2221.00     0.499504
      2222.00     0.500913
      2223.00     0.502169
      2224.00     0.501446
      2225.00     0.502028
      2226.00     0.502706
      2227.00     0.502827
      2228.00     0.503113
      2229.00     0.503561
      2230.00     0.503686
      2231.00     0.503006
      2232.00     0.503039
      2233.00     0.502817
      2234.00     0.502604
      2235.00     0.502981
      2236.00     0.503096
      2237.00     0.502267
      2238.00     0.501380
      2239.00     0.500731
      2240.00     0.501556
      2241.00     0.503173
      2242.00     0.501990
      2243.00     0.500462
      2244.00     0.500382
      2245.00     0.500826
      2246.00     0.501073
      2247.00     0.500563
      2248.00     0.500130
      2249.00     0.499995
      2250.00     0.499591
      2251.00     0.499794
      2252.00     0.500565
      2253.00     0.500424
      2254.00     0.498739
      2255.00     0.498214
      2256.00     0.497194
      2257.00     0.497714
      2258.00     0.498490
      2259.00     0.497606
      2260.00     0.497233
      2261.00     0.497615
      2262.00     0.496652
      2263.00     0.495532
      2264.00     0.494839
      2265.00     0.495053
      2266.00     0.495435
      2267.00     0.496625
      2268.00     0.497429
      2269.00     0.496900
      2270.00     0.496272
      2271.00     0.495712
      2272.00     0.495409
      2273.00     0.495134
      2274.00     0.495181
      2275.00     0.494406
      2276.00     0.493773
      2277.00     0.493979
      2278.00     0.493914
      2279.00     0.493610
      2280.00     0.493755
      2281.00     0.493940
      2282.00     0.494339
      2283.00     0.494068
      2284.00     0.492813
      2285.00     0.491935
      2286.00     0.492168
      2287.00     0.492501
      2288.00     0.492113
      2289.00     0.491377
      2290.00     0.490939
      2291.00     0.490363
      2292.00     0.490502
      2293.00     0.490755
      2294.00     0.490107
      2295.00     0.488971
      2296.00     0.489762
      2297.00     0.489808
      2298.00     0.488893
      2299.00     0.489506
      2300.00     0.489813
      2301.00     0.488729
      2302.00     0.488302
      2303.00     0.487067
      2304.00     0.486741
      2305.00     0.487631
      2306.00     0.488460
      2307.00     0.488618
      2308.00     0.488387
      2309.00     0.487252
      2310.00     0.486298
      2311.00     0.486648
      2312.00     0.487012
      2313.00     0.486892
      2314.00     0.487432
      2315.00     0.487755
      2316.00     0.486605
      2317.00     0.485807
      2318.00     0.486042
      2319.00     0.486289
      2320.00     0.486403
      2321.00     0.486284
      2322.00     0.485887
      2323.00     0.486299
      2324.00     0.486842
      2325.00     0.486358
      2326.00     0.485372
      2327.00     0.484363
      2328.00     0.484180
      2329.00     0.484095
      2330.00     0.483553
      2331.00     0.482723
      2332.00     0.482723
      2333.00     0.481884
      2334.00     0.481237
      2335.00     0.480425
      2336.00     0.480535
      2337.00     0.481160
      2338.00     0.480750
      2339.00     0.479841
      2340.00     0.479550
      2341.00     0.479334
      2342.00     0.478834
      2343.00     0.478844
      2344.00     0.479014
      2345.00     0.478502
      2346.00     0.478279
      2347.00     0.478122
      2348.00     0.477375
      2349.00     0.476354
      2350.00     0.477308
      2351.00     0.477979
      2352.00     0.477758
      2353.00     0.477454
      2354.00     0.477223
      2355.00     0.477843
      2356.00     0.478162
      2357.00     0.477794
      2358.00     0.477589
      2359.00     0.477722
      2360.00     0.478005
      2361.00     0.478463
      2362.00     0.478466
      2363.00     0.477898
      2364.00     0.477594
      2365.00     0.477074
      2366.00     0.476435
      2367.00     0.476810
      2368.00     0.477211
      2369.00     0.476334
      2370.00     0.475908
      2371.00     0.476203
      2372.00     0.476539
      2373.00     0.476557
      2374.00     0.475995
      2375.00     0.475383
      2376.00     0.475565
      2377.00     0.475885
      2378.00     0.475232
      2379.00     0.473638
      2380.00     0.473047
      2381.00     0.473011
      2382.00     0.472918
      2383.00     0.472998
      2384.00     0.472847
      2385.00     0.472485
      2386.00     0.472602
      2387.00     0.473064
      2388.00     0.472896
      2389.00     0.472157
      2390.00     0.471733
      2391.00     0.471784
      2392.00     0.471553
      2393.00     0.471016
      2394.00     0.470962
      2395.00     0.471232
      2396.00     0.471239
      2397.00     0.470773
      2398.00     0.469978
      2399.00     0.469723
      2400.00     0.469572
      2401.00     0.468950
      2402.00     0.469392
      2403.00     0.469638
      2404.00     0.468865
      2405.00     0.468169
      2406.00     0.467933
      2407.00     0.467565
      2408.00     0.467721
      2409.00     0.468617
      2410.00     0.467856
      2411.00     0.466504
      2412.00     0.466319
      2413.00     0.466761
      2414.00     0.466642
      2415.00     0.465647
      2416.00     0.464806
      2417.00     0.464645
      2418.00     0.464259
      2419.00     0.463755
      2420.00     0.463145
      2421.00     0.462642
      2422.00     0.461806
      2423.00     0.461039
      2424.00     0.460609
      2425.00     0.460226
      2426.00     0.459867
      2427.00     0.459457
      2428.00     0.459200
      2429.00     0.458739
      2430.00     0.458068
      2431.00     0.457444
      2432.00     0.456759
      2433.00     0.455855
      2434.00     0.455082
      2435.00     0.454576
      2436.00     0.453858
      2437.00     0.453795
      2438.00     0.453433
      2439.00     0.452893
      2440.00     0.452006
      2441.00     0.450680
      2442.00     0.450025
      2443.00     0.451238
      2444.00     0.451814
      2445.00     0.451428
      2446.00     0.450183
      2447.00     0.448903
      2448.00     0.448372
      2449.00     0.448645
      2450.00     0.448751
      2451.00     0.447761
      2452.00     0.446803
      2453.00     0.446188
      2454.00     0.445947
      2455.00     0.445750
      2456.00     0.445241
      2457.00     0.444632
      2458.00     0.444438
      2459.00     0.444116
      2460.00     0.443766
      2461.00     0.443367
      2462.00     0.443094
      2463.00     0.442985
      2464.00     0.442582
      2465.00     0.441481
      2466.00     0.440650
      2467.00     0.440237
      2468.00     0.440143
      2469.00     0.440337
      2470.00     0.440532
      2471.00     0.439899
      2472.00     0.439370
      2473.00     0.439038
      2474.00     0.438649
      2475.00     0.438156
      2476.00     0.437560
      2477.00     0.436812
      2478.00     0.436136
      2479.00     0.436090
      2480.00     0.435955
      2481.00     0.435596
      2482.00     0.435160
      2483.00     0.434977
      2484.00     0.435331
      2485.00     0.435623
      2486.00     0.435601
      2487.00     0.435233
      2488.00     0.434911
      2489.00     0.434768
      2490.00     0.434003
      2491.00     0.432760
      2492.00     0.432480
      2493.00     0.432465
      2494.00     0.432344
      2495.00     0.432142
      2496.00     0.432345
      2497.00     0.432471
      2498.00     0.432506
      2499.00     0.432095
      2500.00     0.431380
