      400.000    0.0611940
      401.000    0.0628140
      402.000    0.0623250
      403.000    0.0642650
      404.000    0.0641240
      405.000    0.0657470
      406.000    0.0657210
      407.000    0.0656690
      408.000    0.0656170
      409.000    0.0695320
      410.000    0.0694170
      411.000    0.0701950
      412.000    0.0728290
      413.000    0.0745630
      414.000    0.0745630
      415.000    0.0747050
      416.000    0.0763530
      417.000    0.0781560
      418.000    0.0781560
      419.000    0.0800460
      420.000    0.0803760
      421.000    0.0817990
      422.000    0.0852060
      423.000    0.0825810
      424.000    0.0882820
      425.000    0.0886260
      426.000    0.0916070
      427.000    0.0914510
      428.000    0.0929810
      429.000    0.0924550
      430.000    0.0939330
      431.000    0.0958990
      432.000    0.0969940
      433.000    0.0966540
      434.000     0.101010
      435.000     0.102448
      436.000     0.102509
      437.000     0.104014
      438.000     0.107405
      439.000     0.106813
      440.000     0.112766
      441.000     0.110277
      442.000     0.112337
      443.000     0.113503
      444.000     0.114592
      445.000     0.116295
      446.000     0.117449
      447.000     0.117223
      448.000     0.118906
      449.000     0.120086
      450.000     0.119520
      451.000     0.123622
      452.000     0.126144
      453.000     0.126861
      454.000     0.127029
      455.000     0.127113
      456.000     0.125584
      457.000     0.130939
      458.000     0.131089
      459.000     0.129391
      460.000     0.133281
      461.000     0.136406
      462.000     0.132916
      463.000     0.136311
      464.000     0.139030
      465.000     0.138453
      466.000     0.135745
      467.000     0.138070
      468.000     0.141073
      469.000     0.140439
      470.000     0.143174
      471.000     0.143580
      472.000     0.143378
      473.000     0.141369
      474.000     0.144380
      475.000     0.144686
      476.000     0.147096
      477.000     0.149972
      478.000     0.146785
      479.000     0.152469
      480.000     0.149080
      481.000     0.151016
      482.000     0.153770
      483.000     0.153661
      484.000     0.155980
      485.000     0.155487
      486.000     0.157853
      487.000     0.158189
      488.000     0.160934
      489.000     0.160590
      490.000     0.160590
      491.000     0.161766
      492.000     0.163756
      493.000     0.164107
      494.000     0.168362
      495.000     0.167524
      496.000     0.168700
      497.000     0.170632
      498.000     0.170253
      499.000     0.171546
      500.000     0.172038
      501.000     0.175016
      502.000     0.176846
      503.000     0.179434
      504.000     0.178797
      505.000     0.178290
      506.000     0.179069
      507.000     0.183414
      508.000     0.183938
      509.000     0.185906
      510.000     0.185642
      511.000     0.184986
      512.000     0.187002
      513.000     0.186538
      514.000     0.192073
      515.000     0.192814
      516.000     0.191636
      517.000     0.194836
      518.000     0.195527
      519.000     0.197962
      520.000     0.200252
      521.000     0.202394
      522.000     0.200677
      523.000     0.201396
      524.000     0.201112
      525.000     0.208399
      526.000     0.206098
      527.000     0.207235
      528.000     0.208224
      529.000     0.210342
      530.000     0.213940
      531.000     0.216923
      532.000     0.217435
      533.000     0.221422
      534.000     0.219070
      535.000     0.219224
      536.000     0.223960
      537.000     0.228626
      538.000     0.222256
      539.000     0.223074
      540.000     0.226925
      541.000     0.231830
      542.000     0.225667
      543.000     0.226944
      544.000     0.234985
      545.000     0.236591
      546.000     0.237088
      547.000     0.237536
      548.000     0.241097
      549.000     0.242050
      550.000     0.243339
      551.000     0.243882
      552.000     0.245255
      553.000     0.247123
      554.000     0.248053
      555.000     0.247377
      556.000     0.249058
      557.000     0.252437
      558.000     0.251686
      559.000     0.256459
      560.000     0.262849
      561.000     0.266022
      562.000     0.265075
      563.000     0.268777
      564.000     0.269123
      565.000     0.267072
      566.000     0.268168
      567.000     0.270918
      568.000     0.272561
      569.000     0.275125
      570.000     0.277566
      571.000     0.279438
      572.000     0.281136
      573.000     0.281493
      574.000     0.282973
      575.000     0.283062
      576.000     0.285198
      577.000     0.286934
      578.000     0.291146
      579.000     0.289384
      580.000     0.290090
      581.000     0.289677
      582.000     0.293157
      583.000     0.291622
      584.000     0.294557
      585.000     0.297291
      586.000     0.296021
      587.000     0.301765
      588.000     0.301031
      589.000     0.300431
      590.000     0.302331
      591.000     0.302368
      592.000     0.303054
      593.000     0.309056
      594.000     0.308611
      595.000     0.303309
      596.000     0.303801
      597.000     0.304504
      598.000     0.309532
      599.000     0.309976
      600.000     0.309989
      601.000     0.311511
      602.000     0.311727
      603.000     0.311512
      604.000     0.313436
      605.000     0.315495
      606.000     0.316123
      607.000     0.314063
      608.000     0.315123
      609.000     0.318023
      610.000     0.315968
      611.000     0.315324
      612.000     0.316532
      613.000     0.317617
      614.000     0.317913
      615.000     0.318131
      616.000     0.316001
      617.000     0.316653
      618.000     0.317962
      619.000     0.319472
      620.000     0.321206
      621.000     0.324238
      622.000     0.324860
      623.000     0.322636
      624.000     0.323616
      625.000     0.321278
      626.000     0.322991
      627.000     0.324758
      628.000     0.320842
      629.000     0.321935
      630.000     0.324586
      631.000     0.321278
      632.000     0.322333
      633.000     0.326152
      634.000     0.325268
      635.000     0.328093
      636.000     0.328316
      637.000     0.326923
      638.000     0.328252
      639.000     0.329817
      640.000     0.332450
      641.000     0.333132
      642.000     0.333421
      643.000     0.334102
      644.000     0.335014
      645.000     0.335838
      646.000     0.334330
      647.000     0.334557
      648.000     0.330163
      649.000     0.336109
      650.000     0.341891
      651.000     0.342820
      652.000     0.342705
      653.000     0.338756
      654.000     0.337250
      655.000     0.340606
      656.000     0.338226
      657.000     0.342474
      658.000     0.346820
      659.000     0.341855
      660.000     0.343265
      661.000     0.345610
      662.000     0.342007
      663.000     0.345353
      664.000     0.338462
      665.000     0.342590
      666.000     0.345246
      667.000     0.345711
      668.000     0.346409
      669.000     0.346176
      670.000     0.343631
      671.000     0.344552
      672.000     0.347689
      673.000     0.350012
      674.000     0.348839
      675.000     0.355912
      676.000     0.351484
      677.000     0.350781
      678.000     0.349980
      679.000     0.352899
      680.000     0.358576
      681.000     0.356965
      682.000     0.358089
      683.000     0.356166
      684.000     0.356567
      685.000     0.352143
      686.000     0.353318
      687.000     0.354499
      688.000     0.356091
      689.000     0.352847
      690.000     0.357599
      691.000     0.359348
      692.000     0.359348
      693.000     0.358526
      694.000     0.361343
      695.000     0.363043
      696.000     0.360861
      697.000     0.362799
      698.000     0.362921
      699.000     0.377324
      700.000     0.364042
      701.000     0.367736
      702.000     0.368219
      703.000     0.368985
      704.000     0.367905
      705.000     0.365458
      706.000     0.366533
      707.000     0.368020
      708.000     0.369064
      709.000     0.370306
      710.000     0.369823
      711.000     0.369525
      712.000     0.371789
      713.000     0.370547
      714.000     0.371305
      715.000     0.374784
      716.000     0.373973
      717.000     0.372546
      718.000     0.377251
      719.000     0.376498
      720.000     0.376007
      721.000     0.376214
      722.000     0.375727
      723.000     0.374755
      724.000     0.375750
      725.000     0.376257
      726.000     0.376805
      727.000     0.379267
      728.000     0.381483
      729.000     0.383212
      730.000     0.382968
      731.000     0.382673
      732.000     0.382921
      733.000     0.386389
      734.000     0.381445
      735.000     0.382674
      736.000     0.383663
      737.000     0.384408
      738.000     0.389920
      739.000     0.387127
      740.000     0.387377
      741.000     0.386877
      742.000     0.389833
      743.000     0.390792
      744.000     0.391797
      745.000     0.386844
      746.000     0.386350
      747.000     0.389294
      748.000     0.386316
      749.000     0.387053
      750.000     0.388535
      751.000     0.391545
      752.000     0.391269
      753.000     0.389772
      754.000     0.387793
      755.000     0.392491
      756.000     0.392743
      757.000     0.395176
      758.000     0.393416
      759.000     0.391219
      760.000     0.392669
      761.000     0.389978
      762.000     0.393168
      763.000     0.396117
      764.000     0.400168
      765.000     0.397127
      766.000     0.395842
      767.000     0.395813
      768.000     0.393834
      769.000     0.396585
      770.000     0.399837
      771.000     0.403264
      772.000     0.403007
      773.000     0.402495
      774.000     0.402186
      775.000     0.399938
      776.000     0.398986
      777.000     0.396501
      778.000     0.395505
      779.000     0.395972
      780.000     0.404056
      781.000     0.408102
      782.000     0.402832
      783.000     0.401568
      784.000     0.402170
      785.000     0.404212
      786.000     0.403189
      787.000     0.407120
      788.000     0.404358
      789.000     0.402832
      790.000     0.398143
      791.000     0.397397
      792.000     0.405067
      793.000     0.406348
      794.000     0.403819
      795.000     0.406031
      796.000     0.404812
      797.000     0.403104
      798.000     0.404163
      799.000     0.404133
      800.000     0.409090
      801.000     0.408298
      802.000     0.407507
      803.000     0.406716
      804.000     0.405924
      805.000     0.405678
      806.000     0.405432
      807.000     0.405187
      808.000     0.404941
      809.000     0.405316
      810.000     0.405690
      811.000     0.406065
      812.000     0.406440
      813.000     0.407112
      814.000     0.407784
      815.000     0.408455
      816.000     0.409127
      817.000     0.408872
      818.000     0.408616
      819.000     0.408361
      820.000     0.408105
      821.000     0.408044
      822.000     0.407983
      823.000     0.407922
      824.000     0.407861
      825.000     0.407925
      826.000     0.407989
      827.000     0.408053
      828.000     0.408117
      829.000     0.407750
      830.000     0.407383
      831.000     0.407016
      832.000     0.406649
      833.000     0.407135
      834.000     0.407620
      835.000     0.408106
      836.000     0.408592
      837.000     0.408291
      838.000     0.407990
      839.000     0.407690
      840.000     0.407389
      841.000     0.408745
      842.000     0.410100
      843.000     0.411456
      844.000     0.412812
      845.000     0.412008
      846.000     0.411203
      847.000     0.410398
      848.000     0.409594
      849.000     0.410145
      850.000     0.410695
      851.000     0.411245
      852.000     0.411796
      853.000     0.410688
      854.000     0.409581
      855.000     0.408473
      856.000     0.407366
      857.000     0.406942
      858.000     0.406518
      859.000     0.406095
      860.000     0.405671
      861.000     0.405559
      862.000     0.405448
      863.000     0.405336
      864.000     0.405225
      865.000     0.404694
      866.000     0.404162
      867.000     0.403631
      868.000     0.403100
      869.000     0.403768
      870.000     0.404436
      871.000     0.405104
      872.000     0.405772
      873.000     0.405955
      874.000     0.406138
      875.000     0.406320
      876.000     0.406503
      877.000     0.406033
      878.000     0.405563
      879.000     0.405094
      880.000     0.404624
      881.000     0.404864
      882.000     0.405105
      883.000     0.405345
      884.000     0.405586
      885.000     0.405533
      886.000     0.405481
      887.000     0.405429
      888.000     0.405376
      889.000     0.404435
      890.000     0.403494
      891.000     0.402553
      892.000     0.401612
      893.000     0.402211
      894.000     0.402810
      895.000     0.403408
      896.000     0.404007
      897.000     0.404191
      898.000     0.404374
      899.000     0.404558
      900.000     0.404742
      901.000     0.404691
      902.000     0.404641
      903.000     0.404590
      904.000     0.404540
      905.000     0.405304
      906.000     0.406067
      907.000     0.406831
      908.000     0.407595
      909.000     0.406896
      910.000     0.406197
      911.000     0.405498
      912.000     0.404799
      913.000     0.405035
      914.000     0.405272
      915.000     0.405509
      916.000     0.405745
      917.000     0.405981
      918.000     0.406218
      919.000     0.406454
      920.000     0.406690
      921.000     0.406875
      922.000     0.407059
      923.000     0.407244
      924.000     0.407429
      925.000     0.407543
      926.000     0.407657
      927.000     0.407771
      928.000     0.407885
      929.000     0.408294
      930.000     0.408702
      931.000     0.409111
      932.000     0.409520
      933.000     0.409291
      934.000     0.409062
      935.000     0.408833
      936.000     0.408604
      937.000     0.409308
      938.000     0.410012
      939.000     0.410715
      940.000     0.411419
      941.000     0.411715
      942.000     0.412012
      943.000     0.412308
      944.000     0.412604
      945.000     0.412308
      946.000     0.412012
      947.000     0.411715
      948.000     0.411419
      949.000     0.412360
      950.000     0.413301
      951.000     0.414243
      952.000     0.415184
      953.000     0.415242
      954.000     0.415301
      955.000     0.415360
      956.000     0.415418
      957.000     0.415536
      958.000     0.415653
      959.000     0.415771
      960.000     0.415888
      961.000     0.415136
      962.000     0.414383
      963.000     0.413630
      964.000     0.412878
      965.000     0.413055
      966.000     0.413231
      967.000     0.413408
      968.000     0.413585
      969.000     0.414521
      970.000     0.415456
      971.000     0.416392
      972.000     0.417327
      973.000     0.417676
      974.000     0.418025
      975.000     0.418375
      976.000     0.418724
      977.000     0.418316
      978.000     0.417908
      979.000     0.417501
      980.000     0.417093
      981.000     0.417966
      982.000     0.418838
      983.000     0.419711
      984.000     0.420583
      985.000     0.420753
      986.000     0.420924
      987.000     0.421094
      988.000     0.421264
      989.000     0.421541
      990.000     0.421817
      991.000     0.422094
      992.000     0.422371
      993.000     0.422388
      994.000     0.422405
      995.000     0.422421
      996.000     0.422438
      997.000     0.422434
      998.000     0.422430
      999.000     0.422426
      1000.00     0.422422
      1001.00     0.423647
      1002.00     0.424873
      1003.00     0.426098
      1004.00     0.427323
      1005.00     0.427263
      1006.00     0.427204
      1007.00     0.427144
      1008.00     0.427085
      1009.00     0.427025
      1010.00     0.426966
      1011.00     0.426906
      1012.00     0.426847
      1013.00     0.426900
      1014.00     0.426952
      1015.00     0.427004
      1016.00     0.427057
      1017.00     0.427457
      1018.00     0.427858
      1019.00     0.428258
      1020.00     0.428659
      1021.00     0.429647
      1022.00     0.430634
      1023.00     0.431622
      1024.00     0.432610
      1025.00     0.431893
      1026.00     0.431176
      1027.00     0.430460
      1028.00     0.429743
      1029.00     0.429498
      1030.00     0.429253
      1031.00     0.429007
      1032.00     0.428762
      1033.00     0.429039
      1034.00     0.429316
      1035.00     0.429592
      1036.00     0.429869
      1037.00     0.431443
      1038.00     0.433017
      1039.00     0.434590
      1040.00     0.436164
      1041.00     0.437274
      1042.00     0.438383
      1043.00     0.439493
      1044.00     0.440602
      1045.00     0.438954
      1046.00     0.437306
      1047.00     0.435657
      1048.00     0.434009
      1049.00     0.434045
      1050.00     0.434081
      1051.00     0.434118
      1052.00     0.434154
      1053.00     0.434823
      1054.00     0.435493
      1055.00     0.436162
      1056.00     0.436831
      1057.00     0.436738
      1058.00     0.436646
      1059.00     0.436553
      1060.00     0.436460
      1061.00     0.436220
      1062.00     0.435980
      1063.00     0.435740
      1064.00     0.435500
      1065.00     0.435699
      1066.00     0.435898
      1067.00     0.436097
      1068.00     0.436296
      1069.00     0.436296
      1070.00     0.436296
      1071.00     0.436296
      1072.00     0.436296
      1073.00     0.435679
      1074.00     0.435063
      1075.00     0.434446
      1076.00     0.433829
      1077.00     0.434180
      1078.00     0.434532
      1079.00     0.434883
      1080.00     0.435234
      1081.00     0.436461
      1082.00     0.437689
      1083.00     0.438917
      1084.00     0.440144
      1085.00     0.440447
      1086.00     0.440750
      1087.00     0.441052
      1088.00     0.441355
      1089.00     0.441885
      1090.00     0.442415
      1091.00     0.442944
      1092.00     0.443474
      1093.00     0.443619
      1094.00     0.443765
      1095.00     0.443910
      1096.00     0.444055
      1097.00     0.444096
      1098.00     0.444138
      1099.00     0.444179
      1100.00     0.444220
      1101.00     0.444282
      1102.00     0.444344
      1103.00     0.444405
      1104.00     0.444467
      1105.00     0.444386
      1106.00     0.444305
      1107.00     0.444224
      1108.00     0.444143
      1109.00     0.444365
      1110.00     0.444587
      1111.00     0.444810
      1112.00     0.445032
      1113.00     0.444830
      1114.00     0.444627
      1115.00     0.444425
      1116.00     0.444223
      1117.00     0.444000
      1118.00     0.443778
      1119.00     0.443555
      1120.00     0.443332
      1121.00     0.443737
      1122.00     0.444142
      1123.00     0.444548
      1124.00     0.444953
      1125.00     0.445543
      1126.00     0.446133
      1127.00     0.446724
      1128.00     0.447314
      1129.00     0.446865
      1130.00     0.446416
      1131.00     0.445967
      1132.00     0.445518
      1133.00     0.446329
      1134.00     0.447140
      1135.00     0.447950
      1136.00     0.448761
      1137.00     0.449513
      1138.00     0.450265
      1139.00     0.451018
      1140.00     0.451770
      1141.00     0.451868
      1142.00     0.451967
      1143.00     0.452065
      1144.00     0.452164
      1145.00     0.452042
      1146.00     0.451921
      1147.00     0.451799
      1148.00     0.451677
      1149.00     0.450473
      1150.00     0.449269
      1151.00     0.448065
      1152.00     0.446861
      1153.00     0.447035
      1154.00     0.447209
      1155.00     0.447384
      1156.00     0.447558
      1157.00     0.447790
      1158.00     0.448022
      1159.00     0.448254
      1160.00     0.448486
      1161.00     0.448709
      1162.00     0.448932
      1163.00     0.449156
      1164.00     0.449379
      1165.00     0.449566
      1166.00     0.449754
      1167.00     0.449942
      1168.00     0.450129
      1169.00     0.449948
      1170.00     0.449767
      1171.00     0.449585
      1172.00     0.449404
      1173.00     0.450417
      1174.00     0.451431
      1175.00     0.452444
      1176.00     0.453458
      1177.00     0.453302
      1178.00     0.453146
      1179.00     0.452991
      1180.00     0.452835
      1181.00     0.453544
      1182.00     0.454253
      1183.00     0.454963
      1184.00     0.455672
      1185.00     0.455734
      1186.00     0.455795
      1187.00     0.455857
      1188.00     0.455918
      1189.00     0.456505
      1190.00     0.457092
      1191.00     0.457680
      1192.00     0.458267
      1193.00     0.458112
      1194.00     0.457957
      1195.00     0.457802
      1196.00     0.457647
      1197.00     0.457989
      1198.00     0.458330
      1199.00     0.458672
      1200.00     0.459013
      1201.00     0.459980
      1202.00     0.460947
      1203.00     0.461913
      1204.00     0.462880
      1205.00     0.462472
      1206.00     0.462063
      1207.00     0.461655
      1208.00     0.461247
      1209.00     0.461869
      1210.00     0.462490
      1211.00     0.463112
      1212.00     0.463734
      1213.00     0.464890
      1214.00     0.466045
      1215.00     0.467201
      1216.00     0.468357
      1217.00     0.468878
      1218.00     0.469400
      1219.00     0.469921
      1220.00     0.470442
      1221.00     0.470315
      1222.00     0.470187
      1223.00     0.470059
      1224.00     0.469932
      1225.00     0.470469
      1226.00     0.471007
      1227.00     0.471544
      1228.00     0.472081
      1229.00     0.472728
      1230.00     0.473374
      1231.00     0.474021
      1232.00     0.474668
      1233.00     0.474409
      1234.00     0.474149
      1235.00     0.473889
      1236.00     0.473630
      1237.00     0.474061
      1238.00     0.474492
      1239.00     0.474923
      1240.00     0.475354
      1241.00     0.475505
      1242.00     0.475655
      1243.00     0.475805
      1244.00     0.475956
      1245.00     0.476470
      1246.00     0.476983
      1247.00     0.477497
      1248.00     0.478011
      1249.00     0.478309
      1250.00     0.478607
      1251.00     0.478904
      1252.00     0.479202
      1253.00     0.479777
      1254.00     0.480351
      1255.00     0.480926
      1256.00     0.481500
      1257.00     0.481925
      1258.00     0.482351
      1259.00     0.482776
      1260.00     0.483201
      1261.00     0.483939
      1262.00     0.484677
      1263.00     0.485415
      1264.00     0.486153
      1265.00     0.487613
      1266.00     0.489073
      1267.00     0.490532
      1268.00     0.491992
      1269.00     0.492698
      1270.00     0.493405
      1271.00     0.494112
      1272.00     0.494818
      1273.00     0.493688
      1274.00     0.492558
      1275.00     0.491427
      1276.00     0.490297
      1277.00     0.490154
      1278.00     0.490010
      1279.00     0.489867
      1280.00     0.489724
      1281.00     0.489904
      1282.00     0.490083
      1283.00     0.490263
      1284.00     0.490442
      1285.00     0.490268
      1286.00     0.490094
      1287.00     0.489920
      1288.00     0.489746
      1289.00     0.489639
      1290.00     0.489532
      1291.00     0.489424
      1292.00     0.489317
      1293.00     0.489742
      1294.00     0.490167
      1295.00     0.490593
      1296.00     0.491018
      1297.00     0.490910
      1298.00     0.490801
      1299.00     0.490693
      1300.00     0.490585
      1301.00     0.491265
      1302.00     0.491946
      1303.00     0.492626
      1304.00     0.493307
      1305.00     0.494409
      1306.00     0.495511
      1307.00     0.496612
      1308.00     0.497714
      1309.00     0.497990
      1310.00     0.498267
      1311.00     0.498543
      1312.00     0.498819
      1313.00     0.498229
      1314.00     0.497639
      1315.00     0.497048
      1316.00     0.496458
      1317.00     0.495911
      1318.00     0.495364
      1319.00     0.494816
      1320.00     0.494269
      1321.00     0.494176
      1322.00     0.494083
      1323.00     0.493990
      1324.00     0.493897
      1325.00     0.494518
      1326.00     0.495139
      1327.00     0.495759
      1328.00     0.496380
      1329.00     0.496576
      1330.00     0.496772
      1331.00     0.496967
      1332.00     0.497163
      1333.00     0.497700
      1334.00     0.498237
      1335.00     0.498775
      1336.00     0.499312
      1337.00     0.499789
      1338.00     0.500265
      1339.00     0.500742
      1340.00     0.501219
      1341.00     0.501094
      1342.00     0.500968
      1343.00     0.500842
      1344.00     0.500717
      1345.00     0.501172
      1346.00     0.501626
      1347.00     0.502081
      1348.00     0.502536
      1349.00     0.501520
      1350.00     0.500504
      1351.00     0.499488
      1352.00     0.498472
      1353.00     0.498157
      1354.00     0.497842
      1355.00     0.497528
      1356.00     0.497213
      1357.00     0.498791
      1358.00     0.500369
      1359.00     0.501948
      1360.00     0.503526
      1361.00     0.504079
      1362.00     0.504631
      1363.00     0.505183
      1364.00     0.505736
      1365.00     0.504612
      1366.00     0.503487
      1367.00     0.502363
      1368.00     0.501239
      1369.00     0.499695
      1370.00     0.498150
      1371.00     0.496606
      1372.00     0.495062
      1373.00     0.494515
      1374.00     0.493968
      1375.00     0.493421
      1376.00     0.492874
      1377.00     0.493405
      1378.00     0.493936
      1379.00     0.494467
      1380.00     0.494998
      1381.00     0.494767
      1382.00     0.494537
      1383.00     0.494306
      1384.00     0.494075
      1385.00     0.492822
      1386.00     0.491569
      1387.00     0.490316
      1388.00     0.489063
      1389.00     0.488294
      1390.00     0.487526
      1391.00     0.486758
      1392.00     0.485989
      1393.00     0.484938
      1394.00     0.483886
      1395.00     0.482835
      1396.00     0.481784
      1397.00     0.480654
      1398.00     0.479524
      1399.00     0.478395
      1400.00     0.477265
      1401.00     0.475484
      1402.00     0.473703
      1403.00     0.471922
      1404.00     0.470141
      1405.00     0.469949
      1406.00     0.469758
      1407.00     0.469567
      1408.00     0.469375
      1409.00     0.470500
      1410.00     0.471625
      1411.00     0.472750
      1412.00     0.473875
      1413.00     0.475771
      1414.00     0.477666
      1415.00     0.479562
      1416.00     0.481458
      1417.00     0.482193
      1418.00     0.482929
      1419.00     0.483664
      1420.00     0.484400
      1421.00     0.485020
      1422.00     0.485640
      1423.00     0.486260
      1424.00     0.486880
      1425.00     0.487740
      1426.00     0.488599
      1427.00     0.489459
      1428.00     0.490318
      1429.00     0.491190
      1430.00     0.492063
      1431.00     0.492935
      1432.00     0.493807
      1433.00     0.494272
      1434.00     0.494738
      1435.00     0.495203
      1436.00     0.495669
      1437.00     0.496681
      1438.00     0.497692
      1439.00     0.498704
      1440.00     0.499716
      1441.00     0.500126
      1442.00     0.500537
      1443.00     0.500947
      1444.00     0.501357
      1445.00     0.502120
      1446.00     0.502882
      1447.00     0.503645
      1448.00     0.504408
      1449.00     0.504793
      1450.00     0.505178
      1451.00     0.505563
      1452.00     0.505948
      1453.00     0.506614
      1454.00     0.507280
      1455.00     0.507946
      1456.00     0.508612
      1457.00     0.508479
      1458.00     0.508347
      1459.00     0.508215
      1460.00     0.508082
      1461.00     0.509349
      1462.00     0.510616
      1463.00     0.511882
      1464.00     0.513149
      1465.00     0.513548
      1466.00     0.513947
      1467.00     0.514346
      1468.00     0.514745
      1469.00     0.515545
      1470.00     0.516344
      1471.00     0.517144
      1472.00     0.517944
      1473.00     0.518631
      1474.00     0.519319
      1475.00     0.520007
      1476.00     0.520694
      1477.00     0.521159
      1478.00     0.521625
      1479.00     0.522090
      1480.00     0.522555
      1481.00     0.523208
      1482.00     0.523861
      1483.00     0.524514
      1484.00     0.525167
      1485.00     0.526066
      1486.00     0.526965
      1487.00     0.527865
      1488.00     0.528764
      1489.00     0.528825
      1490.00     0.528885
      1491.00     0.528946
      1492.00     0.529006
      1493.00     0.529504
      1494.00     0.530002
      1495.00     0.530500
      1496.00     0.530998
      1497.00     0.528826
      1498.00     0.526654
      1499.00     0.524482
      1500.00     0.522310
      1501.00     0.522062
      1502.00     0.521814
      1503.00     0.521566
      1504.00     0.521318
      1505.00     0.521833
      1506.00     0.522348
      1507.00     0.522862
      1508.00     0.523377
      1509.00     0.524719
      1510.00     0.526062
      1511.00     0.527404
      1512.00     0.528747
      1513.00     0.529816
      1514.00     0.530885
      1515.00     0.531954
      1516.00     0.533023
      1517.00     0.533010
      1518.00     0.532997
      1519.00     0.532985
      1520.00     0.532972
      1521.00     0.533223
      1522.00     0.533474
      1523.00     0.533725
      1524.00     0.533976
      1525.00     0.534114
      1526.00     0.534253
      1527.00     0.534391
      1528.00     0.534530
      1529.00     0.535686
      1530.00     0.536843
      1531.00     0.538000
      1532.00     0.539156
      1533.00     0.539280
      1534.00     0.539405
      1535.00     0.539529
      1536.00     0.539653
      1537.00     0.539319
      1538.00     0.538984
      1539.00     0.538649
      1540.00     0.538315
      1541.00     0.537549
      1542.00     0.536784
      1543.00     0.536018
      1544.00     0.535253
      1545.00     0.535294
      1546.00     0.535336
      1547.00     0.535378
      1548.00     0.535419
      1549.00     0.536468
      1550.00     0.537517
      1551.00     0.538566
      1552.00     0.539615
      1553.00     0.539229
      1554.00     0.538844
      1555.00     0.538458
      1556.00     0.538072
      1557.00     0.539069
      1558.00     0.540066
      1559.00     0.541064
      1560.00     0.542061
      1561.00     0.541991
      1562.00     0.541921
      1563.00     0.541851
      1564.00     0.541781
      1565.00     0.542395
      1566.00     0.543009
      1567.00     0.543623
      1568.00     0.544237
      1569.00     0.544185
      1570.00     0.544132
      1571.00     0.544080
      1572.00     0.544028
      1573.00     0.544575
      1574.00     0.545122
      1575.00     0.545668
      1576.00     0.546215
      1577.00     0.546479
      1578.00     0.546744
      1579.00     0.547008
      1580.00     0.547272
      1581.00     0.546725
      1582.00     0.546178
      1583.00     0.545630
      1584.00     0.545083
      1585.00     0.545308
      1586.00     0.545534
      1587.00     0.545759
      1588.00     0.545985
      1589.00     0.545563
      1590.00     0.545142
      1591.00     0.544721
      1592.00     0.544299
      1593.00     0.544510
      1594.00     0.544720
      1595.00     0.544930
      1596.00     0.545141
      1597.00     0.546216
      1598.00     0.547292
      1599.00     0.548368
      1600.00     0.549443
      1601.00     0.549470
      1602.00     0.549497
      1603.00     0.549524
      1604.00     0.549551
      1605.00     0.550003
      1606.00     0.550455
      1607.00     0.550907
      1608.00     0.551359
      1609.00     0.551692
      1610.00     0.552024
      1611.00     0.552356
      1612.00     0.552689
      1613.00     0.551579
      1614.00     0.550469
      1615.00     0.549359
      1616.00     0.548249
      1617.00     0.548721
      1618.00     0.549192
      1619.00     0.549664
      1620.00     0.550136
      1621.00     0.550538
      1622.00     0.550940
      1623.00     0.551342
      1624.00     0.551744
      1625.00     0.551838
      1626.00     0.551932
      1627.00     0.552026
      1628.00     0.552120
      1629.00     0.552667
      1630.00     0.553213
      1631.00     0.553759
      1632.00     0.554306
      1633.00     0.553878
      1634.00     0.553450
      1635.00     0.553021
      1636.00     0.552593
      1637.00     0.553592
      1638.00     0.554590
      1639.00     0.555589
      1640.00     0.556588
      1641.00     0.556374
      1642.00     0.556159
      1643.00     0.555945
      1644.00     0.555731
      1645.00     0.556134
      1646.00     0.556538
      1647.00     0.556941
      1648.00     0.557344
      1649.00     0.557510
      1650.00     0.557676
      1651.00     0.557843
      1652.00     0.558009
      1653.00     0.558500
      1654.00     0.558991
      1655.00     0.559482
      1656.00     0.559973
      1657.00     0.559432
      1658.00     0.558892
      1659.00     0.558351
      1660.00     0.557810
      1661.00     0.558495
      1662.00     0.559179
      1663.00     0.559864
      1664.00     0.560548
      1665.00     0.560266
      1666.00     0.559985
      1667.00     0.559703
      1668.00     0.559421
      1669.00     0.559278
      1670.00     0.559135
      1671.00     0.558993
      1672.00     0.558850
      1673.00     0.558825
      1674.00     0.558800
      1675.00     0.558774
      1676.00     0.558749
      1677.00     0.559008
      1678.00     0.559268
      1679.00     0.559528
      1680.00     0.559787
      1681.00     0.559780
      1682.00     0.559773
      1683.00     0.559766
      1684.00     0.559759
      1685.00     0.559623
      1686.00     0.559488
      1687.00     0.559352
      1688.00     0.559217
      1689.00     0.560677
      1690.00     0.562137
      1691.00     0.563596
      1692.00     0.565056
      1693.00     0.564955
      1694.00     0.564854
      1695.00     0.564752
      1696.00     0.564651
      1697.00     0.563500
      1698.00     0.562349
      1699.00     0.561198
      1700.00     0.560047
      1701.00     0.560047
      1702.00     0.560047
      1703.00     0.560047
      1704.00     0.560047
      1705.00     0.561457
      1706.00     0.562866
      1707.00     0.564276
      1708.00     0.565686
      1709.00     0.565499
      1710.00     0.565313
      1711.00     0.565126
      1712.00     0.564939
      1713.00     0.564072
      1714.00     0.563205
      1715.00     0.562337
      1716.00     0.561470
      1717.00     0.561472
      1718.00     0.561474
      1719.00     0.561476
      1720.00     0.561478
      1721.00     0.561534
      1722.00     0.561589
      1723.00     0.561644
      1724.00     0.561700
      1725.00     0.561462
      1726.00     0.561224
      1727.00     0.560987
      1728.00     0.560749
      1729.00     0.561898
      1730.00     0.563047
      1731.00     0.564196
      1732.00     0.565345
      1733.00     0.565834
      1734.00     0.566323
      1735.00     0.566811
      1736.00     0.567300
      1737.00     0.567455
      1738.00     0.567610
      1739.00     0.567764
      1740.00     0.567919
      1741.00     0.567083
      1742.00     0.566248
      1743.00     0.565413
      1744.00     0.564577
      1745.00     0.565167
      1746.00     0.565756
      1747.00     0.566346
      1748.00     0.566936
      1749.00     0.566850
      1750.00     0.566764
      1751.00     0.566679
      1752.00     0.566593
      1753.00     0.566694
      1754.00     0.566796
      1755.00     0.566898
      1756.00     0.566999
      1757.00     0.567614
      1758.00     0.568230
      1759.00     0.568846
      1760.00     0.569461
      1761.00     0.570023
      1762.00     0.570584
      1763.00     0.571146
      1764.00     0.571708
      1765.00     0.570876
      1766.00     0.570045
      1767.00     0.569213
      1768.00     0.568381
      1769.00     0.568848
      1770.00     0.569314
      1771.00     0.569780
      1772.00     0.570247
      1773.00     0.570507
      1774.00     0.570766
      1775.00     0.571025
      1776.00     0.571285
      1777.00     0.570414
      1778.00     0.569543
      1779.00     0.568673
      1780.00     0.567802
      1781.00     0.567586
      1782.00     0.567369
      1783.00     0.567153
      1784.00     0.566936
      1785.00     0.567659
      1786.00     0.568382
      1787.00     0.569105
      1788.00     0.569828
      1789.00     0.569982
      1790.00     0.570136
      1791.00     0.570291
      1792.00     0.570445
      1793.00     0.569867
      1794.00     0.569288
      1795.00     0.568710
      1796.00     0.568132
      1797.00     0.568276
      1798.00     0.568421
      1799.00     0.568565
      1800.00     0.568709
      1801.00     0.568709
      1802.00     0.568709
      1803.00     0.568709
      1804.00     0.568709
      1805.00     0.568982
      1806.00     0.569254
      1807.00     0.569526
      1808.00     0.569799
      1809.00     0.570590
      1810.00     0.571380
      1811.00     0.572170
      1812.00     0.572961
      1813.00     0.572776
      1814.00     0.572591
      1815.00     0.572405
      1816.00     0.572220
      1817.00     0.572042
      1818.00     0.571864
      1819.00     0.571687
      1820.00     0.571509
      1821.00     0.571292
      1822.00     0.571075
      1823.00     0.570858
      1824.00     0.570641
      1825.00     0.570737
      1826.00     0.570834
      1827.00     0.570930
      1828.00     0.571026
      1829.00     0.570886
      1830.00     0.570747
      1831.00     0.570608
      1832.00     0.570468
      1833.00     0.570956
      1834.00     0.571445
      1835.00     0.571934
      1836.00     0.572422
      1837.00     0.571831
      1838.00     0.571240
      1839.00     0.570649
      1840.00     0.570058
      1841.00     0.569648
      1842.00     0.569238
      1843.00     0.568829
      1844.00     0.568419
      1845.00     0.568440
      1846.00     0.568461
      1847.00     0.568482
      1848.00     0.568503
      1849.00     0.567366
      1850.00     0.566230
      1851.00     0.565094
      1852.00     0.563957
      1853.00     0.564343
      1854.00     0.564729
      1855.00     0.565115
      1856.00     0.565501
      1857.00     0.565102
      1858.00     0.564702
      1859.00     0.564303
      1860.00     0.563903
      1861.00     0.561981
      1862.00     0.560058
      1863.00     0.558136
      1864.00     0.556214
      1865.00     0.554614
      1866.00     0.553015
      1867.00     0.551415
      1868.00     0.549815
      1869.00     0.547012
      1870.00     0.544209
      1871.00     0.541406
      1872.00     0.538603
      1873.00     0.536368
      1874.00     0.534134
      1875.00     0.531900
      1876.00     0.529665
      1877.00     0.526266
      1878.00     0.522866
      1879.00     0.519467
      1880.00     0.516067
      1881.00     0.513455
      1882.00     0.510844
      1883.00     0.508232
      1884.00     0.505620
      1885.00     0.500880
      1886.00     0.496139
      1887.00     0.491398
      1888.00     0.486658
      1889.00     0.482699
      1890.00     0.478740
      1891.00     0.474782
      1892.00     0.470823
      1893.00     0.466440
      1894.00     0.462056
      1895.00     0.457673
      1896.00     0.453290
      1897.00     0.450727
      1898.00     0.448164
      1899.00     0.445600
      1900.00     0.443037
      1901.00     0.442908
      1902.00     0.442779
      1903.00     0.442650
      1904.00     0.442521
      1905.00     0.442579
      1906.00     0.442636
      1907.00     0.442694
      1908.00     0.442752
      1909.00     0.444219
      1910.00     0.445686
      1911.00     0.447154
      1912.00     0.448621
      1913.00     0.449144
      1914.00     0.449668
      1915.00     0.450191
      1916.00     0.450715
      1917.00     0.451454
      1918.00     0.452194
      1919.00     0.452933
      1920.00     0.453673
      1921.00     0.455277
      1922.00     0.456881
      1923.00     0.458484
      1924.00     0.460088
      1925.00     0.462622
      1926.00     0.465156
      1927.00     0.467691
      1928.00     0.470225
      1929.00     0.470905
      1930.00     0.471585
      1931.00     0.472265
      1932.00     0.472945
      1933.00     0.474466
      1934.00     0.475988
      1935.00     0.477509
      1936.00     0.479031
      1937.00     0.479526
      1938.00     0.480021
      1939.00     0.480515
      1940.00     0.481010
      1941.00     0.481737
      1942.00     0.482465
      1943.00     0.483193
      1944.00     0.483920
      1945.00     0.485095
      1946.00     0.486270
      1947.00     0.487446
      1948.00     0.488621
      1949.00     0.488941
      1950.00     0.489261
      1951.00     0.489581
      1952.00     0.489901
      1953.00     0.490812
      1954.00     0.491723
      1955.00     0.492633
      1956.00     0.493544
      1957.00     0.494519
      1958.00     0.495494
      1959.00     0.496469
      1960.00     0.497444
      1961.00     0.496881
      1962.00     0.496318
      1963.00     0.495756
      1964.00     0.495193
      1965.00     0.495701
      1966.00     0.496210
      1967.00     0.496718
      1968.00     0.497227
      1969.00     0.498057
      1970.00     0.498887
      1971.00     0.499718
      1972.00     0.500548
      1973.00     0.500992
      1974.00     0.501436
      1975.00     0.501879
      1976.00     0.502323
      1977.00     0.503590
      1978.00     0.504858
      1979.00     0.506126
      1980.00     0.507393
      1981.00     0.508919
      1982.00     0.510446
      1983.00     0.511973
      1984.00     0.513499
      1985.00     0.513878
      1986.00     0.514257
      1987.00     0.514636
      1988.00     0.515015
      1989.00     0.515450
      1990.00     0.515885
      1991.00     0.516321
      1992.00     0.516756
      1993.00     0.518344
      1994.00     0.519933
      1995.00     0.521521
      1996.00     0.523109
      1997.00     0.523223
      1998.00     0.523336
      1999.00     0.523450
      2000.00     0.523563
      2001.00     0.523918
      2002.00     0.524273
      2003.00     0.524628
      2004.00     0.524983
      2005.00     0.525735
      2006.00     0.526487
      2007.00     0.527238
      2008.00     0.527990
      2009.00     0.528745
      2010.00     0.529499
      2011.00     0.530254
      2012.00     0.531009
      2013.00     0.532137
      2014.00     0.533265
      2015.00     0.534393
      2016.00     0.535521
      2017.00     0.535624
      2018.00     0.535728
      2019.00     0.535831
      2020.00     0.535934
      2021.00     0.537120
      2022.00     0.538307
      2023.00     0.539493
      2024.00     0.540679
      2025.00     0.540662
      2026.00     0.540645
      2027.00     0.540628
      2028.00     0.540611
      2029.00     0.540278
      2030.00     0.539945
      2031.00     0.539612
      2032.00     0.539279
      2033.00     0.539052
      2034.00     0.538825
      2035.00     0.538598
      2036.00     0.538371
      2037.00     0.539578
      2038.00     0.540784
      2039.00     0.541991
      2040.00     0.543198
      2041.00     0.543447
      2042.00     0.543696
      2043.00     0.543944
      2044.00     0.544193
      2045.00     0.542867
      2046.00     0.541542
      2047.00     0.540217
      2048.00     0.538891
      2049.00     0.539781
      2050.00     0.540671
      2051.00     0.541560
      2052.00     0.542450
      2053.00     0.542782
      2054.00     0.543114
      2055.00     0.543446
      2056.00     0.543778
      2057.00     0.543561
      2058.00     0.543344
      2059.00     0.543126
      2060.00     0.542909
      2061.00     0.543356
      2062.00     0.543802
      2063.00     0.544249
      2064.00     0.544695
      2065.00     0.545350
      2066.00     0.546005
      2067.00     0.546661
      2068.00     0.547316
      2069.00     0.547543
      2070.00     0.547769
      2071.00     0.547996
      2072.00     0.548222
      2073.00     0.548276
      2074.00     0.548330
      2075.00     0.548384
      2076.00     0.548438
      2077.00     0.549077
      2078.00     0.549715
      2079.00     0.550354
      2080.00     0.550803
      2081.00     0.551452
      2082.00     0.551440
      2083.00     0.551603
      2084.00     0.551711
      2085.00     0.551864
      2086.00     0.552013
      2087.00     0.552058
      2088.00     0.551955
      2089.00     0.551726
      2090.00     0.551497
      2091.00     0.551322
      2092.00     0.551231
      2093.00     0.551188
      2094.00     0.551154
      2095.00     0.551097
      2096.00     0.551027
      2097.00     0.550963
      2098.00     0.550938
      2099.00     0.550953
      2100.00     0.550980
      2101.00     0.550981
      2102.00     0.550912
      2103.00     0.550736
      2104.00     0.550500
      2105.00     0.550242
      2106.00     0.550081
      2107.00     0.550040
      2108.00     0.550104
      2109.00     0.550189
      2110.00     0.550225
      2111.00     0.550167
      2112.00     0.550056
      2113.00     0.549939
      2114.00     0.549872
      2115.00     0.549866
      2116.00     0.549912
      2117.00     0.549986
      2118.00     0.550032
      2119.00     0.550016
      2120.00     0.549907
      2121.00     0.549727
      2122.00     0.549503
      2123.00     0.549364
      2124.00     0.549344
      2125.00     0.549440
      2126.00     0.549584
      2127.00     0.549682
      2128.00     0.549700
      2129.00     0.549638
      2130.00     0.549547
      2131.00     0.549461
      2132.00     0.549369
      2133.00     0.549245
      2134.00     0.549057
      2135.00     0.548806
      2136.00     0.548480
      2137.00     0.548170
      2138.00     0.547873
      2139.00     0.547590
      2140.00     0.547312
      2141.00     0.547066
      2142.00     0.546871
      2143.00     0.546703
      2144.00     0.546531
      2145.00     0.546288
      2146.00     0.545906
      2147.00     0.545327
      2148.00     0.544631
      2149.00     0.543823
      2150.00     0.542966
      2151.00     0.542134
      2152.00     0.541387
      2153.00     0.540759
      2154.00     0.540215
      2155.00     0.539705
      2156.00     0.539171
      2157.00     0.538587
      2158.00     0.537960
      2159.00     0.537321
      2160.00     0.536705
      2161.00     0.536127
      2162.00     0.535575
      2163.00     0.535023
      2164.00     0.534460
      2165.00     0.533894
      2166.00     0.533344
      2167.00     0.532836
      2168.00     0.532383
      2169.00     0.531976
      2170.00     0.531585
      2171.00     0.531166
      2172.00     0.530678
      2173.00     0.530121
      2174.00     0.529544
      2175.00     0.528977
      2176.00     0.528396
      2177.00     0.527834
      2178.00     0.527242
      2179.00     0.526561
      2180.00     0.525755
      2181.00     0.524928
      2182.00     0.523958
      2183.00     0.523009
      2184.00     0.522119
      2185.00     0.521310
      2186.00     0.520522
      2187.00     0.519643
      2188.00     0.518696
      2189.00     0.517754
      2190.00     0.516733
      2191.00     0.515671
      2192.00     0.514617
      2193.00     0.513675
      2194.00     0.512621
      2195.00     0.511543
      2196.00     0.510458
      2197.00     0.509370
      2198.00     0.508143
      2199.00     0.506915
      2200.00     0.505613
      2201.00     0.504155
      2202.00     0.502716
      2203.00     0.501153
      2204.00     0.499535
      2205.00     0.498153
      2206.00     0.496866
      2207.00     0.496032
      2208.00     0.495604
      2209.00     0.495722
      2210.00     0.496311
      2211.00     0.497405
      2212.00     0.498818
      2213.00     0.500547
      2214.00     0.502373
      2215.00     0.504214
      2216.00     0.505914
      2217.00     0.507447
      2218.00     0.508596
      2219.00     0.509535
      2220.00     0.510244
      2221.00     0.510885
      2222.00     0.511424
      2223.00     0.511918
      2224.00     0.512405
      2225.00     0.512770
      2226.00     0.513073
      2227.00     0.513277
      2228.00     0.513443
      2229.00     0.513573
      2230.00     0.513699
      2231.00     0.513807
      2232.00     0.513891
      2233.00     0.513922
      2234.00     0.513879
      2235.00     0.513759
      2236.00     0.513586
      2237.00     0.513368
      2238.00     0.513147
      2239.00     0.512949
      2240.00     0.512747
      2241.00     0.512546
      2242.00     0.512340
      2243.00     0.512132
      2244.00     0.511931
      2245.00     0.511801
      2246.00     0.511748
      2247.00     0.511763
      2248.00     0.511824
      2249.00     0.511894
      2250.00     0.511959
      2251.00     0.512019
      2252.00     0.512090
      2253.00     0.512202
      2254.00     0.512372
      2255.00     0.512602
      2256.00     0.512924
      2257.00     0.513254
      2258.00     0.513595
      2259.00     0.513904
      2260.00     0.514158
      2261.00     0.514347
      2262.00     0.514479
      2263.00     0.514567
      2264.00     0.514645
      2265.00     0.514722
      2266.00     0.514767
      2267.00     0.514730
      2268.00     0.514568
      2269.00     0.514262
      2270.00     0.513827
      2271.00     0.513318
      2272.00     0.512795
      2273.00     0.512294
      2274.00     0.511812
      2275.00     0.511303
      2276.00     0.510779
      2277.00     0.510158
      2278.00     0.509419
      2279.00     0.508592
      2280.00     0.507718
      2281.00     0.506708
      2282.00     0.505663
      2283.00     0.504609
      2284.00     0.503554
      2285.00     0.502493
      2286.00     0.501416
      2287.00     0.500315
      2288.00     0.499193
      2289.00     0.498070
      2290.00     0.496980
      2291.00     0.495958
      2292.00     0.495043
      2293.00     0.494267
      2294.00     0.493497
      2295.00     0.492786
      2296.00     0.492112
      2297.00     0.491465
      2298.00     0.490846
      2299.00     0.490301
      2300.00     0.489723
      2301.00     0.489160
      2302.00     0.488603
      2303.00     0.488054
      2304.00     0.487557
      2305.00     0.487021
      2306.00     0.486476
      2307.00     0.485922
      2308.00     0.485396
      2309.00     0.484818
      2310.00     0.484226
      2311.00     0.483695
      2312.00     0.483184
      2313.00     0.482734
      2314.00     0.482398
      2315.00     0.482132
      2316.00     0.481930
      2317.00     0.481787
      2318.00     0.481665
      2319.00     0.481538
      2320.00     0.481402
      2321.00     0.481238
      2322.00     0.481020
      2323.00     0.480753
      2324.00     0.480437
      2325.00     0.480054
      2326.00     0.479657
      2327.00     0.479221
      2328.00     0.478830
      2329.00     0.478453
      2330.00     0.478148
      2331.00     0.477840
      2332.00     0.477549
      2333.00     0.477196
      2334.00     0.476817
      2335.00     0.476364
      2336.00     0.475914
      2337.00     0.475453
      2338.00     0.475048
      2339.00     0.474680
      2340.00     0.474368
      2341.00     0.474095
      2342.00     0.473846
      2343.00     0.473605
      2344.00     0.473355
      2345.00     0.473112
      2346.00     0.472863
      2347.00     0.472604
      2348.00     0.472385
      2349.00     0.472204
      2350.00     0.472071
      2351.00     0.472015
      2352.00     0.472007
      2353.00     0.472036
      2354.00     0.472079
      2355.00     0.472125
      2356.00     0.472171
      2357.00     0.472211
      2358.00     0.472249
      2359.00     0.472285
      2360.00     0.472314
      2361.00     0.472322
      2362.00     0.472299
      2363.00     0.472239
      2364.00     0.472140
      2365.00     0.471986
      2366.00     0.471811
      2367.00     0.471610
      2368.00     0.471376
      2369.00     0.471106
      2370.00     0.470775
      2371.00     0.470398
      2372.00     0.469982
      2373.00     0.469512
      2374.00     0.468986
      2375.00     0.468396
      2376.00     0.467741
      2377.00     0.467024
      2378.00     0.466258
      2379.00     0.465410
      2380.00     0.464654
      2381.00     0.463964
      2382.00     0.463354
      2383.00     0.462829
      2384.00     0.462377
      2385.00     0.461987
      2386.00     0.461645
      2387.00     0.461336
      2388.00     0.461054
      2389.00     0.460794
      2390.00     0.460555
      2391.00     0.460337
      2392.00     0.460148
      2393.00     0.459992
      2394.00     0.459877
      2395.00     0.459805
      2396.00     0.459770
      2397.00     0.459756
      2398.00     0.459746
      2399.00     0.459714
      2400.00     0.459630
      2401.00     0.459492
      2402.00     0.459299
      2403.00     0.459066
      2404.00     0.458808
      2405.00     0.458541
      2406.00     0.458291
      2407.00     0.458066
      2408.00     0.457841
      2409.00     0.457630
      2410.00     0.457415
      2411.00     0.457180
      2412.00     0.456931
      2413.00     0.456640
      2414.00     0.456308
      2415.00     0.455955
      2416.00     0.455599
      2417.00     0.455260
      2418.00     0.454892
      2419.00     0.454516
      2420.00     0.454120
      2421.00     0.453729
      2422.00     0.453307
      2423.00     0.452858
      2424.00     0.452423
      2425.00     0.452009
      2426.00     0.451576
      2427.00     0.451139
      2428.00     0.450709
      2429.00     0.450190
      2430.00     0.449625
      2431.00     0.448983
      2432.00     0.448257
      2433.00     0.447524
      2434.00     0.446840
      2435.00     0.446149
      2436.00     0.445589
      2437.00     0.445046
      2438.00     0.444571
      2439.00     0.444112
      2440.00     0.443660
      2441.00     0.443224
      2442.00     0.442761
      2443.00     0.442341
      2444.00     0.441903
      2445.00     0.441509
      2446.00     0.441117
      2447.00     0.440741
      2448.00     0.440380
      2449.00     0.440010
      2450.00     0.439675
      2451.00     0.439330
      2452.00     0.439026
      2453.00     0.438734
      2454.00     0.438430
      2455.00     0.438118
      2456.00     0.437804
      2457.00     0.437448
      2458.00     0.437106
      2459.00     0.436759
      2460.00     0.436396
      2461.00     0.436048
      2462.00     0.435714
      2463.00     0.435377
      2464.00     0.435024
      2465.00     0.434604
      2466.00     0.434178
      2467.00     0.433733
      2468.00     0.433257
      2469.00     0.432786
      2470.00     0.432366
      2471.00     0.431988
      2472.00     0.431660
      2473.00     0.431365
      2474.00     0.431072
      2475.00     0.430774
      2476.00     0.430465
      2477.00     0.430118
      2478.00     0.429725
      2479.00     0.429286
      2480.00     0.428817
      2481.00     0.428310
      2482.00     0.427799
      2483.00     0.427327
      2484.00     0.426879
      2485.00     0.426475
      2486.00     0.426105
      2487.00     0.425763
      2488.00     0.425439
      2489.00     0.425122
      2490.00     0.424800
      2491.00     0.424462
      2492.00     0.424108
      2493.00     0.423740
      2494.00     0.423368
      2495.00     0.422999
      2496.00     0.422638
      2497.00     0.422293
      2498.00     0.421955
      2499.00     0.421622
      2500.00     0.421288
