      400.000    0.0741520
      401.000    0.0744010
      402.000    0.0741100
      403.000    0.0751550
      404.000    0.0751550
      405.000    0.0795190
      406.000    0.0789830
      407.000    0.0821880
      408.000    0.0838670
      409.000    0.0838160
      410.000    0.0832270
      411.000    0.0865320
      412.000    0.0863230
      413.000    0.0879250
      414.000    0.0909730
      415.000    0.0905300
      416.000    0.0909170
      417.000    0.0958580
      418.000    0.0967310
      419.000    0.0981500
      420.000    0.0996210
      421.000     0.101220
      422.000     0.102970
      423.000     0.105660
      424.000     0.106210
      425.000     0.106590
      426.000     0.108290
      427.000     0.110890
      428.000     0.111620
      429.000     0.114990
      430.000     0.111850
      431.000     0.115800
      432.000     0.121860
      433.000     0.124990
      434.000     0.127770
      435.000     0.127130
      436.000     0.129240
      437.000     0.127030
      438.000     0.131240
      439.000     0.134120
      440.000     0.136670
      441.000     0.137300
      442.000     0.137100
      443.000     0.138810
      444.000     0.140940
      445.000     0.143800
      446.000     0.142890
      447.000     0.148950
      448.000     0.149160
      449.000     0.152430
      450.000     0.152730
      451.000     0.151950
      452.000     0.152620
      453.000     0.158090
      454.000     0.159790
      455.000     0.159080
      456.000     0.158140
      457.000     0.160170
      458.000     0.160520
      459.000     0.160760
      460.000     0.163190
      461.000     0.168080
      462.000     0.167200
      463.000     0.166940
      464.000     0.166690
      465.000     0.168880
      466.000     0.168760
      467.000     0.168630
      468.000     0.170860
      469.000     0.172050
      470.000     0.172310
      471.000     0.172440
      472.000     0.172310
      473.000     0.175040
      474.000     0.176750
      475.000     0.178730
      476.000     0.177290
      477.000     0.178590
      478.000     0.180030
      479.000     0.179890
      480.000     0.183510
      481.000     0.183110
      482.000     0.183950
      483.000     0.185660
      484.000     0.185690
      485.000     0.185830
      486.000     0.187710
      487.000     0.189870
      488.000     0.190450
      489.000     0.191890
      490.000     0.191740
      491.000     0.192310
      492.000     0.196950
      493.000     0.198620
      494.000     0.195750
      495.000     0.198380
      496.000     0.198630
      497.000     0.203720
      498.000     0.204860
      499.000     0.206850
      500.000     0.206350
      501.000     0.208920
      502.000     0.209420
      503.000     0.212950
      504.000     0.214720
      505.000     0.214070
      506.000     0.212630
      507.000     0.214560
      508.000     0.218970
      509.000     0.222840
      510.000     0.224300
      511.000     0.225760
      512.000     0.224410
      513.000     0.224410
      514.000     0.228780
      515.000     0.231210
      516.000     0.229720
      517.000     0.232820
      518.000     0.237750
      519.000     0.240930
      520.000     0.240180
      521.000     0.240910
      522.000     0.245330
      523.000     0.250150
      524.000     0.251820
      525.000     0.249770
      526.000     0.249580
      527.000     0.256820
      528.000     0.260900
      529.000     0.261930
      530.000     0.262240
      531.000     0.264230
      532.000     0.264370
      533.000     0.264370
      534.000     0.265840
      535.000     0.267510
      536.000     0.271240
      537.000     0.274210
      538.000     0.275570
      539.000     0.275880
      540.000     0.278040
      541.000     0.280190
      542.000     0.285460
      543.000     0.281410
      544.000     0.286710
      545.000     0.287760
      546.000     0.288440
      547.000     0.292230
      548.000     0.291670
      549.000     0.294020
      550.000     0.296980
      551.000     0.294540
      552.000     0.295380
      553.000     0.299650
      554.000     0.297880
      555.000     0.304190
      556.000     0.307320
      557.000     0.307750
      558.000     0.308230
      559.000     0.312140
      560.000     0.320980
      561.000     0.322870
      562.000     0.326040
      563.000     0.327330
      564.000     0.329920
      565.000     0.330730
      566.000     0.333070
      567.000     0.334930
      568.000     0.339590
      569.000     0.341060
      570.000     0.343340
      571.000     0.342840
      572.000     0.344190
      573.000     0.351570
      574.000     0.350940
      575.000     0.356240
      576.000     0.355370
      577.000     0.355590
      578.000     0.360390
      579.000     0.366320
      580.000     0.365750
      581.000     0.364130
      582.000     0.363600
      583.000     0.368400
      584.000     0.368150
      585.000     0.370010
      586.000     0.371890
      587.000     0.373770
      588.000     0.374090
      589.000     0.373770
      590.000     0.377010
      591.000     0.379190
      592.000     0.379750
      593.000     0.380790
      594.000     0.379400
      595.000     0.383840
      596.000     0.384400
      597.000     0.383910
      598.000     0.385740
      599.000     0.385370
      600.000     0.387100
      601.000     0.386170
      602.000     0.388150
      603.000     0.388620
      604.000     0.388070
      605.000     0.388260
      606.000     0.389560
      607.000     0.389740
      608.000     0.391950
      609.000     0.393360
      610.000     0.393640
      611.000     0.395040
      612.000     0.393740
      613.000     0.391140
      614.000     0.393460
      615.000     0.393360
      616.000     0.394830
      617.000     0.397980
      618.000     0.395340
      619.000     0.396060
      620.000     0.397460
      621.000     0.400440
      622.000     0.399430
      623.000     0.395530
      624.000     0.397020
      625.000     0.400720
      626.000     0.400310
      627.000     0.396510
      628.000     0.397230
      629.000     0.401750
      630.000     0.399750
      631.000     0.398750
      632.000     0.401450
      633.000     0.404310
      634.000     0.405320
      635.000     0.409770
      636.000     0.404890
      637.000     0.406240
      638.000     0.409590
      639.000     0.412890
      640.000     0.414640
      641.000     0.410090
      642.000     0.410090
      643.000     0.411900
      644.000     0.408730
      645.000     0.409430
      646.000     0.412890
      647.000     0.416550
      648.000     0.417670
      649.000     0.416570
      650.000     0.417160
      651.000     0.416460
      652.000     0.417160
      653.000     0.418440
      654.000     0.422390
      655.000     0.422580
      656.000     0.420610
      657.000     0.416790
      658.000     0.416500
      659.000     0.421800
      660.000     0.424060
      661.000     0.424200
      662.000     0.428940
      663.000     0.427450
      664.000     0.423710
      665.000     0.427300
      666.000     0.426950
      667.000     0.426160
      668.000     0.428230
      669.000     0.431590
      670.000     0.434820
      671.000     0.436230
      672.000     0.432210
      673.000     0.435330
      674.000     0.437210
      675.000     0.440010
      676.000     0.438420
      677.000     0.436120
      678.000     0.435810
      679.000     0.436970
      680.000     0.439770
      681.000     0.441900
      682.000     0.441600
      683.000     0.439710
      684.000     0.440380
      685.000     0.435820
      686.000     0.438280
      687.000     0.442980
      688.000     0.444770
      689.000     0.443850
      690.000     0.443300
      691.000     0.443910
      692.000     0.448990
      693.000     0.452120
      694.000     0.454670
      695.000     0.460760
      696.000     0.459790
      697.000     0.458460
      698.000     0.458760
      699.000     0.465560
      700.000     0.452100
      701.000     0.454920
      702.000     0.453700
      703.000     0.452490
      704.000     0.452840
      705.000     0.454660
      706.000     0.454340
      707.000     0.457730
      708.000     0.460520
      709.000     0.460840
      710.000     0.463320
      711.000     0.463010
      712.000     0.462080
      713.000     0.461150
      714.000     0.459920
      715.000     0.461480
      716.000     0.463950
      717.000     0.464270
      718.000     0.466750
      719.000     0.467040
      720.000     0.469520
      721.000     0.467970
      722.000     0.466730
      723.000     0.466110
      724.000     0.471060
      725.000     0.471370
      726.000     0.472610
      727.000     0.470420
      728.000     0.472900
      729.000     0.471650
      730.000     0.472250
      731.000     0.471020
      732.000     0.471670
      733.000     0.472270
      734.000     0.473210
      735.000     0.476890
      736.000     0.476230
      737.000     0.475660
      738.000     0.477520
      739.000     0.475640
      740.000     0.479630
      741.000     0.478750
      742.000     0.478430
      743.000     0.480580
      744.000     0.480860
      745.000     0.478660
      746.000     0.476190
      747.000     0.479880
      748.000     0.481140
      749.000     0.486990
      750.000     0.490370
      751.000     0.487640
      752.000     0.485080
      753.000     0.483040
      754.000     0.489510
      755.000     0.487120
      756.000     0.485490
      757.000     0.485170
      758.000     0.489710
      759.000     0.492810
      760.000     0.490710
      761.000     0.490070
      762.000     0.487890
      763.000     0.490920
      764.000     0.489700
      765.000     0.490330
      766.000     0.489650
      767.000     0.489700
      768.000     0.493900
      769.000     0.490280
      770.000     0.496120
      771.000     0.492030
      772.000     0.491450
      773.000     0.492660
      774.000     0.494580
      775.000     0.493560
      776.000     0.491710
      777.000     0.491340
      778.000     0.493880
      779.000     0.499710
      780.000     0.500680
      781.000     0.502880
      782.000     0.501250
      783.000     0.498420
      784.000     0.499770
      785.000     0.497450
      786.000     0.497450
      787.000     0.500590
      788.000     0.498340
      789.000     0.501410
      790.000     0.500270
      791.000     0.498160
      792.000     0.499770
      793.000     0.498090
      794.000     0.498470
      795.000     0.494400
      796.000     0.497450
      797.000     0.493020
      798.000     0.497840
      799.000     0.497840
      800.000     0.499050
      801.000     0.497925
      802.000     0.496800
      803.000     0.495675
      804.000     0.494550
      805.000     0.494468
      806.000     0.494385
      807.000     0.494303
      808.000     0.494220
      809.000     0.492778
      810.000     0.491335
      811.000     0.489893
      812.000     0.488450
      813.000     0.489130
      814.000     0.489810
      815.000     0.490490
      816.000     0.491170
      817.000     0.490493
      818.000     0.489815
      819.000     0.489138
      820.000     0.488460
      821.000     0.488540
      822.000     0.488620
      823.000     0.488700
      824.000     0.488780
      825.000     0.487967
      826.000     0.487155
      827.000     0.486343
      828.000     0.485530
      829.000     0.485613
      830.000     0.485695
      831.000     0.485777
      832.000     0.485860
      833.000     0.485340
      834.000     0.484820
      835.000     0.484300
      836.000     0.483780
      837.000     0.483633
      838.000     0.483485
      839.000     0.483337
      840.000     0.483190
      841.000     0.483560
      842.000     0.483930
      843.000     0.484300
      844.000     0.484670
      845.000     0.483732
      846.000     0.482795
      847.000     0.481857
      848.000     0.480920
      849.000     0.480350
      850.000     0.479780
      851.000     0.479210
      852.000     0.478640
      853.000     0.478000
      854.000     0.477360
      855.000     0.476720
      856.000     0.476080
      857.000     0.475518
      858.000     0.474955
      859.000     0.474393
      860.000     0.473830
      861.000     0.474210
      862.000     0.474590
      863.000     0.474970
      864.000     0.475350
      865.000     0.475937
      866.000     0.476525
      867.000     0.477113
      868.000     0.477700
      869.000     0.477140
      870.000     0.476580
      871.000     0.476020
      872.000     0.475460
      873.000     0.475613
      874.000     0.475765
      875.000     0.475917
      876.000     0.476070
      877.000     0.475313
      878.000     0.474555
      879.000     0.473798
      880.000     0.473040
      881.000     0.473415
      882.000     0.473790
      883.000     0.474165
      884.000     0.474540
      885.000     0.475192
      886.000     0.475845
      887.000     0.476498
      888.000     0.477150
      889.000     0.477093
      890.000     0.477035
      891.000     0.476977
      892.000     0.476920
      893.000     0.477293
      894.000     0.477665
      895.000     0.478038
      896.000     0.478410
      897.000     0.478410
      898.000     0.478410
      899.000     0.478410
      900.000     0.478410
      901.000     0.478537
      902.000     0.478665
      903.000     0.478792
      904.000     0.478920
      905.000     0.478792
      906.000     0.478665
      907.000     0.478537
      908.000     0.478410
      909.000     0.478202
      910.000     0.477995
      911.000     0.477787
      912.000     0.477580
      913.000     0.477732
      914.000     0.477885
      915.000     0.478038
      916.000     0.478190
      917.000     0.479198
      918.000     0.480205
      919.000     0.481212
      920.000     0.482220
      921.000     0.482510
      922.000     0.482800
      923.000     0.483090
      924.000     0.483380
      925.000     0.482858
      926.000     0.482335
      927.000     0.481813
      928.000     0.481290
      929.000     0.481015
      930.000     0.480740
      931.000     0.480465
      932.000     0.480190
      933.000     0.480258
      934.000     0.480325
      935.000     0.480393
      936.000     0.480460
      937.000     0.481248
      938.000     0.482035
      939.000     0.482823
      940.000     0.483610
      941.000     0.483900
      942.000     0.484190
      943.000     0.484480
      944.000     0.484770
      945.000     0.484340
      946.000     0.483910
      947.000     0.483480
      948.000     0.483050
      949.000     0.483130
      950.000     0.483210
      951.000     0.483290
      952.000     0.483370
      953.000     0.483450
      954.000     0.483530
      955.000     0.483610
      956.000     0.483690
      957.000     0.483323
      958.000     0.482955
      959.000     0.482587
      960.000     0.482220
      961.000     0.482610
      962.000     0.483000
      963.000     0.483390
      964.000     0.483780
      965.000     0.483800
      966.000     0.483820
      967.000     0.483840
      968.000     0.483860
      969.000     0.484203
      970.000     0.484545
      971.000     0.484888
      972.000     0.485230
      973.000     0.485938
      974.000     0.486645
      975.000     0.487352
      976.000     0.488060
      977.000     0.488667
      978.000     0.489275
      979.000     0.489882
      980.000     0.490490
      981.000     0.491140
      982.000     0.491790
      983.000     0.492440
      984.000     0.493090
      985.000     0.492255
      986.000     0.491420
      987.000     0.490585
      988.000     0.489750
      989.000     0.491013
      990.000     0.492275
      991.000     0.493537
      992.000     0.494800
      993.000     0.494660
      994.000     0.494520
      995.000     0.494380
      996.000     0.494240
      997.000     0.494000
      998.000     0.493760
      999.000     0.493520
      1000.00     0.493280
      1001.00     0.494238
      1002.00     0.495195
      1003.00     0.496153
      1004.00     0.497110
      1005.00     0.497610
      1006.00     0.498110
      1007.00     0.498610
      1008.00     0.499110
      1009.00     0.498192
      1010.00     0.497275
      1011.00     0.496357
      1012.00     0.495440
      1013.00     0.495380
      1014.00     0.495320
      1015.00     0.495260
      1016.00     0.495200
      1017.00     0.495980
      1018.00     0.496760
      1019.00     0.497540
      1020.00     0.498320
      1021.00     0.499133
      1022.00     0.499945
      1023.00     0.500758
      1024.00     0.501570
      1025.00     0.501285
      1026.00     0.501000
      1027.00     0.500715
      1028.00     0.500430
      1029.00     0.500037
      1030.00     0.499645
      1031.00     0.499252
      1032.00     0.498860
      1033.00     0.498863
      1034.00     0.498865
      1035.00     0.498868
      1036.00     0.498870
      1037.00     0.499295
      1038.00     0.499720
      1039.00     0.500145
      1040.00     0.500570
      1041.00     0.501207
      1042.00     0.501845
      1043.00     0.502483
      1044.00     0.503120
      1045.00     0.503192
      1046.00     0.503265
      1047.00     0.503338
      1048.00     0.503410
      1049.00     0.503727
      1050.00     0.504045
      1051.00     0.504362
      1052.00     0.504680
      1053.00     0.504327
      1054.00     0.503975
      1055.00     0.503622
      1056.00     0.503270
      1057.00     0.504080
      1058.00     0.504890
      1059.00     0.505700
      1060.00     0.506510
      1061.00     0.508038
      1062.00     0.509565
      1063.00     0.511093
      1064.00     0.512620
      1065.00     0.512040
      1066.00     0.511460
      1067.00     0.510880
      1068.00     0.510300
      1069.00     0.508330
      1070.00     0.506360
      1071.00     0.504390
      1072.00     0.502420
      1073.00     0.503510
      1074.00     0.504600
      1075.00     0.505690
      1076.00     0.506780
      1077.00     0.507380
      1078.00     0.507980
      1079.00     0.508580
      1080.00     0.509180
      1081.00     0.509675
      1082.00     0.510170
      1083.00     0.510665
      1084.00     0.511160
      1085.00     0.510798
      1086.00     0.510435
      1087.00     0.510073
      1088.00     0.509710
      1089.00     0.510058
      1090.00     0.510405
      1091.00     0.510752
      1092.00     0.511100
      1093.00     0.510470
      1094.00     0.509840
      1095.00     0.509210
      1096.00     0.508580
      1097.00     0.508925
      1098.00     0.509270
      1099.00     0.509615
      1100.00     0.509960
      1101.00     0.509755
      1102.00     0.509550
      1103.00     0.509345
      1104.00     0.509140
      1105.00     0.509750
      1106.00     0.510360
      1107.00     0.510970
      1108.00     0.511580
      1109.00     0.511295
      1110.00     0.511010
      1111.00     0.510725
      1112.00     0.510440
      1113.00     0.511640
      1114.00     0.512840
      1115.00     0.514040
      1116.00     0.515240
      1117.00     0.517452
      1118.00     0.519665
      1119.00     0.521877
      1120.00     0.524090
      1121.00     0.523347
      1122.00     0.522605
      1123.00     0.521863
      1124.00     0.521120
      1125.00     0.520612
      1126.00     0.520105
      1127.00     0.519598
      1128.00     0.519090
      1129.00     0.517905
      1130.00     0.516720
      1131.00     0.515535
      1132.00     0.514350
      1133.00     0.514888
      1134.00     0.515425
      1135.00     0.515962
      1136.00     0.516500
      1137.00     0.516275
      1138.00     0.516050
      1139.00     0.515825
      1140.00     0.515600
      1141.00     0.515245
      1142.00     0.514890
      1143.00     0.514535
      1144.00     0.514180
      1145.00     0.515558
      1146.00     0.516935
      1147.00     0.518313
      1148.00     0.519690
      1149.00     0.520228
      1150.00     0.520765
      1151.00     0.521302
      1152.00     0.521840
      1153.00     0.521827
      1154.00     0.521815
      1155.00     0.521803
      1156.00     0.521790
      1157.00     0.522350
      1158.00     0.522910
      1159.00     0.523470
      1160.00     0.524030
      1161.00     0.524682
      1162.00     0.525335
      1163.00     0.525988
      1164.00     0.526640
      1165.00     0.527112
      1166.00     0.527585
      1167.00     0.528058
      1168.00     0.528530
      1169.00     0.529695
      1170.00     0.530860
      1171.00     0.532025
      1172.00     0.533190
      1173.00     0.533265
      1174.00     0.533340
      1175.00     0.533415
      1176.00     0.533490
      1177.00     0.534127
      1178.00     0.534765
      1179.00     0.535403
      1180.00     0.536040
      1181.00     0.536443
      1182.00     0.536845
      1183.00     0.537247
      1184.00     0.537650
      1185.00     0.538150
      1186.00     0.538650
      1187.00     0.539150
      1188.00     0.539650
      1189.00     0.540020
      1190.00     0.540390
      1191.00     0.540760
      1192.00     0.541130
      1193.00     0.541653
      1194.00     0.542175
      1195.00     0.542697
      1196.00     0.543220
      1197.00     0.543220
      1198.00     0.543220
      1199.00     0.543220
      1200.00     0.543220
      1201.00     0.543247
      1202.00     0.543275
      1203.00     0.543303
      1204.00     0.543330
      1205.00     0.542855
      1206.00     0.542380
      1207.00     0.541905
      1208.00     0.541430
      1209.00     0.542130
      1210.00     0.542830
      1211.00     0.543530
      1212.00     0.544230
      1213.00     0.544330
      1214.00     0.544430
      1215.00     0.544530
      1216.00     0.544630
      1217.00     0.544652
      1218.00     0.544675
      1219.00     0.544698
      1220.00     0.544720
      1221.00     0.544797
      1222.00     0.544875
      1223.00     0.544953
      1224.00     0.545030
      1225.00     0.544280
      1226.00     0.543530
      1227.00     0.542780
      1228.00     0.542030
      1229.00     0.543310
      1230.00     0.544590
      1231.00     0.545870
      1232.00     0.547150
      1233.00     0.546898
      1234.00     0.546645
      1235.00     0.546392
      1236.00     0.546140
      1237.00     0.546190
      1238.00     0.546240
      1239.00     0.546290
      1240.00     0.546340
      1241.00     0.547315
      1242.00     0.548290
      1243.00     0.549265
      1244.00     0.550240
      1245.00     0.550362
      1246.00     0.550485
      1247.00     0.550608
      1248.00     0.550730
      1249.00     0.550625
      1250.00     0.550520
      1251.00     0.550415
      1252.00     0.550310
      1253.00     0.549757
      1254.00     0.549205
      1255.00     0.548652
      1256.00     0.548100
      1257.00     0.547503
      1258.00     0.546905
      1259.00     0.546307
      1260.00     0.545710
      1261.00     0.545410
      1262.00     0.545110
      1263.00     0.544810
      1264.00     0.544510
      1265.00     0.544752
      1266.00     0.544995
      1267.00     0.545238
      1268.00     0.545480
      1269.00     0.545845
      1270.00     0.546210
      1271.00     0.546575
      1272.00     0.546940
      1273.00     0.546988
      1274.00     0.547035
      1275.00     0.547082
      1276.00     0.547130
      1277.00     0.547565
      1278.00     0.548000
      1279.00     0.548435
      1280.00     0.548870
      1281.00     0.549210
      1282.00     0.549550
      1283.00     0.549890
      1284.00     0.550230
      1285.00     0.551022
      1286.00     0.551815
      1287.00     0.552607
      1288.00     0.553400
      1289.00     0.554050
      1290.00     0.554700
      1291.00     0.555350
      1292.00     0.556000
      1293.00     0.556117
      1294.00     0.556235
      1295.00     0.556352
      1296.00     0.556470
      1297.00     0.556812
      1298.00     0.557155
      1299.00     0.557498
      1300.00     0.557840
      1301.00     0.557840
      1302.00     0.557840
      1303.00     0.557840
      1304.00     0.557840
      1305.00     0.557690
      1306.00     0.557540
      1307.00     0.557390
      1308.00     0.557240
      1309.00     0.557365
      1310.00     0.557490
      1311.00     0.557615
      1312.00     0.557740
      1313.00     0.557890
      1314.00     0.558040
      1315.00     0.558190
      1316.00     0.558340
      1317.00     0.558308
      1318.00     0.558275
      1319.00     0.558242
      1320.00     0.558210
      1321.00     0.558242
      1322.00     0.558275
      1323.00     0.558308
      1324.00     0.558340
      1325.00     0.559088
      1326.00     0.559835
      1327.00     0.560583
      1328.00     0.561330
      1329.00     0.563005
      1330.00     0.564680
      1331.00     0.566355
      1332.00     0.568030
      1333.00     0.569183
      1334.00     0.570335
      1335.00     0.571487
      1336.00     0.572640
      1337.00     0.572937
      1338.00     0.573235
      1339.00     0.573533
      1340.00     0.573830
      1341.00     0.571853
      1342.00     0.569875
      1343.00     0.567897
      1344.00     0.565920
      1345.00     0.566712
      1346.00     0.567505
      1347.00     0.568298
      1348.00     0.569090
      1349.00     0.569795
      1350.00     0.570500
      1351.00     0.571205
      1352.00     0.571910
      1353.00     0.570480
      1354.00     0.569050
      1355.00     0.567620
      1356.00     0.566190
      1357.00     0.564825
      1358.00     0.563460
      1359.00     0.562095
      1360.00     0.560730
      1361.00     0.560543
      1362.00     0.560355
      1363.00     0.560168
      1364.00     0.559980
      1365.00     0.560430
      1366.00     0.560880
      1367.00     0.561330
      1368.00     0.561780
      1369.00     0.560830
      1370.00     0.559880
      1371.00     0.558930
      1372.00     0.557980
      1373.00     0.555365
      1374.00     0.552750
      1375.00     0.550135
      1376.00     0.547520
      1377.00     0.544257
      1378.00     0.540995
      1379.00     0.537732
      1380.00     0.534470
      1381.00     0.533170
      1382.00     0.531870
      1383.00     0.530570
      1384.00     0.529270
      1385.00     0.525760
      1386.00     0.522250
      1387.00     0.518740
      1388.00     0.515230
      1389.00     0.511885
      1390.00     0.508540
      1391.00     0.505195
      1392.00     0.501850
      1393.00     0.499710
      1394.00     0.497570
      1395.00     0.495430
      1396.00     0.493290
      1397.00     0.490960
      1398.00     0.488630
      1399.00     0.486300
      1400.00     0.483970
      1401.00     0.483757
      1402.00     0.483545
      1403.00     0.483332
      1404.00     0.483120
      1405.00     0.482595
      1406.00     0.482070
      1407.00     0.481545
      1408.00     0.481020
      1409.00     0.481623
      1410.00     0.482225
      1411.00     0.482827
      1412.00     0.483430
      1413.00     0.485030
      1414.00     0.486630
      1415.00     0.488230
      1416.00     0.489830
      1417.00     0.491953
      1418.00     0.494075
      1419.00     0.496198
      1420.00     0.498320
      1421.00     0.499980
      1422.00     0.501640
      1423.00     0.503300
      1424.00     0.504960
      1425.00     0.506288
      1426.00     0.507615
      1427.00     0.508942
      1428.00     0.510270
      1429.00     0.510790
      1430.00     0.511310
      1431.00     0.511830
      1432.00     0.512350
      1433.00     0.514183
      1434.00     0.516015
      1435.00     0.517847
      1436.00     0.519680
      1437.00     0.519930
      1438.00     0.520180
      1439.00     0.520430
      1440.00     0.520680
      1441.00     0.521388
      1442.00     0.522095
      1443.00     0.522803
      1444.00     0.523510
      1445.00     0.523655
      1446.00     0.523800
      1447.00     0.523945
      1448.00     0.524090
      1449.00     0.524140
      1450.00     0.524190
      1451.00     0.524240
      1452.00     0.524290
      1453.00     0.524360
      1454.00     0.524430
      1455.00     0.524500
      1456.00     0.524570
      1457.00     0.524380
      1458.00     0.524190
      1459.00     0.524000
      1460.00     0.523810
      1461.00     0.524425
      1462.00     0.525040
      1463.00     0.525655
      1464.00     0.526270
      1465.00     0.527398
      1466.00     0.528525
      1467.00     0.529652
      1468.00     0.530780
      1469.00     0.531995
      1470.00     0.533210
      1471.00     0.534425
      1472.00     0.535640
      1473.00     0.537475
      1474.00     0.539310
      1475.00     0.541145
      1476.00     0.542980
      1477.00     0.543308
      1478.00     0.543635
      1479.00     0.543962
      1480.00     0.544290
      1481.00     0.544660
      1482.00     0.545030
      1483.00     0.545400
      1484.00     0.545770
      1485.00     0.545582
      1486.00     0.545395
      1487.00     0.545208
      1488.00     0.545020
      1489.00     0.546080
      1490.00     0.547140
      1491.00     0.548200
      1492.00     0.549260
      1493.00     0.549332
      1494.00     0.549405
      1495.00     0.549477
      1496.00     0.549550
      1497.00     0.550263
      1498.00     0.550975
      1499.00     0.551687
      1500.00     0.552400
      1501.00     0.553717
      1502.00     0.555035
      1503.00     0.556352
      1504.00     0.557670
      1505.00     0.559303
      1506.00     0.560935
      1507.00     0.562567
      1508.00     0.564200
      1509.00     0.565240
      1510.00     0.566280
      1511.00     0.567320
      1512.00     0.568360
      1513.00     0.569392
      1514.00     0.570425
      1515.00     0.571458
      1516.00     0.572490
      1517.00     0.572230
      1518.00     0.571970
      1519.00     0.571710
      1520.00     0.571450
      1521.00     0.572195
      1522.00     0.572940
      1523.00     0.573685
      1524.00     0.574430
      1525.00     0.574872
      1526.00     0.575315
      1527.00     0.575758
      1528.00     0.576200
      1529.00     0.576988
      1530.00     0.577775
      1531.00     0.578562
      1532.00     0.579350
      1533.00     0.580253
      1534.00     0.581155
      1535.00     0.582057
      1536.00     0.582960
      1537.00     0.583372
      1538.00     0.583785
      1539.00     0.584198
      1540.00     0.584610
      1541.00     0.584687
      1542.00     0.584765
      1543.00     0.584843
      1544.00     0.584920
      1545.00     0.584382
      1546.00     0.583845
      1547.00     0.583308
      1548.00     0.582770
      1549.00     0.582265
      1550.00     0.581760
      1551.00     0.581255
      1552.00     0.580750
      1553.00     0.580848
      1554.00     0.580945
      1555.00     0.581042
      1556.00     0.581140
      1557.00     0.581807
      1558.00     0.582475
      1559.00     0.583143
      1560.00     0.583810
      1561.00     0.585745
      1562.00     0.587680
      1563.00     0.589615
      1564.00     0.591550
      1565.00     0.592095
      1566.00     0.592640
      1567.00     0.593185
      1568.00     0.593730
      1569.00     0.593703
      1570.00     0.593675
      1571.00     0.593647
      1572.00     0.593620
      1573.00     0.592817
      1574.00     0.592015
      1575.00     0.591213
      1576.00     0.590410
      1577.00     0.589562
      1578.00     0.588715
      1579.00     0.587867
      1580.00     0.587020
      1581.00     0.587510
      1582.00     0.588000
      1583.00     0.588490
      1584.00     0.588980
      1585.00     0.589442
      1586.00     0.589905
      1587.00     0.590367
      1588.00     0.590830
      1589.00     0.591513
      1590.00     0.592195
      1591.00     0.592878
      1592.00     0.593560
      1593.00     0.594127
      1594.00     0.594695
      1595.00     0.595263
      1596.00     0.595830
      1597.00     0.597245
      1598.00     0.598660
      1599.00     0.600075
      1600.00     0.601490
      1601.00     0.600577
      1602.00     0.599665
      1603.00     0.598752
      1604.00     0.597840
      1605.00     0.597325
      1606.00     0.596810
      1607.00     0.596295
      1608.00     0.595780
      1609.00     0.595638
      1610.00     0.595495
      1611.00     0.595353
      1612.00     0.595210
      1613.00     0.594323
      1614.00     0.593435
      1615.00     0.592548
      1616.00     0.591660
      1617.00     0.591635
      1618.00     0.591610
      1619.00     0.591585
      1620.00     0.591560
      1621.00     0.592103
      1622.00     0.592645
      1623.00     0.593188
      1624.00     0.593730
      1625.00     0.594820
      1626.00     0.595910
      1627.00     0.597000
      1628.00     0.598090
      1629.00     0.597880
      1630.00     0.597670
      1631.00     0.597460
      1632.00     0.597250
      1633.00     0.598098
      1634.00     0.598945
      1635.00     0.599792
      1636.00     0.600640
      1637.00     0.602678
      1638.00     0.604715
      1639.00     0.606753
      1640.00     0.608790
      1641.00     0.608038
      1642.00     0.607285
      1643.00     0.606533
      1644.00     0.605780
      1645.00     0.605310
      1646.00     0.604840
      1647.00     0.604370
      1648.00     0.603900
      1649.00     0.603325
      1650.00     0.602750
      1651.00     0.602175
      1652.00     0.601600
      1653.00     0.601272
      1654.00     0.600945
      1655.00     0.600618
      1656.00     0.600290
      1657.00     0.600213
      1658.00     0.600135
      1659.00     0.600057
      1660.00     0.599980
      1661.00     0.600470
      1662.00     0.600960
      1663.00     0.601450
      1664.00     0.601940
      1665.00     0.601313
      1666.00     0.600685
      1667.00     0.600057
      1668.00     0.599430
      1669.00     0.599940
      1670.00     0.600450
      1671.00     0.600960
      1672.00     0.601470
      1673.00     0.601015
      1674.00     0.600560
      1675.00     0.600105
      1676.00     0.599650
      1677.00     0.600615
      1678.00     0.601580
      1679.00     0.602545
      1680.00     0.603510
      1681.00     0.604175
      1682.00     0.604840
      1683.00     0.605505
      1684.00     0.606170
      1685.00     0.605942
      1686.00     0.605715
      1687.00     0.605488
      1688.00     0.605260
      1689.00     0.605395
      1690.00     0.605530
      1691.00     0.605665
      1692.00     0.605800
      1693.00     0.606212
      1694.00     0.606625
      1695.00     0.607038
      1696.00     0.607450
      1697.00     0.607665
      1698.00     0.607880
      1699.00     0.608095
      1700.00     0.608310
      1701.00     0.608172
      1702.00     0.608035
      1703.00     0.607898
      1704.00     0.607760
      1705.00     0.607623
      1706.00     0.607485
      1707.00     0.607347
      1708.00     0.607210
      1709.00     0.606675
      1710.00     0.606140
      1711.00     0.605605
      1712.00     0.605070
      1713.00     0.605507
      1714.00     0.605945
      1715.00     0.606382
      1716.00     0.606820
      1717.00     0.606445
      1718.00     0.606070
      1719.00     0.605695
      1720.00     0.605320
      1721.00     0.605100
      1722.00     0.604880
      1723.00     0.604660
      1724.00     0.604440
      1725.00     0.604517
      1726.00     0.604595
      1727.00     0.604672
      1728.00     0.604750
      1729.00     0.604908
      1730.00     0.605065
      1731.00     0.605222
      1732.00     0.605380
      1733.00     0.604733
      1734.00     0.604085
      1735.00     0.603437
      1736.00     0.602790
      1737.00     0.601090
      1738.00     0.599390
      1739.00     0.597690
      1740.00     0.595990
      1741.00     0.595428
      1742.00     0.594865
      1743.00     0.594302
      1744.00     0.593740
      1745.00     0.593230
      1746.00     0.592720
      1747.00     0.592210
      1748.00     0.591700
      1749.00     0.590807
      1750.00     0.589915
      1751.00     0.589023
      1752.00     0.588130
      1753.00     0.587488
      1754.00     0.586845
      1755.00     0.586203
      1756.00     0.585560
      1757.00     0.585380
      1758.00     0.585200
      1759.00     0.585020
      1760.00     0.584840
      1761.00     0.585283
      1762.00     0.585725
      1763.00     0.586168
      1764.00     0.586610
      1765.00     0.586305
      1766.00     0.586000
      1767.00     0.585695
      1768.00     0.585390
      1769.00     0.584978
      1770.00     0.584565
      1771.00     0.584153
      1772.00     0.583740
      1773.00     0.583260
      1774.00     0.582780
      1775.00     0.582300
      1776.00     0.581820
      1777.00     0.582178
      1778.00     0.582535
      1779.00     0.582892
      1780.00     0.583250
      1781.00     0.583940
      1782.00     0.584630
      1783.00     0.585320
      1784.00     0.586010
      1785.00     0.585605
      1786.00     0.585200
      1787.00     0.584795
      1788.00     0.584390
      1789.00     0.584493
      1790.00     0.584595
      1791.00     0.584697
      1792.00     0.584800
      1793.00     0.584675
      1794.00     0.584550
      1795.00     0.584425
      1796.00     0.584300
      1797.00     0.584675
      1798.00     0.585050
      1799.00     0.585425
      1800.00     0.585800
      1801.00     0.586610
      1802.00     0.587420
      1803.00     0.588230
      1804.00     0.589040
      1805.00     0.589553
      1806.00     0.590065
      1807.00     0.590577
      1808.00     0.591090
      1809.00     0.591218
      1810.00     0.591345
      1811.00     0.591473
      1812.00     0.591600
      1813.00     0.591855
      1814.00     0.592110
      1815.00     0.592365
      1816.00     0.592620
      1817.00     0.592595
      1818.00     0.592570
      1819.00     0.592545
      1820.00     0.592520
      1821.00     0.592062
      1822.00     0.591605
      1823.00     0.591148
      1824.00     0.590690
      1825.00     0.590102
      1826.00     0.589515
      1827.00     0.588928
      1828.00     0.588340
      1829.00     0.586830
      1830.00     0.585320
      1831.00     0.583810
      1832.00     0.582300
      1833.00     0.581988
      1834.00     0.581675
      1835.00     0.581362
      1836.00     0.581050
      1837.00     0.582035
      1838.00     0.583020
      1839.00     0.584005
      1840.00     0.584990
      1841.00     0.586150
      1842.00     0.587310
      1843.00     0.588470
      1844.00     0.589630
      1845.00     0.589097
      1846.00     0.588565
      1847.00     0.588032
      1848.00     0.587500
      1849.00     0.584843
      1850.00     0.582185
      1851.00     0.579527
      1852.00     0.576870
      1853.00     0.574355
      1854.00     0.571840
      1855.00     0.569325
      1856.00     0.566810
      1857.00     0.562868
      1858.00     0.558925
      1859.00     0.554982
      1860.00     0.551040
      1861.00     0.546767
      1862.00     0.542495
      1863.00     0.538223
      1864.00     0.533950
      1865.00     0.530160
      1866.00     0.526370
      1867.00     0.522580
      1868.00     0.518790
      1869.00     0.515227
      1870.00     0.511665
      1871.00     0.508102
      1872.00     0.504540
      1873.00     0.500687
      1874.00     0.496835
      1875.00     0.492982
      1876.00     0.489130
      1877.00     0.481720
      1878.00     0.474310
      1879.00     0.466900
      1880.00     0.459490
      1881.00     0.451095
      1882.00     0.442700
      1883.00     0.434305
      1884.00     0.425910
      1885.00     0.417803
      1886.00     0.409695
      1887.00     0.401587
      1888.00     0.393480
      1889.00     0.386440
      1890.00     0.379400
      1891.00     0.372360
      1892.00     0.365320
      1893.00     0.358908
      1894.00     0.352495
      1895.00     0.346083
      1896.00     0.339670
      1897.00     0.335400
      1898.00     0.331130
      1899.00     0.326860
      1900.00     0.322590
      1901.00     0.321272
      1902.00     0.319955
      1903.00     0.318637
      1904.00     0.317320
      1905.00     0.317535
      1906.00     0.317750
      1907.00     0.317965
      1908.00     0.318180
      1909.00     0.319415
      1910.00     0.320650
      1911.00     0.321885
      1912.00     0.323120
      1913.00     0.324135
      1914.00     0.325150
      1915.00     0.326165
      1916.00     0.327180
      1917.00     0.328833
      1918.00     0.330485
      1919.00     0.332137
      1920.00     0.333790
      1921.00     0.335260
      1922.00     0.336730
      1923.00     0.338200
      1924.00     0.339670
      1925.00     0.341417
      1926.00     0.343165
      1927.00     0.344913
      1928.00     0.346660
      1929.00     0.347958
      1930.00     0.349255
      1931.00     0.350552
      1932.00     0.351850
      1933.00     0.353000
      1934.00     0.354150
      1935.00     0.355300
      1936.00     0.356450
      1937.00     0.357540
      1938.00     0.358630
      1939.00     0.359720
      1940.00     0.360810
      1941.00     0.361783
      1942.00     0.362755
      1943.00     0.363728
      1944.00     0.364700
      1945.00     0.366268
      1946.00     0.367835
      1947.00     0.369403
      1948.00     0.370970
      1949.00     0.371880
      1950.00     0.372790
      1951.00     0.373700
      1952.00     0.374610
      1953.00     0.375822
      1954.00     0.377035
      1955.00     0.378247
      1956.00     0.379460
      1957.00     0.380622
      1958.00     0.381785
      1959.00     0.382948
      1960.00     0.384110
      1961.00     0.385470
      1962.00     0.386830
      1963.00     0.388190
      1964.00     0.389550
      1965.00     0.391000
      1966.00     0.392450
      1967.00     0.393900
      1968.00     0.395350
      1969.00     0.396395
      1970.00     0.397440
      1971.00     0.398485
      1972.00     0.399530
      1973.00     0.400825
      1974.00     0.402120
      1975.00     0.403415
      1976.00     0.404710
      1977.00     0.407015
      1978.00     0.409320
      1979.00     0.411625
      1980.00     0.413930
      1981.00     0.415465
      1982.00     0.417000
      1983.00     0.418535
      1984.00     0.420070
      1985.00     0.421515
      1986.00     0.422960
      1987.00     0.424405
      1988.00     0.425850
      1989.00     0.428122
      1990.00     0.430395
      1991.00     0.432667
      1992.00     0.434940
      1993.00     0.436342
      1994.00     0.437745
      1995.00     0.439148
      1996.00     0.440550
      1997.00     0.441698
      1998.00     0.442845
      1999.00     0.443992
      2000.00     0.445140
      2001.00     0.446338
      2002.00     0.447535
      2003.00     0.448732
      2004.00     0.449930
      2005.00     0.450690
      2006.00     0.451450
      2007.00     0.452210
      2008.00     0.452970
      2009.00     0.454205
      2010.00     0.455440
      2011.00     0.456675
      2012.00     0.457910
      2013.00     0.459637
      2014.00     0.461365
      2015.00     0.463092
      2016.00     0.464820
      2017.00     0.465935
      2018.00     0.467050
      2019.00     0.468165
      2020.00     0.469280
      2021.00     0.470453
      2022.00     0.471625
      2023.00     0.472798
      2024.00     0.473970
      2025.00     0.474768
      2026.00     0.475565
      2027.00     0.476362
      2028.00     0.477160
      2029.00     0.478212
      2030.00     0.479265
      2031.00     0.480317
      2032.00     0.481370
      2033.00     0.482110
      2034.00     0.482850
      2035.00     0.483590
      2036.00     0.484330
      2037.00     0.485128
      2038.00     0.485925
      2039.00     0.486722
      2040.00     0.487520
      2041.00     0.488375
      2042.00     0.489230
      2043.00     0.490085
      2044.00     0.490940
      2045.00     0.491678
      2046.00     0.492415
      2047.00     0.493153
      2048.00     0.493890
      2049.00     0.494680
      2050.00     0.495470
      2051.00     0.496260
      2052.00     0.497050
      2053.00     0.497232
      2054.00     0.497415
      2055.00     0.497598
      2056.00     0.497780
      2057.00     0.497963
      2058.00     0.498145
      2059.00     0.498327
      2060.00     0.498510
      2061.00     0.499173
      2062.00     0.499835
      2063.00     0.500498
      2064.00     0.501160
      2065.00     0.500903
      2066.00     0.500645
      2067.00     0.500387
      2068.00     0.500130
      2069.00     0.500732
      2070.00     0.501335
      2071.00     0.501938
      2072.00     0.502540
      2073.00     0.502915
      2074.00     0.503290
      2075.00     0.503665
      2076.00     0.504040
      2077.00     0.504040
      2078.00     0.504040
      2079.00     0.504040
      2080.00     0.503453
      2081.00     0.502657
      2082.00     0.502850
      2083.00     0.502556
      2084.00     0.502373
      2085.00     0.501948
      2086.00     0.501510
      2087.00     0.501210
      2088.00     0.501198
      2089.00     0.501391
      2090.00     0.501577
      2091.00     0.501600
      2092.00     0.501386
      2093.00     0.500959
      2094.00     0.500545
      2095.00     0.500170
      2096.00     0.499889
      2097.00     0.499679
      2098.00     0.499530
      2099.00     0.499427
      2100.00     0.499372
      2101.00     0.499354
      2102.00     0.499330
      2103.00     0.499224
      2104.00     0.499020
      2105.00     0.498698
      2106.00     0.498379
      2107.00     0.498082
      2108.00     0.497845
      2109.00     0.497649
      2110.00     0.497450
      2111.00     0.497218
      2112.00     0.497014
      2113.00     0.496859
      2114.00     0.496783
      2115.00     0.496796
      2116.00     0.496880
      2117.00     0.496998
      2118.00     0.497070
      2119.00     0.497070
      2120.00     0.496977
      2121.00     0.496854
      2122.00     0.496750
      2123.00     0.496722
      2124.00     0.496742
      2125.00     0.496739
      2126.00     0.496659
      2127.00     0.496490
      2128.00     0.496237
      2129.00     0.496030
      2130.00     0.495893
      2131.00     0.495840
      2132.00     0.495844
      2133.00     0.495839
      2134.00     0.495750
      2135.00     0.495554
      2136.00     0.495240
      2137.00     0.494919
      2138.00     0.494614
      2139.00     0.494343
      2140.00     0.494070
      2141.00     0.493757
      2142.00     0.493403
      2143.00     0.493001
      2144.00     0.492560
      2145.00     0.492105
      2146.00     0.491635
      2147.00     0.491124
      2148.00     0.490608
      2149.00     0.490030
      2150.00     0.489399
      2151.00     0.488737
      2152.00     0.488070
      2153.00     0.487437
      2154.00     0.486801
      2155.00     0.486150
      2156.00     0.485483
      2157.00     0.484833
      2158.00     0.484253
      2159.00     0.483748
      2160.00     0.483295
      2161.00     0.482820
      2162.00     0.482241
      2163.00     0.481532
      2164.00     0.480730
      2165.00     0.479910
      2166.00     0.479149
      2167.00     0.478493
      2168.00     0.477968
      2169.00     0.477568
      2170.00     0.477210
      2171.00     0.476826
      2172.00     0.476361
      2173.00     0.475780
      2174.00     0.475100
      2175.00     0.474329
      2176.00     0.473401
      2177.00     0.472350
      2178.00     0.471203
      2179.00     0.470010
      2180.00     0.468850
      2181.00     0.467860
      2182.00     0.466825
      2183.00     0.465766
      2184.00     0.464607
      2185.00     0.463364
      2186.00     0.462033
      2187.00     0.460545
      2188.00     0.459047
      2189.00     0.457697
      2190.00     0.456315
      2191.00     0.454901
      2192.00     0.453500
      2193.00     0.452230
      2194.00     0.450806
      2195.00     0.449359
      2196.00     0.447938
      2197.00     0.446537
      2198.00     0.444974
      2199.00     0.443440
      2200.00     0.441817
      2201.00     0.439917
      2202.00     0.437871
      2203.00     0.435392
      2204.00     0.432504
      2205.00     0.429708
      2206.00     0.426800
      2207.00     0.424610
      2208.00     0.423001
      2209.00     0.422394
      2210.00     0.422672
      2211.00     0.423706
      2212.00     0.425153
      2213.00     0.426844
      2214.00     0.428481
      2215.00     0.429980
      2216.00     0.431268
      2217.00     0.432417
      2218.00     0.433342
      2219.00     0.434214
      2220.00     0.434974
      2221.00     0.435733
      2222.00     0.436404
      2223.00     0.437055
      2224.00     0.437760
      2225.00     0.438380
      2226.00     0.439052
      2227.00     0.439678
      2228.00     0.440342
      2229.00     0.440963
      2230.00     0.441601
      2231.00     0.442165
      2232.00     0.442707
      2233.00     0.443176
      2234.00     0.443548
      2235.00     0.443835
      2236.00     0.444020
      2237.00     0.444118
      2238.00     0.444116
      2239.00     0.444028
      2240.00     0.443873
      2241.00     0.443715
      2242.00     0.443621
      2243.00     0.443642
      2244.00     0.443823
      2245.00     0.444118
      2246.00     0.444468
      2247.00     0.444869
      2248.00     0.445216
      2249.00     0.445529
      2250.00     0.445839
      2251.00     0.446230
      2252.00     0.446630
      2253.00     0.447070
      2254.00     0.447570
      2255.00     0.448110
      2256.00     0.448751
      2257.00     0.449361
      2258.00     0.449972
      2259.00     0.450587
      2260.00     0.451151
      2261.00     0.451661
      2262.00     0.452150
      2263.00     0.452540
      2264.00     0.452880
      2265.00     0.453168
      2266.00     0.453400
      2267.00     0.453586
      2268.00     0.453704
      2269.00     0.453764
      2270.00     0.453774
      2271.00     0.453732
      2272.00     0.453626
      2273.00     0.453436
      2274.00     0.453133
      2275.00     0.452665
      2276.00     0.452067
      2277.00     0.451312
      2278.00     0.450416
      2279.00     0.449444
      2280.00     0.448460
      2281.00     0.447356
      2282.00     0.446236
      2283.00     0.445114
      2284.00     0.443980
      2285.00     0.442828
      2286.00     0.441662
      2287.00     0.440470
      2288.00     0.439272
      2289.00     0.438086
      2290.00     0.436924
      2291.00     0.435800
      2292.00     0.434724
      2293.00     0.433735
      2294.00     0.432689
      2295.00     0.431686
      2296.00     0.430758
      2297.00     0.429949
      2298.00     0.429255
      2299.00     0.428700
      2300.00     0.428140
      2301.00     0.427580
      2302.00     0.426960
      2303.00     0.426270
      2304.00     0.425579
      2305.00     0.424826
      2306.00     0.424084
      2307.00     0.423389
      2308.00     0.422813
      2309.00     0.422284
      2310.00     0.421836
      2311.00     0.421517
      2312.00     0.421276
      2313.00     0.421126
      2314.00     0.421071
      2315.00     0.421072
      2316.00     0.421110
      2317.00     0.421185
      2318.00     0.421295
      2319.00     0.421425
      2320.00     0.421526
      2321.00     0.421574
      2322.00     0.421532
      2323.00     0.421365
      2324.00     0.421083
      2325.00     0.420682
      2326.00     0.420236
      2327.00     0.419727
      2328.00     0.419258
      2329.00     0.418744
      2330.00     0.418280
      2331.00     0.417760
      2332.00     0.417260
      2333.00     0.416670
      2334.00     0.416078
      2335.00     0.415424
      2336.00     0.414803
      2337.00     0.414165
      2338.00     0.413569
      2339.00     0.412992
      2340.00     0.412460
      2341.00     0.411935
      2342.00     0.411405
      2343.00     0.410880
      2344.00     0.410354
      2345.00     0.409863
      2346.00     0.409364
      2347.00     0.408847
      2348.00     0.408384
      2349.00     0.407920
      2350.00     0.407430
      2351.00     0.407012
      2352.00     0.406635
      2353.00     0.406272
      2354.00     0.405975
      2355.00     0.405693
      2356.00     0.405382
      2357.00     0.405054
      2358.00     0.404704
      2359.00     0.404327
      2360.00     0.403934
      2361.00     0.403531
      2362.00     0.403169
      2363.00     0.402815
      2364.00     0.402470
      2365.00     0.402070
      2366.00     0.401688
      2367.00     0.401298
      2368.00     0.400907
      2369.00     0.400516
      2370.00     0.400090
      2371.00     0.399648
      2372.00     0.399203
      2373.00     0.398741
      2374.00     0.398268
      2375.00     0.397795
      2376.00     0.397324
      2377.00     0.396860
      2378.00     0.396378
      2379.00     0.395844
      2380.00     0.395340
      2381.00     0.394869
      2382.00     0.394444
      2383.00     0.394084
      2384.00     0.393788
      2385.00     0.393532
      2386.00     0.393284
      2387.00     0.393025
      2388.00     0.392751
      2389.00     0.392460
      2390.00     0.392169
      2391.00     0.391919
      2392.00     0.391717
      2393.00     0.391545
      2394.00     0.391398
      2395.00     0.391257
      2396.00     0.391105
      2397.00     0.390938
      2398.00     0.390758
      2399.00     0.390540
      2400.00     0.390276
      2401.00     0.389988
      2402.00     0.389668
      2403.00     0.389322
      2404.00     0.388967
      2405.00     0.388604
      2406.00     0.388227
      2407.00     0.387825
      2408.00     0.387345
      2409.00     0.386790
      2410.00     0.386154
      2411.00     0.385444
      2412.00     0.384740
      2413.00     0.383985
      2414.00     0.383204
      2415.00     0.382438
      2416.00     0.381707
      2417.00     0.381026
      2418.00     0.380290
      2419.00     0.379517
      2420.00     0.378671
      2421.00     0.377807
      2422.00     0.376827
      2423.00     0.375741
      2424.00     0.374653
      2425.00     0.373598
      2426.00     0.372492
      2427.00     0.371410
      2428.00     0.370443
      2429.00     0.369399
      2430.00     0.368368
      2431.00     0.367274
      2432.00     0.366086
      2433.00     0.364905
      2434.00     0.363777
      2435.00     0.362550
      2436.00     0.361450
      2437.00     0.360299
      2438.00     0.359233
      2439.00     0.358175
      2440.00     0.357130
      2441.00     0.356139
      2442.00     0.355092
      2443.00     0.354118
      2444.00     0.353055
      2445.00     0.352047
      2446.00     0.351017
      2447.00     0.350032
      2448.00     0.349115
      2449.00     0.348222
      2450.00     0.347430
      2451.00     0.346630
      2452.00     0.345905
      2453.00     0.345183
      2454.00     0.344415
      2455.00     0.343637
      2456.00     0.342892
      2457.00     0.342110
      2458.00     0.341410
      2459.00     0.340740
      2460.00     0.340056
      2461.00     0.339415
      2462.00     0.338817
      2463.00     0.338237
      2464.00     0.337670
      2465.00     0.337025
      2466.00     0.336405
      2467.00     0.335765
      2468.00     0.335067
      2469.00     0.334343
      2470.00     0.333658
      2471.00     0.333000
      2472.00     0.332392
      2473.00     0.331823
      2474.00     0.331256
      2475.00     0.330716
      2476.00     0.330205
      2477.00     0.329683
      2478.00     0.329117
      2479.00     0.328505
      2480.00     0.327877
      2481.00     0.327210
      2482.00     0.326550
      2483.00     0.325962
      2484.00     0.325420
      2485.00     0.324937
      2486.00     0.324500
      2487.00     0.324085
      2488.00     0.323687
      2489.00     0.323308
      2490.00     0.322950
      2491.00     0.322617
      2492.00     0.322310
      2493.00     0.322035
      2494.00     0.321790
      2495.00     0.321567
      2496.00     0.321350
      2497.00     0.321117
      2498.00     0.320843
      2499.00     0.320530
      2500.00     0.320173
