      400.000    0.0726130
      401.000    0.0701970
      402.000    0.0718150
      403.000    0.0719880
      404.000    0.0720360
      405.000    0.0719630
      406.000    0.0720360
      407.000    0.0721090
      408.000    0.0755070
      409.000    0.0755860
      410.000    0.0743660
      411.000    0.0742850
      412.000    0.0742040
      413.000    0.0758850
      414.000    0.0759760
      415.000    0.0747320
      416.000    0.0763660
      417.000    0.0763660
      418.000    0.0762300
      419.000    0.0778160
      420.000    0.0764040
      421.000    0.0764530
      422.000    0.0799540
      423.000    0.0800590
      424.000    0.0817830
      425.000    0.0801380
      426.000    0.0801600
      427.000    0.0818370
      428.000    0.0805380
      429.000    0.0817650
      430.000    0.0821800
      431.000    0.0835190
      432.000    0.0838980
      433.000    0.0851950
      434.000    0.0839030
      435.000    0.0855800
      436.000    0.0856060
      437.000    0.0856180
      438.000    0.0856300
      439.000    0.0889620
      440.000    0.0889690
      441.000    0.0889620
      442.000    0.0856410
      443.000    0.0889590
      444.000    0.0906220
      445.000    0.0906150
      446.000    0.0880310
      447.000    0.0922480
      448.000    0.0922880
      449.000    0.0922830
      450.000    0.0913100
      451.000    0.0912970
      452.000    0.0912780
      453.000    0.0912910
      454.000    0.0912710
      455.000    0.0912650
      456.000    0.0945300
      457.000    0.0971190
      458.000    0.0987120
      459.000    0.0944670
      460.000    0.0936390
      461.000    0.0952480
      462.000    0.0935730
      463.000    0.0952740
      464.000    0.0952480
      465.000    0.0968490
      466.000    0.0968340
      467.000    0.0968040
      468.000    0.0951830
      469.000    0.0955310
      470.000    0.0955170
      471.000    0.0968040
      472.000    0.0968190
      473.000    0.0968490
      474.000    0.0968040
      475.000    0.0968190
      476.000    0.0983910
      477.000    0.0983570
      478.000    0.0983400
      479.000     0.101519
      480.000     0.102874
      481.000     0.102874
      482.000     0.102765
      483.000     0.101519
      484.000     0.101540
      485.000     0.102656
      486.000     0.102634
      487.000     0.104203
      488.000     0.104180
      489.000     0.102678
      490.000     0.104156
      491.000     0.103806
      492.000     0.105367
      493.000     0.105538
      494.000     0.107348
      495.000     0.107294
      496.000     0.109634
      497.000     0.108170
      498.000     0.107161
      499.000     0.105538
      500.000     0.109329
      501.000     0.108091
      502.000     0.109329
      503.000     0.109114
      504.000     0.110399
      505.000     0.109061
      506.000     0.110868
      507.000     0.110667
      508.000     0.110724
      509.000     0.111982
      510.000     0.114984
      511.000     0.115017
      512.000     0.114887
      513.000     0.114726
      514.000     0.114758
      515.000     0.115049
      516.000     0.116246
      517.000     0.116346
      518.000     0.117112
      519.000     0.117112
      520.000     0.116313
      521.000     0.118666
      522.000     0.116982
      523.000     0.118206
      524.000     0.119573
      525.000     0.120789
      526.000     0.120897
      527.000     0.120789
      528.000     0.122004
      529.000     0.122004
      530.000     0.122077
      531.000     0.123404
      532.000     0.123479
      533.000     0.126303
      534.000     0.126185
      535.000     0.125950
      536.000     0.128417
      537.000     0.129837
      538.000     0.132264
      539.000     0.132393
      540.000     0.133782
      541.000     0.133562
      542.000     0.134863
      543.000     0.136210
      544.000     0.137283
      545.000     0.137008
      546.000     0.136962
      547.000     0.140855
      548.000     0.142107
      549.000     0.143110
      550.000     0.145099
      551.000     0.145982
      552.000     0.146908
      553.000     0.148087
      554.000     0.149369
      555.000     0.151830
      556.000     0.153281
      557.000     0.153337
      558.000     0.154739
      559.000     0.157455
      560.000     0.158369
      561.000     0.161802
      562.000     0.167254
      563.000     0.165146
      564.000     0.170759
      565.000     0.172016
      566.000     0.170178
      567.000     0.174674
      568.000     0.178303
      569.000     0.178553
      570.000     0.180914
      571.000     0.181724
      572.000     0.184594
      573.000     0.185810
      574.000     0.186816
      575.000     0.189277
      576.000     0.190887
      577.000     0.191283
      578.000     0.194562
      579.000     0.197734
      580.000     0.202957
      581.000     0.200005
      582.000     0.199657
      583.000     0.202764
      584.000     0.204985
      585.000     0.210073
      586.000     0.211560
      587.000     0.212172
      588.000     0.211081
      589.000     0.213386
      590.000     0.213194
      591.000     0.214875
      592.000     0.217368
      593.000     0.219359
      594.000     0.218961
      595.000     0.222142
      596.000     0.221152
      597.000     0.225058
      598.000     0.223700
      599.000     0.222889
      600.000     0.227751
      601.000     0.228175
      602.000     0.226690
      603.000     0.228792
      604.000     0.229530
      605.000     0.232229
      606.000     0.233369
      607.000     0.234616
      608.000     0.232860
      609.000     0.235567
      610.000     0.236816
      611.000     0.240493
      612.000     0.237680
      613.000     0.238935
      614.000     0.238935
      615.000     0.240410
      616.000     0.243710
      617.000     0.246895
      618.000     0.245389
      619.000     0.247105
      620.000     0.248360
      621.000     0.249262
      622.000     0.246351
      623.000     0.247605
      624.000     0.249997
      625.000     0.253019
      626.000     0.250113
      627.000     0.253982
      628.000     0.255485
      629.000     0.252975
      630.000     0.252975
      631.000     0.255768
      632.000     0.253994
      633.000     0.261159
      634.000     0.263799
      635.000     0.262668
      636.000     0.264435
      637.000     0.261750
      638.000     0.261378
      639.000     0.260024
      640.000     0.259051
      641.000     0.259934
      642.000     0.260542
      643.000     0.260909
      644.000     0.263288
      645.000     0.262670
      646.000     0.265412
      647.000     0.265412
      648.000     0.268915
      649.000     0.267291
      650.000     0.270426
      651.000     0.268671
      652.000     0.268671
      653.000     0.267418
      654.000     0.271434
      655.000     0.271781
      656.000     0.271395
      657.000     0.272641
      658.000     0.275478
      659.000     0.277572
      660.000     0.277972
      661.000     0.279767
      662.000     0.280348
      663.000     0.279361
      664.000     0.278243
      665.000     0.278873
      666.000     0.277813
      667.000     0.278209
      668.000     0.280160
      669.000     0.282933
      670.000     0.284286
      671.000     0.285106
      672.000     0.285793
      673.000     0.284559
      674.000     0.285665
      675.000     0.286084
      676.000     0.286495
      677.000     0.288538
      678.000     0.290512
      679.000     0.291479
      680.000     0.291597
      681.000     0.291856
      682.000     0.295220
      683.000     0.295939
      684.000     0.298442
      685.000     0.298005
      686.000     0.297570
      687.000     0.297658
      688.000     0.298753
      689.000     0.299702
      690.000     0.299847
      691.000     0.303209
      692.000     0.304100
      693.000     0.303951
      694.000     0.304750
      695.000     0.302681
      696.000     0.303919
      697.000     0.305336
      698.000     0.307136
      699.000     0.307759
      700.000     0.311979
      701.000     0.311828
      702.000     0.310492
      703.000     0.310195
      704.000     0.311115
      705.000     0.313398
      706.000     0.313999
      707.000     0.315943
      708.000     0.315943
      709.000     0.316550
      710.000     0.318115
      711.000     0.317389
      712.000     0.320556
      713.000     0.319784
      714.000     0.320846
      715.000     0.319922
      716.000     0.322191
      717.000     0.323247
      718.000     0.325084
      719.000     0.323766
      720.000     0.325397
      721.000     0.325668
      722.000     0.326722
      723.000     0.326722
      724.000     0.326879
      725.000     0.330831
      726.000     0.332526
      727.000     0.333902
      728.000     0.332105
      729.000     0.334049
      730.000     0.334220
      731.000     0.335750
      732.000     0.333812
      733.000     0.335339
      734.000     0.336794
      735.000     0.335661
      736.000     0.336869
      737.000     0.340821
      738.000     0.340492
      739.000     0.341700
      740.000     0.341865
      741.000     0.343572
      742.000     0.344282
      743.000     0.344783
      744.000     0.342908
      745.000     0.341587
      746.000     0.344694
      747.000     0.345193
      748.000     0.345526
      749.000     0.346395
      750.000     0.346228
      751.000     0.347233
      752.000     0.347233
      753.000     0.348270
      754.000     0.347688
      755.000     0.348799
      756.000     0.350679
      757.000     0.352404
      758.000     0.349949
      759.000     0.347554
      760.000     0.349949
      761.000     0.351653
      762.000     0.352344
      763.000     0.352006
      764.000     0.352344
      765.000     0.353372
      766.000     0.353033
      767.000     0.350008
      768.000     0.353033
      769.000     0.355253
      770.000     0.356619
      771.000     0.357471
      772.000     0.355423
      773.000     0.354063
      774.000     0.356277
      775.000     0.356963
      776.000     0.356963
      777.000     0.356963
      778.000     0.358493
      779.000     0.358665
      780.000     0.357471
      781.000     0.358838
      782.000     0.359340
      783.000     0.358665
      784.000     0.359859
      785.000     0.358479
      786.000     0.361724
      787.000     0.356329
      788.000     0.355823
      789.000     0.357523
      790.000     0.357862
      791.000     0.358371
      792.000     0.360923
      793.000     0.363933
      794.000     0.360751
      795.000     0.359216
      796.000     0.357133
      797.000     0.357692
      798.000     0.360418
      799.000     0.360476
      800.000     0.361651
      801.000     0.360680
      802.000     0.359710
      803.000     0.358739
      804.000     0.357768
      805.000     0.358724
      806.000     0.359681
      807.000     0.360638
      808.000     0.361594
      809.000     0.361594
      810.000     0.361594
      811.000     0.361594
      812.000     0.361594
      813.000     0.361213
      814.000     0.360833
      815.000     0.360452
      816.000     0.360071
      817.000     0.360945
      818.000     0.361820
      819.000     0.362694
      820.000     0.363568
      821.000     0.363019
      822.000     0.362470
      823.000     0.361921
      824.000     0.361372
      825.000     0.361290
      826.000     0.361209
      827.000     0.361127
      828.000     0.361046
      829.000     0.361005
      830.000     0.360964
      831.000     0.360924
      832.000     0.360883
      833.000     0.360444
      834.000     0.360006
      835.000     0.359567
      836.000     0.359129
      837.000     0.359445
      838.000     0.359762
      839.000     0.360079
      840.000     0.360395
      841.000     0.360558
      842.000     0.360721
      843.000     0.360883
      844.000     0.361046
      845.000     0.361102
      846.000     0.361157
      847.000     0.361212
      848.000     0.361268
      849.000     0.360592
      850.000     0.359915
      851.000     0.359239
      852.000     0.358563
      853.000     0.358324
      854.000     0.358086
      855.000     0.357847
      856.000     0.357609
      857.000     0.357788
      858.000     0.357967
      859.000     0.358147
      860.000     0.358326
      861.000     0.357893
      862.000     0.357459
      863.000     0.357026
      864.000     0.356593
      865.000     0.357209
      866.000     0.357825
      867.000     0.358440
      868.000     0.359056
      869.000     0.358938
      870.000     0.358820
      871.000     0.358702
      872.000     0.358584
      873.000     0.358776
      874.000     0.358967
      875.000     0.359159
      876.000     0.359351
      877.000     0.359154
      878.000     0.358957
      879.000     0.358760
      880.000     0.358563
      881.000     0.359152
      882.000     0.359740
      883.000     0.360329
      884.000     0.360918
      885.000     0.360337
      886.000     0.359756
      887.000     0.359174
      888.000     0.358593
      889.000     0.358808
      890.000     0.359024
      891.000     0.359239
      892.000     0.359454
      893.000     0.359989
      894.000     0.360525
      895.000     0.361061
      896.000     0.361596
      897.000     0.362233
      898.000     0.362869
      899.000     0.363505
      900.000     0.364142
      901.000     0.364356
      902.000     0.364569
      903.000     0.364782
      904.000     0.364996
      905.000     0.365036
      906.000     0.365075
      907.000     0.365115
      908.000     0.365155
      909.000     0.364907
      910.000     0.364659
      911.000     0.364411
      912.000     0.364163
      913.000     0.364385
      914.000     0.364607
      915.000     0.364829
      916.000     0.365051
      917.000     0.365806
      918.000     0.366560
      919.000     0.367314
      920.000     0.368069
      921.000     0.368141
      922.000     0.368213
      923.000     0.368284
      924.000     0.368356
      925.000     0.368648
      926.000     0.368940
      927.000     0.369231
      928.000     0.369523
      929.000     0.370697
      930.000     0.371871
      931.000     0.373044
      932.000     0.374218
      933.000     0.373878
      934.000     0.373538
      935.000     0.373199
      936.000     0.372859
      937.000     0.373273
      938.000     0.373687
      939.000     0.374101
      940.000     0.374515
      941.000     0.375388
      942.000     0.376261
      943.000     0.377134
      944.000     0.378007
      945.000     0.377924
      946.000     0.377841
      947.000     0.377758
      948.000     0.377675
      949.000     0.378009
      950.000     0.378344
      951.000     0.378678
      952.000     0.379012
      953.000     0.379723
      954.000     0.380433
      955.000     0.381144
      956.000     0.381855
      957.000     0.382274
      958.000     0.382693
      959.000     0.383111
      960.000     0.383530
      961.000     0.383354
      962.000     0.383179
      963.000     0.383003
      964.000     0.382827
      965.000     0.383795
      966.000     0.384764
      967.000     0.385733
      968.000     0.386701
      969.000     0.386605
      970.000     0.386509
      971.000     0.386413
      972.000     0.386317
      973.000     0.386397
      974.000     0.386477
      975.000     0.386556
      976.000     0.386636
      977.000     0.387294
      978.000     0.387953
      979.000     0.388611
      980.000     0.389269
      981.000     0.388888
      982.000     0.388507
      983.000     0.388126
      984.000     0.387745
      985.000     0.388653
      986.000     0.389561
      987.000     0.390469
      988.000     0.391377
      989.000     0.392298
      990.000     0.393219
      991.000     0.394139
      992.000     0.395060
      993.000     0.395639
      994.000     0.396218
      995.000     0.396797
      996.000     0.397376
      997.000     0.397347
      998.000     0.397318
      999.000     0.397290
      1000.00     0.397261
      1001.00     0.398047
      1002.00     0.398833
      1003.00     0.399618
      1004.00     0.400404
      1005.00     0.400226
      1006.00     0.400048
      1007.00     0.399870
      1008.00     0.399692
      1009.00     0.400761
      1010.00     0.401830
      1011.00     0.402899
      1012.00     0.403968
      1013.00     0.403969
      1014.00     0.403969
      1015.00     0.403970
      1016.00     0.403971
      1017.00     0.403617
      1018.00     0.403262
      1019.00     0.402907
      1020.00     0.402553
      1021.00     0.403705
      1022.00     0.404857
      1023.00     0.406008
      1024.00     0.407160
      1025.00     0.408114
      1026.00     0.409068
      1027.00     0.410023
      1028.00     0.410977
      1029.00     0.410443
      1030.00     0.409909
      1031.00     0.409375
      1032.00     0.408841
      1033.00     0.408970
      1034.00     0.409099
      1035.00     0.409227
      1036.00     0.409356
      1037.00     0.410430
      1038.00     0.411505
      1039.00     0.412579
      1040.00     0.413653
      1041.00     0.415374
      1042.00     0.417094
      1043.00     0.418815
      1044.00     0.420536
      1045.00     0.420974
      1046.00     0.421412
      1047.00     0.421850
      1048.00     0.422288
      1049.00     0.422490
      1050.00     0.422692
      1051.00     0.422894
      1052.00     0.423096
      1053.00     0.422816
      1054.00     0.422536
      1055.00     0.422256
      1056.00     0.421976
      1057.00     0.422503
      1058.00     0.423029
      1059.00     0.423556
      1060.00     0.424083
      1061.00     0.424652
      1062.00     0.425222
      1063.00     0.425791
      1064.00     0.426360
      1065.00     0.426648
      1066.00     0.426935
      1067.00     0.427223
      1068.00     0.427511
      1069.00     0.427892
      1070.00     0.428272
      1071.00     0.428653
      1072.00     0.429034
      1073.00     0.428606
      1074.00     0.428178
      1075.00     0.427749
      1076.00     0.427321
      1077.00     0.426850
      1078.00     0.426379
      1079.00     0.425908
      1080.00     0.425437
      1081.00     0.426478
      1082.00     0.427520
      1083.00     0.428561
      1084.00     0.429602
      1085.00     0.430422
      1086.00     0.431242
      1087.00     0.432062
      1088.00     0.432882
      1089.00     0.433265
      1090.00     0.433648
      1091.00     0.434030
      1092.00     0.434413
      1093.00     0.435032
      1094.00     0.435650
      1095.00     0.436269
      1096.00     0.436887
      1097.00     0.437315
      1098.00     0.437743
      1099.00     0.438171
      1100.00     0.438599
      1101.00     0.438507
      1102.00     0.438416
      1103.00     0.438325
      1104.00     0.438233
      1105.00     0.438506
      1106.00     0.438778
      1107.00     0.439051
      1108.00     0.439324
      1109.00     0.440319
      1110.00     0.441314
      1111.00     0.442309
      1112.00     0.443304
      1113.00     0.443775
      1114.00     0.444247
      1115.00     0.444719
      1116.00     0.445190
      1117.00     0.445002
      1118.00     0.444814
      1119.00     0.444626
      1120.00     0.444438
      1121.00     0.445917
      1122.00     0.447397
      1123.00     0.448877
      1124.00     0.450356
      1125.00     0.449399
      1126.00     0.448443
      1127.00     0.447486
      1128.00     0.446530
      1129.00     0.446637
      1130.00     0.446745
      1131.00     0.446852
      1132.00     0.446959
      1133.00     0.447425
      1134.00     0.447892
      1135.00     0.448358
      1136.00     0.448824
      1137.00     0.449943
      1138.00     0.451061
      1139.00     0.452180
      1140.00     0.453299
      1141.00     0.452580
      1142.00     0.451860
      1143.00     0.451141
      1144.00     0.450422
      1145.00     0.451220
      1146.00     0.452018
      1147.00     0.452816
      1148.00     0.453614
      1149.00     0.453769
      1150.00     0.453924
      1151.00     0.454080
      1152.00     0.454235
      1153.00     0.454504
      1154.00     0.454773
      1155.00     0.455043
      1156.00     0.455312
      1157.00     0.455744
      1158.00     0.456177
      1159.00     0.456609
      1160.00     0.457041
      1161.00     0.457470
      1162.00     0.457898
      1163.00     0.458326
      1164.00     0.458755
      1165.00     0.458930
      1166.00     0.459105
      1167.00     0.459281
      1168.00     0.459456
      1169.00     0.460007
      1170.00     0.460558
      1171.00     0.461110
      1172.00     0.461661
      1173.00     0.462292
      1174.00     0.462923
      1175.00     0.463554
      1176.00     0.464185
      1177.00     0.464389
      1178.00     0.464593
      1179.00     0.464798
      1180.00     0.465002
      1181.00     0.465330
      1182.00     0.465658
      1183.00     0.465987
      1184.00     0.466315
      1185.00     0.466695
      1186.00     0.467076
      1187.00     0.467456
      1188.00     0.467837
      1189.00     0.468322
      1190.00     0.468807
      1191.00     0.469292
      1192.00     0.469777
      1193.00     0.470438
      1194.00     0.471099
      1195.00     0.471760
      1196.00     0.472421
      1197.00     0.472804
      1198.00     0.473188
      1199.00     0.473572
      1200.00     0.473955
      1201.00     0.474704
      1202.00     0.475453
      1203.00     0.476203
      1204.00     0.476952
      1205.00     0.477897
      1206.00     0.478842
      1207.00     0.479787
      1208.00     0.480732
      1209.00     0.482020
      1210.00     0.483308
      1211.00     0.484597
      1212.00     0.485885
      1213.00     0.486442
      1214.00     0.486999
      1215.00     0.487556
      1216.00     0.488113
      1217.00     0.487410
      1218.00     0.486706
      1219.00     0.486003
      1220.00     0.485300
      1221.00     0.485535
      1222.00     0.485770
      1223.00     0.486004
      1224.00     0.486239
      1225.00     0.486211
      1226.00     0.486184
      1227.00     0.486156
      1228.00     0.486128
      1229.00     0.486471
      1230.00     0.486813
      1231.00     0.487156
      1232.00     0.487499
      1233.00     0.487929
      1234.00     0.488358
      1235.00     0.488788
      1236.00     0.489218
      1237.00     0.488215
      1238.00     0.487211
      1239.00     0.486208
      1240.00     0.485205
      1241.00     0.485096
      1242.00     0.484987
      1243.00     0.484879
      1244.00     0.484770
      1245.00     0.485274
      1246.00     0.485777
      1247.00     0.486281
      1248.00     0.486785
      1249.00     0.488636
      1250.00     0.490488
      1251.00     0.492339
      1252.00     0.494190
      1253.00     0.495094
      1254.00     0.495997
      1255.00     0.496901
      1256.00     0.497805
      1257.00     0.498538
      1258.00     0.499270
      1259.00     0.500003
      1260.00     0.500736
      1261.00     0.500789
      1262.00     0.500842
      1263.00     0.500895
      1264.00     0.500948
      1265.00     0.501115
      1266.00     0.501282
      1267.00     0.501449
      1268.00     0.501616
      1269.00     0.501897
      1270.00     0.502179
      1271.00     0.502460
      1272.00     0.502741
      1273.00     0.503496
      1274.00     0.504251
      1275.00     0.505005
      1276.00     0.505760
      1277.00     0.505579
      1278.00     0.505398
      1279.00     0.505216
      1280.00     0.505035
      1281.00     0.505208
      1282.00     0.505382
      1283.00     0.505556
      1284.00     0.505729
      1285.00     0.505827
      1286.00     0.505925
      1287.00     0.506023
      1288.00     0.506121
      1289.00     0.506056
      1290.00     0.505992
      1291.00     0.505928
      1292.00     0.505863
      1293.00     0.506679
      1294.00     0.507494
      1295.00     0.508309
      1296.00     0.509125
      1297.00     0.509286
      1298.00     0.509447
      1299.00     0.509607
      1300.00     0.509768
      1301.00     0.510202
      1302.00     0.510637
      1303.00     0.511071
      1304.00     0.511505
      1305.00     0.511748
      1306.00     0.511991
      1307.00     0.512234
      1308.00     0.512477
      1309.00     0.512751
      1310.00     0.513025
      1311.00     0.513299
      1312.00     0.513573
      1313.00     0.513573
      1314.00     0.513573
      1315.00     0.513573
      1316.00     0.513573
      1317.00     0.513184
      1318.00     0.512796
      1319.00     0.512407
      1320.00     0.512018
      1321.00     0.512349
      1322.00     0.512681
      1323.00     0.513012
      1324.00     0.513343
      1325.00     0.513260
      1326.00     0.513176
      1327.00     0.513093
      1328.00     0.513009
      1329.00     0.512439
      1330.00     0.511869
      1331.00     0.511299
      1332.00     0.510729
      1333.00     0.511485
      1334.00     0.512241
      1335.00     0.512996
      1336.00     0.513752
      1337.00     0.513390
      1338.00     0.513027
      1339.00     0.512665
      1340.00     0.512303
      1341.00     0.512325
      1342.00     0.512346
      1343.00     0.512367
      1344.00     0.512389
      1345.00     0.512144
      1346.00     0.511899
      1347.00     0.511654
      1348.00     0.511409
      1349.00     0.510934
      1350.00     0.510459
      1351.00     0.509985
      1352.00     0.509510
      1353.00     0.509647
      1354.00     0.509784
      1355.00     0.509922
      1356.00     0.510059
      1357.00     0.511373
      1358.00     0.512688
      1359.00     0.514002
      1360.00     0.515316
      1361.00     0.514659
      1362.00     0.514003
      1363.00     0.513346
      1364.00     0.512689
      1365.00     0.512248
      1366.00     0.511806
      1367.00     0.511365
      1368.00     0.510923
      1369.00     0.509947
      1370.00     0.508971
      1371.00     0.507995
      1372.00     0.507019
      1373.00     0.506317
      1374.00     0.505615
      1375.00     0.504913
      1376.00     0.504211
      1377.00     0.504097
      1378.00     0.503982
      1379.00     0.503868
      1380.00     0.503753
      1381.00     0.503389
      1382.00     0.503026
      1383.00     0.502662
      1384.00     0.502298
      1385.00     0.502077
      1386.00     0.501855
      1387.00     0.501634
      1388.00     0.501412
      1389.00     0.501556
      1390.00     0.501701
      1391.00     0.501845
      1392.00     0.501989
      1393.00     0.501642
      1394.00     0.501296
      1395.00     0.500949
      1396.00     0.500602
      1397.00     0.499774
      1398.00     0.498945
      1399.00     0.498117
      1400.00     0.497288
      1401.00     0.496515
      1402.00     0.495742
      1403.00     0.494970
      1404.00     0.494197
      1405.00     0.494301
      1406.00     0.494406
      1407.00     0.494511
      1408.00     0.494615
      1409.00     0.495046
      1410.00     0.495476
      1411.00     0.495907
      1412.00     0.496338
      1413.00     0.496818
      1414.00     0.497299
      1415.00     0.497779
      1416.00     0.498259
      1417.00     0.498309
      1418.00     0.498360
      1419.00     0.498410
      1420.00     0.498460
      1421.00     0.498791
      1422.00     0.499123
      1423.00     0.499454
      1424.00     0.499786
      1425.00     0.500120
      1426.00     0.500453
      1427.00     0.500787
      1428.00     0.501121
      1429.00     0.500880
      1430.00     0.500639
      1431.00     0.500398
      1432.00     0.500157
      1433.00     0.500349
      1434.00     0.500540
      1435.00     0.500732
      1436.00     0.500924
      1437.00     0.501197
      1438.00     0.501470
      1439.00     0.501743
      1440.00     0.502016
      1441.00     0.501897
      1442.00     0.501778
      1443.00     0.501659
      1444.00     0.501540
      1445.00     0.501145
      1446.00     0.500751
      1447.00     0.500356
      1448.00     0.499961
      1449.00     0.500328
      1450.00     0.500695
      1451.00     0.501062
      1452.00     0.501429
      1453.00     0.501491
      1454.00     0.501553
      1455.00     0.501616
      1456.00     0.501678
      1457.00     0.501692
      1458.00     0.501706
      1459.00     0.501721
      1460.00     0.501735
      1461.00     0.501854
      1462.00     0.501972
      1463.00     0.502091
      1464.00     0.502210
      1465.00     0.502370
      1466.00     0.502531
      1467.00     0.502691
      1468.00     0.502851
      1469.00     0.502963
      1470.00     0.503075
      1471.00     0.503187
      1472.00     0.503299
      1473.00     0.503299
      1474.00     0.503299
      1475.00     0.503299
      1476.00     0.503299
      1477.00     0.504084
      1478.00     0.504868
      1479.00     0.505652
      1480.00     0.506437
      1481.00     0.506267
      1482.00     0.506098
      1483.00     0.505929
      1484.00     0.505759
      1485.00     0.506314
      1486.00     0.506869
      1487.00     0.507425
      1488.00     0.507980
      1489.00     0.507821
      1490.00     0.507663
      1491.00     0.507504
      1492.00     0.507345
      1493.00     0.507459
      1494.00     0.507573
      1495.00     0.507686
      1496.00     0.507800
      1497.00     0.507731
      1498.00     0.507663
      1499.00     0.507595
      1500.00     0.507526
      1501.00     0.508186
      1502.00     0.508845
      1503.00     0.509505
      1504.00     0.510164
      1505.00     0.510208
      1506.00     0.510251
      1507.00     0.510294
      1508.00     0.510338
      1509.00     0.510718
      1510.00     0.511097
      1511.00     0.511477
      1512.00     0.511857
      1513.00     0.512659
      1514.00     0.513462
      1515.00     0.514264
      1516.00     0.515067
      1517.00     0.514223
      1518.00     0.513380
      1519.00     0.512537
      1520.00     0.511693
      1521.00     0.512563
      1522.00     0.513433
      1523.00     0.514302
      1524.00     0.515172
      1525.00     0.515721
      1526.00     0.516270
      1527.00     0.516819
      1528.00     0.517368
      1529.00     0.518512
      1530.00     0.519656
      1531.00     0.520799
      1532.00     0.521943
      1533.00     0.522206
      1534.00     0.522470
      1535.00     0.522733
      1536.00     0.522996
      1537.00     0.522331
      1538.00     0.521666
      1539.00     0.521001
      1540.00     0.520336
      1541.00     0.519974
      1542.00     0.519613
      1543.00     0.519252
      1544.00     0.518890
      1545.00     0.518795
      1546.00     0.518699
      1547.00     0.518604
      1548.00     0.518508
      1549.00     0.518433
      1550.00     0.518358
      1551.00     0.518283
      1552.00     0.518208
      1553.00     0.518799
      1554.00     0.519390
      1555.00     0.519981
      1556.00     0.520572
      1557.00     0.520266
      1558.00     0.519960
      1559.00     0.519653
      1560.00     0.519347
      1561.00     0.519176
      1562.00     0.519004
      1563.00     0.518833
      1564.00     0.518662
      1565.00     0.518548
      1566.00     0.518434
      1567.00     0.518320
      1568.00     0.518206
      1569.00     0.520278
      1570.00     0.522349
      1571.00     0.524421
      1572.00     0.526493
      1573.00     0.526493
      1574.00     0.526493
      1575.00     0.526493
      1576.00     0.526493
      1577.00     0.525926
      1578.00     0.525358
      1579.00     0.524790
      1580.00     0.524223
      1581.00     0.523784
      1582.00     0.523345
      1583.00     0.522905
      1584.00     0.522466
      1585.00     0.522314
      1586.00     0.522163
      1587.00     0.522012
      1588.00     0.521860
      1589.00     0.521651
      1590.00     0.521441
      1591.00     0.521232
      1592.00     0.521023
      1593.00     0.520205
      1594.00     0.519387
      1595.00     0.518569
      1596.00     0.517751
      1597.00     0.517941
      1598.00     0.518132
      1599.00     0.518322
      1600.00     0.518513
      1601.00     0.518570
      1602.00     0.518626
      1603.00     0.518683
      1604.00     0.518740
      1605.00     0.518570
      1606.00     0.518399
      1607.00     0.518229
      1608.00     0.518059
      1609.00     0.518397
      1610.00     0.518735
      1611.00     0.519072
      1612.00     0.519410
      1613.00     0.519016
      1614.00     0.518622
      1615.00     0.518227
      1616.00     0.517833
      1617.00     0.518398
      1618.00     0.518963
      1619.00     0.519529
      1620.00     0.520094
      1621.00     0.519168
      1622.00     0.518243
      1623.00     0.517317
      1624.00     0.516392
      1625.00     0.516390
      1626.00     0.516388
      1627.00     0.516386
      1628.00     0.516384
      1629.00     0.517254
      1630.00     0.518125
      1631.00     0.518996
      1632.00     0.519866
      1633.00     0.520777
      1634.00     0.521688
      1635.00     0.522599
      1636.00     0.523510
      1637.00     0.523395
      1638.00     0.523280
      1639.00     0.523164
      1640.00     0.523049
      1641.00     0.523448
      1642.00     0.523847
      1643.00     0.524247
      1644.00     0.524646
      1645.00     0.523510
      1646.00     0.522373
      1647.00     0.521236
      1648.00     0.520100
      1649.00     0.520063
      1650.00     0.520025
      1651.00     0.519988
      1652.00     0.519951
      1653.00     0.520122
      1654.00     0.520293
      1655.00     0.520463
      1656.00     0.520634
      1657.00     0.520687
      1658.00     0.520739
      1659.00     0.520791
      1660.00     0.520844
      1661.00     0.520658
      1662.00     0.520472
      1663.00     0.520286
      1664.00     0.520100
      1665.00     0.519403
      1666.00     0.518705
      1667.00     0.518007
      1668.00     0.517310
      1669.00     0.518059
      1670.00     0.518808
      1671.00     0.519557
      1672.00     0.520306
      1673.00     0.520198
      1674.00     0.520090
      1675.00     0.519981
      1676.00     0.519873
      1677.00     0.519703
      1678.00     0.519534
      1679.00     0.519364
      1680.00     0.519194
      1681.00     0.520021
      1682.00     0.520848
      1683.00     0.521675
      1684.00     0.522502
      1685.00     0.522595
      1686.00     0.522687
      1687.00     0.522780
      1688.00     0.522872
      1689.00     0.523078
      1690.00     0.523283
      1691.00     0.523489
      1692.00     0.523695
      1693.00     0.523185
      1694.00     0.522676
      1695.00     0.522166
      1696.00     0.521657
      1697.00     0.521171
      1698.00     0.520684
      1699.00     0.520198
      1700.00     0.519712
      1701.00     0.519880
      1702.00     0.520049
      1703.00     0.520217
      1704.00     0.520386
      1705.00     0.520442
      1706.00     0.520499
      1707.00     0.520555
      1708.00     0.520611
      1709.00     0.520985
      1710.00     0.521360
      1711.00     0.521734
      1712.00     0.522108
      1713.00     0.523432
      1714.00     0.524755
      1715.00     0.526078
      1716.00     0.527402
      1717.00     0.526828
      1718.00     0.526255
      1719.00     0.525681
      1720.00     0.525107
      1721.00     0.524823
      1722.00     0.524539
      1723.00     0.524255
      1724.00     0.523971
      1725.00     0.524255
      1726.00     0.524539
      1727.00     0.524823
      1728.00     0.525107
      1729.00     0.524798
      1730.00     0.524489
      1731.00     0.524179
      1732.00     0.523870
      1733.00     0.524183
      1734.00     0.524495
      1735.00     0.524808
      1736.00     0.525121
      1737.00     0.524926
      1738.00     0.524732
      1739.00     0.524537
      1740.00     0.524342
      1741.00     0.524981
      1742.00     0.525621
      1743.00     0.526260
      1744.00     0.526900
      1745.00     0.527130
      1746.00     0.527360
      1747.00     0.527590
      1748.00     0.527820
      1749.00     0.527933
      1750.00     0.528045
      1751.00     0.528157
      1752.00     0.528270
      1753.00     0.527974
      1754.00     0.527678
      1755.00     0.527382
      1756.00     0.527086
      1757.00     0.526412
      1758.00     0.525737
      1759.00     0.525063
      1760.00     0.524388
      1761.00     0.524422
      1762.00     0.524457
      1763.00     0.524491
      1764.00     0.524525
      1765.00     0.524445
      1766.00     0.524365
      1767.00     0.524285
      1768.00     0.524205
      1769.00     0.523977
      1770.00     0.523749
      1771.00     0.523521
      1772.00     0.523293
      1773.00     0.523018
      1774.00     0.522742
      1775.00     0.522466
      1776.00     0.522191
      1777.00     0.522353
      1778.00     0.522514
      1779.00     0.522676
      1780.00     0.522838
      1781.00     0.522337
      1782.00     0.521837
      1783.00     0.521336
      1784.00     0.520836
      1785.00     0.520985
      1786.00     0.521134
      1787.00     0.521282
      1788.00     0.521431
      1789.00     0.522010
      1790.00     0.522590
      1791.00     0.523169
      1792.00     0.523748
      1793.00     0.523442
      1794.00     0.523136
      1795.00     0.522830
      1796.00     0.522524
      1797.00     0.522432
      1798.00     0.522340
      1799.00     0.522249
      1800.00     0.522157
      1801.00     0.521975
      1802.00     0.521794
      1803.00     0.521613
      1804.00     0.521431
      1805.00     0.522442
      1806.00     0.523453
      1807.00     0.524465
      1808.00     0.525476
      1809.00     0.525922
      1810.00     0.526368
      1811.00     0.526815
      1812.00     0.527261
      1813.00     0.526986
      1814.00     0.526711
      1815.00     0.526436
      1816.00     0.526161
      1817.00     0.526183
      1818.00     0.526205
      1819.00     0.526227
      1820.00     0.526249
      1821.00     0.526478
      1822.00     0.526706
      1823.00     0.526935
      1824.00     0.527163
      1825.00     0.527443
      1826.00     0.527722
      1827.00     0.528002
      1828.00     0.528282
      1829.00     0.527794
      1830.00     0.527305
      1831.00     0.526817
      1832.00     0.526329
      1833.00     0.526445
      1834.00     0.526561
      1835.00     0.526678
      1836.00     0.526794
      1837.00     0.527152
      1838.00     0.527509
      1839.00     0.527866
      1840.00     0.528224
      1841.00     0.528289
      1842.00     0.528355
      1843.00     0.528420
      1844.00     0.528485
      1845.00     0.528787
      1846.00     0.529089
      1847.00     0.529392
      1848.00     0.529694
      1849.00     0.528673
      1850.00     0.527653
      1851.00     0.526632
      1852.00     0.525612
      1853.00     0.525828
      1854.00     0.526044
      1855.00     0.526261
      1856.00     0.526477
      1857.00     0.525326
      1858.00     0.524176
      1859.00     0.523025
      1860.00     0.521874
      1861.00     0.521772
      1862.00     0.521671
      1863.00     0.521569
      1864.00     0.521467
      1865.00     0.519694
      1866.00     0.517921
      1867.00     0.516148
      1868.00     0.514375
      1869.00     0.513445
      1870.00     0.512514
      1871.00     0.511584
      1872.00     0.510654
      1873.00     0.509430
      1874.00     0.508207
      1875.00     0.506984
      1876.00     0.505760
      1877.00     0.504563
      1878.00     0.503366
      1879.00     0.502168
      1880.00     0.500971
      1881.00     0.499449
      1882.00     0.497927
      1883.00     0.496406
      1884.00     0.494884
      1885.00     0.493034
      1886.00     0.491183
      1887.00     0.489333
      1888.00     0.487483
      1889.00     0.485248
      1890.00     0.483014
      1891.00     0.480779
      1892.00     0.478544
      1893.00     0.475938
      1894.00     0.473332
      1895.00     0.470725
      1896.00     0.468119
      1897.00     0.466416
      1898.00     0.464713
      1899.00     0.463009
      1900.00     0.461306
      1901.00     0.459069
      1902.00     0.456832
      1903.00     0.454594
      1904.00     0.452357
      1905.00     0.450692
      1906.00     0.449027
      1907.00     0.447362
      1908.00     0.445697
      1909.00     0.444710
      1910.00     0.443723
      1911.00     0.442736
      1912.00     0.441749
      1913.00     0.441749
      1914.00     0.441749
      1915.00     0.441749
      1916.00     0.441749
      1917.00     0.442208
      1918.00     0.442668
      1919.00     0.443128
      1920.00     0.443587
      1921.00     0.443615
      1922.00     0.443644
      1923.00     0.443672
      1924.00     0.443700
      1925.00     0.444241
      1926.00     0.444781
      1927.00     0.445322
      1928.00     0.445863
      1929.00     0.445916
      1930.00     0.445969
      1931.00     0.446022
      1932.00     0.446075
      1933.00     0.446631
      1934.00     0.447188
      1935.00     0.447745
      1936.00     0.448301
      1937.00     0.449585
      1938.00     0.450868
      1939.00     0.452151
      1940.00     0.453435
      1941.00     0.453714
      1942.00     0.453992
      1943.00     0.454271
      1944.00     0.454550
      1945.00     0.455541
      1946.00     0.456533
      1947.00     0.457524
      1948.00     0.458515
      1949.00     0.458937
      1950.00     0.459360
      1951.00     0.459782
      1952.00     0.460204
      1953.00     0.461193
      1954.00     0.462183
      1955.00     0.463172
      1956.00     0.464161
      1957.00     0.464224
      1958.00     0.464287
      1959.00     0.464350
      1960.00     0.464413
      1961.00     0.464378
      1962.00     0.464344
      1963.00     0.464310
      1964.00     0.464275
      1965.00     0.464121
      1966.00     0.463966
      1967.00     0.463812
      1968.00     0.463658
      1969.00     0.465045
      1970.00     0.466432
      1971.00     0.467820
      1972.00     0.469207
      1973.00     0.470870
      1974.00     0.472534
      1975.00     0.474198
      1976.00     0.475861
      1977.00     0.475861
      1978.00     0.475861
      1979.00     0.475861
      1980.00     0.475861
      1981.00     0.476018
      1982.00     0.476175
      1983.00     0.476332
      1984.00     0.476489
      1985.00     0.476952
      1986.00     0.477416
      1987.00     0.477879
      1988.00     0.478342
      1989.00     0.479062
      1990.00     0.479781
      1991.00     0.480501
      1992.00     0.481220
      1993.00     0.482817
      1994.00     0.484414
      1995.00     0.486010
      1996.00     0.487607
      1997.00     0.488120
      1998.00     0.488634
      1999.00     0.489147
      2000.00     0.489660
      2001.00     0.489454
      2002.00     0.489248
      2003.00     0.489042
      2004.00     0.488836
      2005.00     0.489092
      2006.00     0.489349
      2007.00     0.489605
      2008.00     0.489861
      2009.00     0.489962
      2010.00     0.490063
      2011.00     0.490165
      2012.00     0.490266
      2013.00     0.490874
      2014.00     0.491483
      2015.00     0.492091
      2016.00     0.492700
      2017.00     0.492289
      2018.00     0.491877
      2019.00     0.491466
      2020.00     0.491054
      2021.00     0.491815
      2022.00     0.492577
      2023.00     0.493338
      2024.00     0.494099
      2025.00     0.494762
      2026.00     0.495426
      2027.00     0.496089
      2028.00     0.496752
      2029.00     0.496390
      2030.00     0.496029
      2031.00     0.495667
      2032.00     0.495305
      2033.00     0.495201
      2034.00     0.495097
      2035.00     0.494992
      2036.00     0.494888
      2037.00     0.495848
      2038.00     0.496808
      2039.00     0.497769
      2040.00     0.498729
      2041.00     0.499191
      2042.00     0.499653
      2043.00     0.500114
      2044.00     0.500576
      2045.00     0.500319
      2046.00     0.500062
      2047.00     0.499806
      2048.00     0.499549
      2049.00     0.499847
      2050.00     0.500145
      2051.00     0.500443
      2052.00     0.500741
      2053.00     0.500177
      2054.00     0.499613
      2055.00     0.499049
      2056.00     0.498485
      2057.00     0.498841
      2058.00     0.499196
      2059.00     0.499552
      2060.00     0.499908
      2061.00     0.500761
      2062.00     0.501613
      2063.00     0.502466
      2064.00     0.503319
      2065.00     0.503416
      2066.00     0.503513
      2067.00     0.503610
      2068.00     0.503707
      2069.00     0.503254
      2070.00     0.502800
      2071.00     0.502347
      2072.00     0.501894
      2073.00     0.502503
      2074.00     0.503111
      2075.00     0.503720
      2076.00     0.504328
      2077.00     0.505119
      2078.00     0.505910
      2079.00     0.506701
      2080.00     0.506951
      2081.00     0.506960
      2082.00     0.507311
      2083.00     0.506761
      2084.00     0.507573
      2085.00     0.506783
      2086.00     0.505594
      2087.00     0.505958
      2088.00     0.505592
      2089.00     0.505858
      2090.00     0.506175
      2091.00     0.505937
      2092.00     0.505963
      2093.00     0.506146
      2094.00     0.507263
      2095.00     0.508050
      2096.00     0.506423
      2097.00     0.506209
      2098.00     0.506207
      2099.00     0.507112
      2100.00     0.507845
      2101.00     0.507306
      2102.00     0.507375
      2103.00     0.507049
      2104.00     0.507113
      2105.00     0.507299
      2106.00     0.506908
      2107.00     0.507111
      2108.00     0.507118
      2109.00     0.506447
      2110.00     0.505514
      2111.00     0.506192
      2112.00     0.506635
      2113.00     0.506541
      2114.00     0.506533
      2115.00     0.505881
      2116.00     0.506688
      2117.00     0.507242
      2118.00     0.506905
      2119.00     0.506740
      2120.00     0.505992
      2121.00     0.506280
      2122.00     0.507576
      2123.00     0.507177
      2124.00     0.506711
      2125.00     0.505982
      2126.00     0.505628
      2127.00     0.506356
      2128.00     0.506525
      2129.00     0.506224
      2130.00     0.505493
      2131.00     0.505065
      2132.00     0.504757
      2133.00     0.505201
      2134.00     0.505118
      2135.00     0.504096
      2136.00     0.504589
      2137.00     0.505186
      2138.00     0.505249
      2139.00     0.504932
      2140.00     0.504324
      2141.00     0.504165
      2142.00     0.502808
      2143.00     0.502150
      2144.00     0.502078
      2145.00     0.502284
      2146.00     0.501747
      2147.00     0.501612
      2148.00     0.501731
      2149.00     0.500634
      2150.00     0.500830
      2151.00     0.500113
      2152.00     0.498739
      2153.00     0.498920
      2154.00     0.498682
      2155.00     0.497484
      2156.00     0.495420
      2157.00     0.494869
      2158.00     0.494690
      2159.00     0.494008
      2160.00     0.494815
      2161.00     0.494987
      2162.00     0.493322
      2163.00     0.492375
      2164.00     0.492493
      2165.00     0.492862
      2166.00     0.492796
      2167.00     0.491750
      2168.00     0.490811
      2169.00     0.491179
      2170.00     0.490465
      2171.00     0.490128
      2172.00     0.489924
      2173.00     0.489233
      2174.00     0.488742
      2175.00     0.489179
      2176.00     0.489199
      2177.00     0.488187
      2178.00     0.488056
      2179.00     0.488068
      2180.00     0.487015
      2181.00     0.486724
      2182.00     0.487033
      2183.00     0.486850
      2184.00     0.486623
      2185.00     0.486329
      2186.00     0.486025
      2187.00     0.485712
      2188.00     0.485643
      2189.00     0.485197
      2190.00     0.484823
      2191.00     0.485294
      2192.00     0.485870
      2193.00     0.485189
      2194.00     0.484526
      2195.00     0.483985
      2196.00     0.483368
      2197.00     0.483153
      2198.00     0.483114
      2199.00     0.482468
      2200.00     0.481353
      2201.00     0.480208
      2202.00     0.478969
      2203.00     0.477112
      2204.00     0.475438
      2205.00     0.475058
      2206.00     0.474198
      2207.00     0.473334
      2208.00     0.473762
      2209.00     0.474977
      2210.00     0.476299
      2211.00     0.479193
      2212.00     0.481922
      2213.00     0.483592
      2214.00     0.486105
      2215.00     0.488550
      2216.00     0.489622
      2217.00     0.490605
      2218.00     0.492104
      2219.00     0.492766
      2220.00     0.492846
      2221.00     0.493883
      2222.00     0.495234
      2223.00     0.495260
      2224.00     0.495925
      2225.00     0.496569
      2226.00     0.497057
      2227.00     0.497448
      2228.00     0.498222
      2229.00     0.498311
      2230.00     0.498107
      2231.00     0.498677
      2232.00     0.499551
      2233.00     0.499809
      2234.00     0.499426
      2235.00     0.499210
      2236.00     0.499142
      2237.00     0.498810
      2238.00     0.498716
      2239.00     0.498634
      2240.00     0.498319
      2241.00     0.498619
      2242.00     0.498559
      2243.00     0.497858
      2244.00     0.497398
      2245.00     0.497717
      2246.00     0.497698
      2247.00     0.497082
      2248.00     0.496410
      2249.00     0.496628
      2250.00     0.497050
      2251.00     0.496813
      2252.00     0.495856
      2253.00     0.495475
      2254.00     0.495560
      2255.00     0.495072
      2256.00     0.494585
      2257.00     0.494201
      2258.00     0.493579
      2259.00     0.493895
      2260.00     0.493930
      2261.00     0.493830
      2262.00     0.493736
      2263.00     0.492941
      2264.00     0.492419
      2265.00     0.491852
      2266.00     0.491655
      2267.00     0.492229
      2268.00     0.492318
      2269.00     0.491924
      2270.00     0.490909
      2271.00     0.490120
      2272.00     0.490432
      2273.00     0.490566
      2274.00     0.490250
      2275.00     0.489940
      2276.00     0.489326
      2277.00     0.489243
      2278.00     0.489614
      2279.00     0.489460
      2280.00     0.489190
      2281.00     0.489040
      2282.00     0.488591
      2283.00     0.487951
      2284.00     0.488221
      2285.00     0.488074
      2286.00     0.487067
      2287.00     0.487098
      2288.00     0.487938
      2289.00     0.488469
      2290.00     0.487704
      2291.00     0.486687
      2292.00     0.485859
      2293.00     0.485884
      2294.00     0.485805
      2295.00     0.485350
      2296.00     0.485102
      2297.00     0.484739
      2298.00     0.484258
      2299.00     0.482976
      2300.00     0.482621
      2301.00     0.483334
      2302.00     0.482976
      2303.00     0.482518
      2304.00     0.482581
      2305.00     0.482237
      2306.00     0.481526
      2307.00     0.481222
      2308.00     0.480754
      2309.00     0.480306
      2310.00     0.479788
      2311.00     0.479557
      2312.00     0.479535
      2313.00     0.479249
      2314.00     0.479016
      2315.00     0.479481
      2316.00     0.480024
      2317.00     0.480014
      2318.00     0.480186
      2319.00     0.480667
      2320.00     0.480446
      2321.00     0.479726
      2322.00     0.479454
      2323.00     0.479562
      2324.00     0.479598
      2325.00     0.479795
      2326.00     0.480280
      2327.00     0.480222
      2328.00     0.480047
      2329.00     0.479643
      2330.00     0.478939
      2331.00     0.479056
      2332.00     0.479194
      2333.00     0.478511
      2334.00     0.477856
      2335.00     0.477232
      2336.00     0.477133
      2337.00     0.477365
      2338.00     0.477503
      2339.00     0.477838
      2340.00     0.477799
      2341.00     0.476573
      2342.00     0.475376
      2343.00     0.475421
      2344.00     0.475596
      2345.00     0.474849
      2346.00     0.473797
      2347.00     0.473653
      2348.00     0.473266
      2349.00     0.472272
      2350.00     0.472521
      2351.00     0.472534
      2352.00     0.472130
      2353.00     0.472170
      2354.00     0.472215
      2355.00     0.472443
      2356.00     0.472292
      2357.00     0.472142
      2358.00     0.472391
      2359.00     0.472376
      2360.00     0.471840
      2361.00     0.471827
      2362.00     0.472061
      2363.00     0.471862
      2364.00     0.471908
      2365.00     0.471359
      2366.00     0.471570
      2367.00     0.471795
      2368.00     0.471346
      2369.00     0.471202
      2370.00     0.471246
      2371.00     0.470682
      2372.00     0.470149
      2373.00     0.469925
      2374.00     0.469498
      2375.00     0.469083
      2376.00     0.468905
      2377.00     0.468485
      2378.00     0.467875
      2379.00     0.467709
      2380.00     0.467335
      2381.00     0.466979
      2382.00     0.466188
      2383.00     0.465643
      2384.00     0.465568
      2385.00     0.465483
      2386.00     0.465312
      2387.00     0.465640
      2388.00     0.466007
      2389.00     0.465663
      2390.00     0.465457
      2391.00     0.465609
      2392.00     0.465457
      2393.00     0.465291
      2394.00     0.465657
      2395.00     0.465896
      2396.00     0.465513
      2397.00     0.465263
      2398.00     0.465877
      2399.00     0.466403
      2400.00     0.465806
      2401.00     0.465412
      2402.00     0.465455
      2403.00     0.465470
      2404.00     0.465113
      2405.00     0.464556
      2406.00     0.463993
      2407.00     0.463475
      2408.00     0.463298
      2409.00     0.463803
      2410.00     0.463920
      2411.00     0.463187
      2412.00     0.462912
      2413.00     0.462885
      2414.00     0.462708
      2415.00     0.462038
      2416.00     0.461190
      2417.00     0.460918
      2418.00     0.460974
      2419.00     0.460359
      2420.00     0.459042
      2421.00     0.458752
      2422.00     0.458939
      2423.00     0.458529
      2424.00     0.457452
      2425.00     0.456525
      2426.00     0.455866
      2427.00     0.455822
      2428.00     0.456050
      2429.00     0.454978
      2430.00     0.453843
      2431.00     0.453121
      2432.00     0.452551
      2433.00     0.451763
      2434.00     0.451062
      2435.00     0.450931
      2436.00     0.450614
      2437.00     0.450057
      2438.00     0.449567
      2439.00     0.449034
      2440.00     0.448498
      2441.00     0.448031
      2442.00     0.447284
      2443.00     0.446630
      2444.00     0.446308
      2445.00     0.445814
      2446.00     0.445218
      2447.00     0.444701
      2448.00     0.444376
      2449.00     0.444204
      2450.00     0.443905
      2451.00     0.443537
      2452.00     0.443348
      2453.00     0.443162
      2454.00     0.442803
      2455.00     0.442312
      2456.00     0.441900
      2457.00     0.441590
      2458.00     0.441135
      2459.00     0.440579
      2460.00     0.439525
      2461.00     0.438650
      2462.00     0.438305
      2463.00     0.438261
      2464.00     0.437787
      2465.00     0.438138
      2466.00     0.438021
      2467.00     0.437199
      2468.00     0.436364
      2469.00     0.435976
      2470.00     0.435829
      2471.00     0.435548
      2472.00     0.434667
      2473.00     0.434247
      2474.00     0.434025
      2475.00     0.433606
      2476.00     0.433049
      2477.00     0.432735
      2478.00     0.432214
      2479.00     0.431640
      2480.00     0.431341
      2481.00     0.431128
      2482.00     0.430647
      2483.00     0.429921
      2484.00     0.429618
      2485.00     0.429055
      2486.00     0.428579
      2487.00     0.428541
      2488.00     0.428845
      2489.00     0.429123
      2490.00     0.428910
      2491.00     0.428584
      2492.00     0.428358
      2493.00     0.427646
      2494.00     0.426821
      2495.00     0.426362
      2496.00     0.426012
      2497.00     0.426274
      2498.00     0.426947
      2499.00     0.427174
      2500.00     0.426816
