      400.000    0.0462750
      401.000    0.0471810
      402.000    0.0481390
      403.000    0.0490110
      404.000    0.0503310
      405.000    0.0503760
      406.000    0.0504620
      407.000    0.0539480
      408.000    0.0548320
      409.000    0.0539720
      410.000    0.0539600
      411.000    0.0548320
      412.000    0.0557150
      413.000    0.0557180
      414.000    0.0574500
      415.000    0.0583200
      416.000    0.0583210
      417.000    0.0591890
      418.000    0.0609640
      419.000    0.0627290
      420.000    0.0627690
      421.000    0.0627440
      422.000    0.0632110
      423.000    0.0644860
      424.000    0.0644480
      425.000    0.0652960
      426.000    0.0652780
      427.000    0.0662080
      428.000    0.0662180
      429.000    0.0679370
      430.000    0.0679370
      431.000    0.0679620
      432.000    0.0680350
      433.000    0.0696850
      434.000    0.0696270
      435.000    0.0709300
      436.000    0.0743440
      437.000    0.0743040
      438.000    0.0743440
      439.000    0.0751460
      440.000    0.0752310
      441.000    0.0772740
      442.000    0.0771340
      443.000    0.0769950
      444.000    0.0769950
      445.000    0.0772270
      446.000    0.0813980
      447.000    0.0795070
      448.000    0.0813130
      449.000    0.0797200
      450.000    0.0829240
      451.000    0.0833500
      452.000    0.0826320
      453.000    0.0862000
      454.000    0.0866040
      455.000    0.0879170
      456.000    0.0880250
      457.000    0.0882040
      458.000    0.0881250
      459.000    0.0891640
      460.000    0.0860990
      461.000    0.0874790
      462.000    0.0877320
      463.000    0.0876940
      464.000    0.0867700
      465.000    0.0884280
      466.000    0.0896510
      467.000    0.0884280
      468.000    0.0891960
      469.000    0.0892360
      470.000    0.0906590
      471.000    0.0907000
      472.000    0.0904960
      473.000    0.0891560
      474.000    0.0922720
      475.000    0.0939670
      476.000    0.0939670
      477.000    0.0931390
      478.000    0.0962910
      479.000    0.0975410
      480.000    0.0971320
      481.000    0.0976350
      482.000    0.0983800
      483.000    0.0971320
      484.000     0.100416
      485.000    0.0991210
      486.000    0.0990230
      487.000     0.100010
      488.000     0.100315
      489.000     0.101202
      490.000     0.103067
      491.000     0.101051
      492.000     0.100541
      493.000     0.101824
      494.000     0.102392
      495.000     0.105029
      496.000     0.104815
      497.000     0.105537
      498.000     0.105646
      499.000     0.105483
      500.000     0.105592
      501.000     0.107767
      502.000     0.109343
      503.000     0.108828
      504.000     0.109655
      505.000     0.109424
      506.000     0.110824
      507.000     0.110883
      508.000     0.109884
      509.000     0.110992
      510.000     0.111050
      511.000     0.115045
      512.000     0.114093
      513.000     0.114214
      514.000     0.114800
      515.000     0.117498
      516.000     0.118467
      517.000     0.117184
      518.000     0.117121
      519.000     0.116996
      520.000     0.117435
      521.000     0.118850
      522.000     0.118467
      523.000     0.122548
      524.000     0.122384
      525.000     0.121989
      526.000     0.123424
      527.000     0.123898
      528.000     0.125181
      529.000     0.122121
      530.000     0.123335
      531.000     0.123269
      532.000     0.126117
      533.000     0.127395
      534.000     0.127606
      535.000     0.127817
      536.000     0.130384
      537.000     0.132107
      538.000     0.134676
      539.000     0.134524
      540.000     0.133920
      541.000     0.135197
      542.000     0.133641
      543.000     0.136727
      544.000     0.137982
      545.000     0.139026
      546.000     0.139261
      547.000     0.138869
      548.000     0.138212
      549.000     0.139515
      550.000     0.140468
      551.000     0.139901
      552.000     0.142034
      553.000     0.142899
      554.000     0.140941
      555.000     0.143520
      556.000     0.144610
      557.000     0.145707
      558.000     0.143833
      559.000     0.148780
      560.000     0.151270
      561.000     0.149895
      562.000     0.151772
      563.000     0.152891
      564.000     0.154732
      565.000     0.155481
      566.000     0.153361
      567.000     0.155126
      568.000     0.155228
      569.000     0.158897
      570.000     0.158525
      571.000     0.158251
      572.000     0.158525
      573.000     0.159643
      574.000     0.160870
      575.000     0.161539
      576.000     0.161539
      577.000     0.162178
      578.000     0.166198
      579.000     0.168332
      580.000     0.165414
      581.000     0.166099
      582.000     0.165022
      583.000     0.167227
      584.000     0.166249
      585.000     0.168754
      586.000     0.168150
      587.000     0.169675
      588.000     0.168399
      589.000     0.172369
      590.000     0.172576
      591.000     0.174169
      592.000     0.172737
      593.000     0.171447
      594.000     0.173183
      595.000     0.173080
      596.000     0.173475
      597.000     0.173475
      598.000     0.174824
      599.000     0.177088
      600.000     0.176140
      601.000     0.179010
      602.000     0.179568
      603.000     0.180546
      604.000     0.179078
      605.000     0.182062
      606.000     0.182415
      607.000     0.182202
      608.000     0.182096
      609.000     0.183528
      610.000     0.181884
      611.000     0.181990
      612.000     0.183027
      613.000     0.183486
      614.000     0.184636
      615.000     0.183808
      616.000     0.183916
      617.000     0.184023
      618.000     0.185312
      619.000     0.187984
      620.000     0.190682
      621.000     0.189622
      622.000     0.189909
      623.000     0.191082
      624.000     0.191530
      625.000     0.192018
      626.000     0.192849
      627.000     0.195047
      628.000     0.195620
      629.000     0.196082
      630.000     0.197384
      631.000     0.197736
      632.000     0.197374
      633.000     0.195966
      634.000     0.197490
      635.000     0.197490
      636.000     0.197965
      637.000     0.197153
      638.000     0.199021
      639.000     0.198900
      640.000     0.199132
      641.000     0.201923
      642.000     0.202516
      643.000     0.203112
      644.000     0.203232
      645.000     0.202271
      646.000     0.203201
      647.000     0.203559
      648.000     0.203799
      649.000     0.201918
      650.000     0.204720
      651.000     0.208137
      652.000     0.207218
      653.000     0.208260
      654.000     0.210461
      655.000     0.214168
      656.000     0.213003
      657.000     0.212121
      658.000     0.212121
      659.000     0.210465
      660.000     0.210518
      661.000     0.208161
      662.000     0.212681
      663.000     0.209677
      664.000     0.212228
      665.000     0.216372
      666.000     0.218315
      667.000     0.218186
      668.000     0.217675
      669.000     0.219216
      670.000     0.219087
      671.000     0.220242
      672.000     0.217330
      673.000     0.217330
      674.000     0.217330
      675.000     0.222157
      676.000     0.223830
      677.000     0.223437
      678.000     0.221670
      679.000     0.223338
      680.000     0.224882
      681.000     0.224882
      682.000     0.226391
      683.000     0.223320
      684.000     0.226876
      685.000     0.228280
      686.000     0.228810
      687.000     0.229076
      688.000     0.228943
      689.000     0.229007
      690.000     0.230220
      691.000     0.230086
      692.000     0.230220
      693.000     0.229552
      694.000     0.234642
      695.000     0.235188
      696.000     0.234920
      697.000     0.237121
      698.000     0.237507
      699.000     0.236294
      700.000     0.237683
      701.000     0.238799
      702.000     0.238662
      703.000     0.239776
      704.000     0.239365
      705.000     0.243111
      706.000     0.242972
      707.000     0.242972
      708.000     0.243522
      709.000     0.244360
      710.000     0.246032
      711.000     0.245187
      712.000     0.244626
      713.000     0.244131
      714.000     0.247583
      715.000     0.248783
      716.000     0.250460
      717.000     0.249538
      718.000     0.249538
      719.000     0.250785
      720.000     0.249314
      721.000     0.250700
      722.000     0.252701
      723.000     0.253620
      724.000     0.255524
      725.000     0.255886
      726.000     0.257270
      727.000     0.255303
      728.000     0.256977
      729.000     0.256684
      730.000     0.257418
      731.000     0.255448
      732.000     0.258656
      733.000     0.257707
      734.000     0.260488
      735.000     0.260986
      736.000     0.261605
      737.000     0.260986
      738.000     0.261433
      739.000     0.263145
      740.000     0.263932
      741.000     0.264104
      742.000     0.263954
      743.000     0.265972
      744.000     0.263206
      745.000     0.266732
      746.000     0.267509
      747.000     0.268271
      748.000     0.268578
      749.000     0.266265
      750.000     0.269050
      751.000     0.269203
      752.000     0.272604
      753.000     0.273231
      754.000     0.274156
      755.000     0.271996
      756.000     0.272149
      757.000     0.273226
      758.000     0.274457
      759.000     0.274009
      760.000     0.273237
      761.000     0.274466
      762.000     0.274775
      763.000     0.275864
      764.000     0.275375
      765.000     0.278307
      766.000     0.278307
      767.000     0.280768
      768.000     0.279343
      769.000     0.279503
      770.000     0.279975
      771.000     0.280133
      772.000     0.282904
      773.000     0.282904
      774.000     0.282904
      775.000     0.283063
      776.000     0.283704
      777.000     0.284025
      778.000     0.285843
      779.000     0.285359
      780.000     0.284605
      781.000     0.285994
      782.000     0.285833
      783.000     0.286737
      784.000     0.287651
      785.000     0.288702
      786.000     0.288438
      787.000     0.289515
      788.000     0.289679
      789.000     0.289990
      790.000     0.291381
      791.000     0.290401
      792.000     0.291217
      793.000     0.291788
      794.000     0.293742
      795.000     0.294414
      796.000     0.291135
      797.000     0.294749
      798.000     0.296628
      799.000     0.296616
      800.000     0.297846
      801.000     0.298383
      802.000     0.298921
      803.000     0.299458
      804.000     0.299995
      805.000     0.299924
      806.000     0.299853
      807.000     0.299782
      808.000     0.299711
      809.000     0.300593
      810.000     0.301475
      811.000     0.302357
      812.000     0.303239
      813.000     0.303403
      814.000     0.303567
      815.000     0.303732
      816.000     0.303896
      817.000     0.304127
      818.000     0.304358
      819.000     0.304590
      820.000     0.304821
      821.000     0.305171
      822.000     0.305521
      823.000     0.305871
      824.000     0.306221
      825.000     0.306655
      826.000     0.307090
      827.000     0.307524
      828.000     0.307958
      829.000     0.308301
      830.000     0.308644
      831.000     0.308987
      832.000     0.309330
      833.000     0.309639
      834.000     0.309947
      835.000     0.310256
      836.000     0.310564
      837.000     0.310893
      838.000     0.311222
      839.000     0.311552
      840.000     0.311881
      841.000     0.312189
      842.000     0.312497
      843.000     0.312805
      844.000     0.313113
      845.000     0.313062
      846.000     0.313010
      847.000     0.312959
      848.000     0.312907
      849.000     0.313375
      850.000     0.313843
      851.000     0.314311
      852.000     0.314779
      853.000     0.314704
      854.000     0.314628
      855.000     0.314553
      856.000     0.314478
      857.000     0.314631
      858.000     0.314785
      859.000     0.314938
      860.000     0.315091
      861.000     0.316338
      862.000     0.317584
      863.000     0.318831
      864.000     0.320077
      865.000     0.320222
      866.000     0.320368
      867.000     0.320513
      868.000     0.320658
      869.000     0.320596
      870.000     0.320535
      871.000     0.320473
      872.000     0.320412
      873.000     0.320879
      874.000     0.321347
      875.000     0.321814
      876.000     0.322282
      877.000     0.322498
      878.000     0.322714
      879.000     0.322930
      880.000     0.323146
      881.000     0.323680
      882.000     0.324215
      883.000     0.324749
      884.000     0.325283
      885.000     0.324605
      886.000     0.323928
      887.000     0.323250
      888.000     0.322572
      889.000     0.323206
      890.000     0.323841
      891.000     0.324476
      892.000     0.325110
      893.000     0.325709
      894.000     0.326308
      895.000     0.326906
      896.000     0.327505
      897.000     0.328626
      898.000     0.329747
      899.000     0.330868
      900.000     0.331989
      901.000     0.331771
      902.000     0.331554
      903.000     0.331336
      904.000     0.331118
      905.000     0.331541
      906.000     0.331964
      907.000     0.332386
      908.000     0.332809
      909.000     0.332579
      910.000     0.332349
      911.000     0.332118
      912.000     0.331888
      913.000     0.332353
      914.000     0.332817
      915.000     0.333281
      916.000     0.333746
      917.000     0.333866
      918.000     0.333987
      919.000     0.334107
      920.000     0.334228
      921.000     0.334745
      922.000     0.335261
      923.000     0.335778
      924.000     0.336295
      925.000     0.336725
      926.000     0.337154
      927.000     0.337583
      928.000     0.338013
      929.000     0.338563
      930.000     0.339114
      931.000     0.339664
      932.000     0.340214
      933.000     0.340556
      934.000     0.340898
      935.000     0.341239
      936.000     0.341581
      937.000     0.342492
      938.000     0.343402
      939.000     0.344312
      940.000     0.345223
      941.000     0.345268
      942.000     0.345314
      943.000     0.345359
      944.000     0.345404
      945.000     0.346438
      946.000     0.347473
      947.000     0.348507
      948.000     0.349541
      949.000     0.348446
      950.000     0.347352
      951.000     0.346258
      952.000     0.345163
      953.000     0.345921
      954.000     0.346679
      955.000     0.347437
      956.000     0.348195
      957.000     0.348134
      958.000     0.348073
      959.000     0.348013
      960.000     0.347952
      961.000     0.348249
      962.000     0.348547
      963.000     0.348844
      964.000     0.349141
      965.000     0.350071
      966.000     0.351000
      967.000     0.351929
      968.000     0.352859
      969.000     0.352705
      970.000     0.352551
      971.000     0.352398
      972.000     0.352244
      973.000     0.352244
      974.000     0.352244
      975.000     0.352244
      976.000     0.352244
      977.000     0.353019
      978.000     0.353794
      979.000     0.354569
      980.000     0.355344
      981.000     0.355566
      982.000     0.355788
      983.000     0.356011
      984.000     0.356233
      985.000     0.356591
      986.000     0.356950
      987.000     0.357308
      988.000     0.357666
      989.000     0.357390
      990.000     0.357114
      991.000     0.356838
      992.000     0.356562
      993.000     0.358095
      994.000     0.359628
      995.000     0.361161
      996.000     0.362694
      997.000     0.363098
      998.000     0.363502
      999.000     0.363905
      1000.00     0.364309
      1001.00     0.364322
      1002.00     0.364334
      1003.00     0.364347
      1004.00     0.364359
      1005.00     0.363970
      1006.00     0.363580
      1007.00     0.363191
      1008.00     0.362802
      1009.00     0.363191
      1010.00     0.363581
      1011.00     0.363970
      1012.00     0.364359
      1013.00     0.365188
      1014.00     0.366017
      1015.00     0.366845
      1016.00     0.367674
      1017.00     0.368304
      1018.00     0.368934
      1019.00     0.369564
      1020.00     0.370194
      1021.00     0.369907
      1022.00     0.369620
      1023.00     0.369333
      1024.00     0.369046
      1025.00     0.368903
      1026.00     0.368760
      1027.00     0.368617
      1028.00     0.368474
      1029.00     0.368632
      1030.00     0.368789
      1031.00     0.368946
      1032.00     0.369104
      1033.00     0.370197
      1034.00     0.371289
      1035.00     0.372382
      1036.00     0.373475
      1037.00     0.373719
      1038.00     0.373962
      1039.00     0.374206
      1040.00     0.374450
      1041.00     0.374790
      1042.00     0.375131
      1043.00     0.375471
      1044.00     0.375811
      1045.00     0.374744
      1046.00     0.373677
      1047.00     0.372610
      1048.00     0.371543
      1049.00     0.372145
      1050.00     0.372748
      1051.00     0.373350
      1052.00     0.373952
      1053.00     0.374221
      1054.00     0.374490
      1055.00     0.374760
      1056.00     0.375029
      1057.00     0.375833
      1058.00     0.376637
      1059.00     0.377441
      1060.00     0.378245
      1061.00     0.378390
      1062.00     0.378536
      1063.00     0.378681
      1064.00     0.378826
      1065.00     0.379290
      1066.00     0.379753
      1067.00     0.380216
      1068.00     0.380680
      1069.00     0.380168
      1070.00     0.379656
      1071.00     0.379144
      1072.00     0.378632
      1073.00     0.378872
      1074.00     0.379113
      1075.00     0.379353
      1076.00     0.379593
      1077.00     0.380316
      1078.00     0.381038
      1079.00     0.381760
      1080.00     0.382483
      1081.00     0.383047
      1082.00     0.383612
      1083.00     0.384176
      1084.00     0.384740
      1085.00     0.384837
      1086.00     0.384934
      1087.00     0.385031
      1088.00     0.385128
      1089.00     0.385008
      1090.00     0.384888
      1091.00     0.384768
      1092.00     0.384648
      1093.00     0.384840
      1094.00     0.385032
      1095.00     0.385224
      1096.00     0.385416
      1097.00     0.385294
      1098.00     0.385172
      1099.00     0.385051
      1100.00     0.384929
      1101.00     0.384656
      1102.00     0.384383
      1103.00     0.384110
      1104.00     0.383837
      1105.00     0.384336
      1106.00     0.384835
      1107.00     0.385334
      1108.00     0.385833
      1109.00     0.386799
      1110.00     0.387765
      1111.00     0.388731
      1112.00     0.389697
      1113.00     0.389969
      1114.00     0.390241
      1115.00     0.390513
      1116.00     0.390785
      1117.00     0.391205
      1118.00     0.391624
      1119.00     0.392044
      1120.00     0.392464
      1121.00     0.392416
      1122.00     0.392369
      1123.00     0.392322
      1124.00     0.392274
      1125.00     0.392073
      1126.00     0.391872
      1127.00     0.391671
      1128.00     0.391470
      1129.00     0.392096
      1130.00     0.392723
      1131.00     0.393349
      1132.00     0.393976
      1133.00     0.393961
      1134.00     0.393946
      1135.00     0.393932
      1136.00     0.393917
      1137.00     0.393694
      1138.00     0.393471
      1139.00     0.393248
      1140.00     0.393025
      1141.00     0.393751
      1142.00     0.394477
      1143.00     0.395203
      1144.00     0.395929
      1145.00     0.395655
      1146.00     0.395380
      1147.00     0.395106
      1148.00     0.394832
      1149.00     0.395173
      1150.00     0.395514
      1151.00     0.395855
      1152.00     0.396196
      1153.00     0.396780
      1154.00     0.397363
      1155.00     0.397947
      1156.00     0.398531
      1157.00     0.399137
      1158.00     0.399743
      1159.00     0.400349
      1160.00     0.400955
      1161.00     0.400716
      1162.00     0.400476
      1163.00     0.400236
      1164.00     0.399997
      1165.00     0.400178
      1166.00     0.400360
      1167.00     0.400541
      1168.00     0.400722
      1169.00     0.401055
      1170.00     0.401388
      1171.00     0.401720
      1172.00     0.402053
      1173.00     0.402104
      1174.00     0.402155
      1175.00     0.402205
      1176.00     0.402256
      1177.00     0.402677
      1178.00     0.403098
      1179.00     0.403519
      1180.00     0.403940
      1181.00     0.404043
      1182.00     0.404145
      1183.00     0.404248
      1184.00     0.404350
      1185.00     0.404665
      1186.00     0.404980
      1187.00     0.405294
      1188.00     0.405609
      1189.00     0.405538
      1190.00     0.405467
      1191.00     0.405396
      1192.00     0.405325
      1193.00     0.405493
      1194.00     0.405662
      1195.00     0.405830
      1196.00     0.405998
      1197.00     0.406089
      1198.00     0.406179
      1199.00     0.406270
      1200.00     0.406361
      1201.00     0.406750
      1202.00     0.407138
      1203.00     0.407526
      1204.00     0.407915
      1205.00     0.408187
      1206.00     0.408459
      1207.00     0.408730
      1208.00     0.409002
      1209.00     0.409181
      1210.00     0.409361
      1211.00     0.409540
      1212.00     0.409719
      1213.00     0.410784
      1214.00     0.411849
      1215.00     0.412914
      1216.00     0.413979
      1217.00     0.414817
      1218.00     0.415655
      1219.00     0.416493
      1220.00     0.417331
      1221.00     0.418119
      1222.00     0.418907
      1223.00     0.419695
      1224.00     0.420483
      1225.00     0.420429
      1226.00     0.420375
      1227.00     0.420320
      1228.00     0.420266
      1229.00     0.419229
      1230.00     0.418193
      1231.00     0.417156
      1232.00     0.416119
      1233.00     0.416297
      1234.00     0.416476
      1235.00     0.416655
      1236.00     0.416833
      1237.00     0.417011
      1238.00     0.417190
      1239.00     0.417368
      1240.00     0.417546
      1241.00     0.418512
      1242.00     0.419478
      1243.00     0.420444
      1244.00     0.421410
      1245.00     0.421628
      1246.00     0.421845
      1247.00     0.422063
      1248.00     0.422281
      1249.00     0.422131
      1250.00     0.421981
      1251.00     0.421831
      1252.00     0.421681
      1253.00     0.421910
      1254.00     0.422139
      1255.00     0.422367
      1256.00     0.422596
      1257.00     0.422596
      1258.00     0.422596
      1259.00     0.422596
      1260.00     0.422596
      1261.00     0.422664
      1262.00     0.422733
      1263.00     0.422801
      1264.00     0.422869
      1265.00     0.423654
      1266.00     0.424438
      1267.00     0.425223
      1268.00     0.426008
      1269.00     0.426115
      1270.00     0.426221
      1271.00     0.426328
      1272.00     0.426435
      1273.00     0.426558
      1274.00     0.426681
      1275.00     0.426803
      1276.00     0.426926
      1277.00     0.427053
      1278.00     0.427181
      1279.00     0.427308
      1280.00     0.427435
      1281.00     0.427630
      1282.00     0.427824
      1283.00     0.428019
      1284.00     0.428213
      1285.00     0.428653
      1286.00     0.429092
      1287.00     0.429532
      1288.00     0.429972
      1289.00     0.430381
      1290.00     0.430790
      1291.00     0.431199
      1292.00     0.431608
      1293.00     0.431458
      1294.00     0.431307
      1295.00     0.431157
      1296.00     0.431007
      1297.00     0.430844
      1298.00     0.430680
      1299.00     0.430517
      1300.00     0.430353
      1301.00     0.430577
      1302.00     0.430801
      1303.00     0.431025
      1304.00     0.431249
      1305.00     0.431349
      1306.00     0.431450
      1307.00     0.431550
      1308.00     0.431650
      1309.00     0.431764
      1310.00     0.431879
      1311.00     0.431993
      1312.00     0.432107
      1313.00     0.431998
      1314.00     0.431889
      1315.00     0.431780
      1316.00     0.431671
      1317.00     0.431839
      1318.00     0.432007
      1319.00     0.432176
      1320.00     0.432344
      1321.00     0.433164
      1322.00     0.433985
      1323.00     0.434805
      1324.00     0.435625
      1325.00     0.435625
      1326.00     0.435625
      1327.00     0.435625
      1328.00     0.435625
      1329.00     0.435417
      1330.00     0.435209
      1331.00     0.435001
      1332.00     0.434793
      1333.00     0.434575
      1334.00     0.434356
      1335.00     0.434137
      1336.00     0.433919
      1337.00     0.433490
      1338.00     0.433060
      1339.00     0.432630
      1340.00     0.432201
      1341.00     0.433434
      1342.00     0.434666
      1343.00     0.435899
      1344.00     0.437131
      1345.00     0.436495
      1346.00     0.435859
      1347.00     0.435223
      1348.00     0.434587
      1349.00     0.435497
      1350.00     0.436408
      1351.00     0.437319
      1352.00     0.438229
      1353.00     0.437889
      1354.00     0.437550
      1355.00     0.437210
      1356.00     0.436870
      1357.00     0.435292
      1358.00     0.433714
      1359.00     0.432136
      1360.00     0.430558
      1361.00     0.431481
      1362.00     0.432404
      1363.00     0.433327
      1364.00     0.434250
      1365.00     0.434090
      1366.00     0.433930
      1367.00     0.433769
      1368.00     0.433609
      1369.00     0.433425
      1370.00     0.433241
      1371.00     0.433056
      1372.00     0.432872
      1373.00     0.432283
      1374.00     0.431695
      1375.00     0.431106
      1376.00     0.430517
      1377.00     0.429922
      1378.00     0.429327
      1379.00     0.428731
      1380.00     0.428136
      1381.00     0.427617
      1382.00     0.427098
      1383.00     0.426579
      1384.00     0.426060
      1385.00     0.425625
      1386.00     0.425189
      1387.00     0.424754
      1388.00     0.424319
      1389.00     0.423454
      1390.00     0.422588
      1391.00     0.421723
      1392.00     0.420858
      1393.00     0.420309
      1394.00     0.419760
      1395.00     0.419212
      1396.00     0.418663
      1397.00     0.418196
      1398.00     0.417730
      1399.00     0.417263
      1400.00     0.416797
      1401.00     0.416600
      1402.00     0.416404
      1403.00     0.416207
      1404.00     0.416011
      1405.00     0.415983
      1406.00     0.415955
      1407.00     0.415928
      1408.00     0.415900
      1409.00     0.416604
      1410.00     0.417309
      1411.00     0.418013
      1412.00     0.418717
      1413.00     0.419291
      1414.00     0.419866
      1415.00     0.420441
      1416.00     0.421015
      1417.00     0.421663
      1418.00     0.422311
      1419.00     0.422958
      1420.00     0.423606
      1421.00     0.423927
      1422.00     0.424247
      1423.00     0.424568
      1424.00     0.424888
      1425.00     0.424988
      1426.00     0.425088
      1427.00     0.425187
      1428.00     0.425287
      1429.00     0.425449
      1430.00     0.425610
      1431.00     0.425772
      1432.00     0.425933
      1433.00     0.426149
      1434.00     0.426366
      1435.00     0.426583
      1436.00     0.426799
      1437.00     0.426868
      1438.00     0.426937
      1439.00     0.427007
      1440.00     0.427076
      1441.00     0.427083
      1442.00     0.427090
      1443.00     0.427097
      1444.00     0.427104
      1445.00     0.427447
      1446.00     0.427790
      1447.00     0.428133
      1448.00     0.428476
      1449.00     0.428799
      1450.00     0.429123
      1451.00     0.429447
      1452.00     0.429770
      1453.00     0.430485
      1454.00     0.431200
      1455.00     0.431915
      1456.00     0.432630
      1457.00     0.432986
      1458.00     0.433343
      1459.00     0.433700
      1460.00     0.434056
      1461.00     0.434002
      1462.00     0.433947
      1463.00     0.433893
      1464.00     0.433838
      1465.00     0.433838
      1466.00     0.433838
      1467.00     0.433838
      1468.00     0.433838
      1469.00     0.433758
      1470.00     0.433677
      1471.00     0.433597
      1472.00     0.433517
      1473.00     0.433776
      1474.00     0.434034
      1475.00     0.434292
      1476.00     0.434551
      1477.00     0.434810
      1478.00     0.435070
      1479.00     0.435329
      1480.00     0.435588
      1481.00     0.435109
      1482.00     0.434631
      1483.00     0.434153
      1484.00     0.433674
      1485.00     0.433509
      1486.00     0.433344
      1487.00     0.433179
      1488.00     0.433014
      1489.00     0.433465
      1490.00     0.433917
      1491.00     0.434368
      1492.00     0.434819
      1493.00     0.435232
      1494.00     0.435645
      1495.00     0.436057
      1496.00     0.436470
      1497.00     0.437842
      1498.00     0.439214
      1499.00     0.440586
      1500.00     0.441958
      1501.00     0.441959
      1502.00     0.441960
      1503.00     0.441961
      1504.00     0.441962
      1505.00     0.442271
      1506.00     0.442581
      1507.00     0.442890
      1508.00     0.443199
      1509.00     0.443471
      1510.00     0.443743
      1511.00     0.444015
      1512.00     0.444287
      1513.00     0.443973
      1514.00     0.443659
      1515.00     0.443346
      1516.00     0.443032
      1517.00     0.443938
      1518.00     0.444844
      1519.00     0.445750
      1520.00     0.446656
      1521.00     0.446648
      1522.00     0.446641
      1523.00     0.446634
      1524.00     0.446626
      1525.00     0.446674
      1526.00     0.446723
      1527.00     0.446771
      1528.00     0.446819
      1529.00     0.446549
      1530.00     0.446279
      1531.00     0.446009
      1532.00     0.445739
      1533.00     0.446120
      1534.00     0.446501
      1535.00     0.446882
      1536.00     0.447263
      1537.00     0.447916
      1538.00     0.448569
      1539.00     0.449221
      1540.00     0.449874
      1541.00     0.450843
      1542.00     0.451813
      1543.00     0.452782
      1544.00     0.453751
      1545.00     0.453627
      1546.00     0.453503
      1547.00     0.453378
      1548.00     0.453254
      1549.00     0.453544
      1550.00     0.453834
      1551.00     0.454124
      1552.00     0.454414
      1553.00     0.454370
      1554.00     0.454327
      1555.00     0.454283
      1556.00     0.454240
      1557.00     0.454410
      1558.00     0.454580
      1559.00     0.454750
      1560.00     0.454920
      1561.00     0.455995
      1562.00     0.457070
      1563.00     0.458144
      1564.00     0.459219
      1565.00     0.459357
      1566.00     0.459495
      1567.00     0.459632
      1568.00     0.459770
      1569.00     0.459713
      1570.00     0.459655
      1571.00     0.459597
      1572.00     0.459540
      1573.00     0.458217
      1574.00     0.456894
      1575.00     0.455571
      1576.00     0.454248
      1577.00     0.454394
      1578.00     0.454540
      1579.00     0.454686
      1580.00     0.454832
      1581.00     0.455124
      1582.00     0.455417
      1583.00     0.455709
      1584.00     0.456002
      1585.00     0.455675
      1586.00     0.455347
      1587.00     0.455020
      1588.00     0.454693
      1589.00     0.454310
      1590.00     0.453927
      1591.00     0.453544
      1592.00     0.453161
      1593.00     0.453544
      1594.00     0.453927
      1595.00     0.454310
      1596.00     0.454693
      1597.00     0.454906
      1598.00     0.455120
      1599.00     0.455333
      1600.00     0.455547
      1601.00     0.455312
      1602.00     0.455077
      1603.00     0.454841
      1604.00     0.454606
      1605.00     0.454156
      1606.00     0.453705
      1607.00     0.453255
      1608.00     0.452805
      1609.00     0.453006
      1610.00     0.453207
      1611.00     0.453408
      1612.00     0.453609
      1613.00     0.454547
      1614.00     0.455484
      1615.00     0.456422
      1616.00     0.457359
      1617.00     0.457586
      1618.00     0.457814
      1619.00     0.458041
      1620.00     0.458268
      1621.00     0.458191
      1622.00     0.458113
      1623.00     0.458036
      1624.00     0.457959
      1625.00     0.458072
      1626.00     0.458186
      1627.00     0.458300
      1628.00     0.458413
      1629.00     0.458739
      1630.00     0.459065
      1631.00     0.459392
      1632.00     0.459718
      1633.00     0.460699
      1634.00     0.461680
      1635.00     0.462660
      1636.00     0.463641
      1637.00     0.463127
      1638.00     0.462613
      1639.00     0.462099
      1640.00     0.461585
      1641.00     0.461087
      1642.00     0.460589
      1643.00     0.460091
      1644.00     0.459593
      1645.00     0.459344
      1646.00     0.459095
      1647.00     0.458847
      1648.00     0.458598
      1649.00     0.459688
      1650.00     0.460778
      1651.00     0.461869
      1652.00     0.462959
      1653.00     0.463228
      1654.00     0.463497
      1655.00     0.463765
      1656.00     0.464034
      1657.00     0.463648
      1658.00     0.463262
      1659.00     0.462877
      1660.00     0.462491
      1661.00     0.462992
      1662.00     0.463493
      1663.00     0.463994
      1664.00     0.464495
      1665.00     0.464437
      1666.00     0.464380
      1667.00     0.464323
      1668.00     0.464265
      1669.00     0.463349
      1670.00     0.462433
      1671.00     0.461516
      1672.00     0.460600
      1673.00     0.461152
      1674.00     0.461704
      1675.00     0.462257
      1676.00     0.462809
      1677.00     0.463439
      1678.00     0.464069
      1679.00     0.464700
      1680.00     0.465330
      1681.00     0.465445
      1682.00     0.465559
      1683.00     0.465674
      1684.00     0.465789
      1685.00     0.465407
      1686.00     0.465025
      1687.00     0.464644
      1688.00     0.464262
      1689.00     0.463956
      1690.00     0.463650
      1691.00     0.463344
      1692.00     0.463038
      1693.00     0.463325
      1694.00     0.463611
      1695.00     0.463898
      1696.00     0.464185
      1697.00     0.464354
      1698.00     0.464523
      1699.00     0.464692
      1700.00     0.464861
      1701.00     0.464350
      1702.00     0.463840
      1703.00     0.463329
      1704.00     0.462819
      1705.00     0.463235
      1706.00     0.463651
      1707.00     0.464068
      1708.00     0.464484
      1709.00     0.464618
      1710.00     0.464752
      1711.00     0.464887
      1712.00     0.465021
      1713.00     0.465174
      1714.00     0.465327
      1715.00     0.465479
      1716.00     0.465632
      1717.00     0.465906
      1718.00     0.466180
      1719.00     0.466454
      1720.00     0.466728
      1721.00     0.466808
      1722.00     0.466888
      1723.00     0.466968
      1724.00     0.467048
      1725.00     0.467026
      1726.00     0.467004
      1727.00     0.466983
      1728.00     0.466961
      1729.00     0.466746
      1730.00     0.466531
      1731.00     0.466316
      1732.00     0.466101
      1733.00     0.465908
      1734.00     0.465715
      1735.00     0.465523
      1736.00     0.465330
      1737.00     0.465557
      1738.00     0.465784
      1739.00     0.466012
      1740.00     0.466239
      1741.00     0.465727
      1742.00     0.465214
      1743.00     0.464702
      1744.00     0.464190
      1745.00     0.464265
      1746.00     0.464341
      1747.00     0.464417
      1748.00     0.464492
      1749.00     0.465124
      1750.00     0.465755
      1751.00     0.466387
      1752.00     0.467019
      1753.00     0.466561
      1754.00     0.466104
      1755.00     0.465647
      1756.00     0.465189
      1757.00     0.465342
      1758.00     0.465495
      1759.00     0.465647
      1760.00     0.465800
      1761.00     0.466372
      1762.00     0.466945
      1763.00     0.467517
      1764.00     0.468090
      1765.00     0.468067
      1766.00     0.468045
      1767.00     0.468022
      1768.00     0.468000
      1769.00     0.467657
      1770.00     0.467314
      1771.00     0.466971
      1772.00     0.466628
      1773.00     0.466940
      1774.00     0.467251
      1775.00     0.467563
      1776.00     0.467875
      1777.00     0.467560
      1778.00     0.467245
      1779.00     0.466929
      1780.00     0.466614
      1781.00     0.466938
      1782.00     0.467263
      1783.00     0.467587
      1784.00     0.467911
      1785.00     0.468120
      1786.00     0.468328
      1787.00     0.468536
      1788.00     0.468745
      1789.00     0.468019
      1790.00     0.467293
      1791.00     0.466567
      1792.00     0.465841
      1793.00     0.466070
      1794.00     0.466300
      1795.00     0.466529
      1796.00     0.466758
      1797.00     0.467082
      1798.00     0.467405
      1799.00     0.467728
      1800.00     0.468052
      1801.00     0.468642
      1802.00     0.469232
      1803.00     0.469822
      1804.00     0.470412
      1805.00     0.470446
      1806.00     0.470480
      1807.00     0.470514
      1808.00     0.470548
      1809.00     0.470813
      1810.00     0.471079
      1811.00     0.471344
      1812.00     0.471610
      1813.00     0.471460
      1814.00     0.471310
      1815.00     0.471161
      1816.00     0.471011
      1817.00     0.470763
      1818.00     0.470515
      1819.00     0.470268
      1820.00     0.470020
      1821.00     0.469979
      1822.00     0.469937
      1823.00     0.469895
      1824.00     0.469854
      1825.00     0.469510
      1826.00     0.469167
      1827.00     0.468823
      1828.00     0.468479
      1829.00     0.468637
      1830.00     0.468796
      1831.00     0.468955
      1832.00     0.469113
      1833.00     0.469878
      1834.00     0.470643
      1835.00     0.471408
      1836.00     0.472173
      1837.00     0.471905
      1838.00     0.471638
      1839.00     0.471370
      1840.00     0.471103
      1841.00     0.470408
      1842.00     0.469712
      1843.00     0.469017
      1844.00     0.468322
      1845.00     0.468543
      1846.00     0.468765
      1847.00     0.468987
      1848.00     0.469208
      1849.00     0.468574
      1850.00     0.467940
      1851.00     0.467306
      1852.00     0.466672
      1853.00     0.467260
      1854.00     0.467848
      1855.00     0.468436
      1856.00     0.469024
      1857.00     0.468470
      1858.00     0.467916
      1859.00     0.467362
      1860.00     0.466808
      1861.00     0.466013
      1862.00     0.465217
      1863.00     0.464422
      1864.00     0.463626
      1865.00     0.462085
      1866.00     0.460544
      1867.00     0.459004
      1868.00     0.457463
      1869.00     0.455217
      1870.00     0.452972
      1871.00     0.450726
      1872.00     0.448480
      1873.00     0.446562
      1874.00     0.444643
      1875.00     0.442724
      1876.00     0.440806
      1877.00     0.440003
      1878.00     0.439200
      1879.00     0.438397
      1880.00     0.437594
      1881.00     0.435164
      1882.00     0.432734
      1883.00     0.430304
      1884.00     0.427874
      1885.00     0.424868
      1886.00     0.421861
      1887.00     0.418855
      1888.00     0.415848
      1889.00     0.412969
      1890.00     0.410091
      1891.00     0.407212
      1892.00     0.404333
      1893.00     0.401639
      1894.00     0.398944
      1895.00     0.396250
      1896.00     0.393556
      1897.00     0.391738
      1898.00     0.389920
      1899.00     0.388102
      1900.00     0.386284
      1901.00     0.384564
      1902.00     0.382844
      1903.00     0.381124
      1904.00     0.379404
      1905.00     0.378800
      1906.00     0.378196
      1907.00     0.377593
      1908.00     0.376989
      1909.00     0.377130
      1910.00     0.377270
      1911.00     0.377411
      1912.00     0.377552
      1913.00     0.378110
      1914.00     0.378668
      1915.00     0.379227
      1916.00     0.379785
      1917.00     0.380676
      1918.00     0.381567
      1919.00     0.382457
      1920.00     0.383348
      1921.00     0.383808
      1922.00     0.384268
      1923.00     0.384728
      1924.00     0.385188
      1925.00     0.386397
      1926.00     0.387605
      1927.00     0.388814
      1928.00     0.390023
      1929.00     0.390245
      1930.00     0.390467
      1931.00     0.390688
      1932.00     0.390910
      1933.00     0.391454
      1934.00     0.391997
      1935.00     0.392541
      1936.00     0.393085
      1937.00     0.393498
      1938.00     0.393912
      1939.00     0.394325
      1940.00     0.394739
      1941.00     0.394990
      1942.00     0.395241
      1943.00     0.395492
      1944.00     0.395743
      1945.00     0.396533
      1946.00     0.397324
      1947.00     0.398114
      1948.00     0.398905
      1949.00     0.399555
      1950.00     0.400205
      1951.00     0.400855
      1952.00     0.401505
      1953.00     0.401907
      1954.00     0.402308
      1955.00     0.402710
      1956.00     0.403111
      1957.00     0.403657
      1958.00     0.404203
      1959.00     0.404750
      1960.00     0.405296
      1961.00     0.405214
      1962.00     0.405133
      1963.00     0.405051
      1964.00     0.404970
      1965.00     0.405759
      1966.00     0.406548
      1967.00     0.407336
      1968.00     0.408125
      1969.00     0.408801
      1970.00     0.409476
      1971.00     0.410151
      1972.00     0.410827
      1973.00     0.412052
      1974.00     0.413278
      1975.00     0.414503
      1976.00     0.415729
      1977.00     0.416263
      1978.00     0.416797
      1979.00     0.417331
      1980.00     0.417865
      1981.00     0.418541
      1982.00     0.419217
      1983.00     0.419893
      1984.00     0.420569
      1985.00     0.421544
      1986.00     0.422520
      1987.00     0.423495
      1988.00     0.424470
      1989.00     0.425223
      1990.00     0.425976
      1991.00     0.426728
      1992.00     0.427481
      1993.00     0.427748
      1994.00     0.428016
      1995.00     0.428283
      1996.00     0.428550
      1997.00     0.428550
      1998.00     0.428550
      1999.00     0.428550
      2000.00     0.428550
      2001.00     0.428696
      2002.00     0.428843
      2003.00     0.428989
      2004.00     0.429135
      2005.00     0.430179
      2006.00     0.431223
      2007.00     0.432266
      2008.00     0.433310
      2009.00     0.433727
      2010.00     0.434144
      2011.00     0.434561
      2012.00     0.434978
      2013.00     0.435392
      2014.00     0.435806
      2015.00     0.436221
      2016.00     0.436635
      2017.00     0.436902
      2018.00     0.437168
      2019.00     0.437434
      2020.00     0.437701
      2021.00     0.437222
      2022.00     0.436743
      2023.00     0.436265
      2024.00     0.435786
      2025.00     0.435990
      2026.00     0.436194
      2027.00     0.436398
      2028.00     0.436602
      2029.00     0.437116
      2030.00     0.437631
      2031.00     0.438145
      2032.00     0.438660
      2033.00     0.438764
      2034.00     0.438868
      2035.00     0.438973
      2036.00     0.439077
      2037.00     0.438872
      2038.00     0.438666
      2039.00     0.438461
      2040.00     0.438256
      2041.00     0.438562
      2042.00     0.438868
      2043.00     0.439174
      2044.00     0.439480
      2045.00     0.440349
      2046.00     0.441218
      2047.00     0.442087
      2048.00     0.442956
      2049.00     0.442851
      2050.00     0.442746
      2051.00     0.442641
      2052.00     0.442536
      2053.00     0.442124
      2054.00     0.441713
      2055.00     0.441302
      2056.00     0.440890
      2057.00     0.441350
      2058.00     0.441810
      2059.00     0.442269
      2060.00     0.442729
      2061.00     0.442682
      2062.00     0.442635
      2063.00     0.442589
      2064.00     0.442542
      2065.00     0.442983
      2066.00     0.443424
      2067.00     0.443865
      2068.00     0.444306
      2069.00     0.443854
      2070.00     0.443401
      2071.00     0.442949
      2072.00     0.442497
      2073.00     0.442549
      2074.00     0.442601
      2075.00     0.442653
      2076.00     0.442705
      2077.00     0.442288
      2078.00     0.441871
      2079.00     0.441454
      2080.00     0.443132
      2081.00     0.443125
      2082.00     0.442191
      2083.00     0.441835
      2084.00     0.441394
      2085.00     0.441676
      2086.00     0.442137
      2087.00     0.442667
      2088.00     0.442782
      2089.00     0.442475
      2090.00     0.441954
      2091.00     0.441436
      2092.00     0.441108
      2093.00     0.441009
      2094.00     0.441091
      2095.00     0.441240
      2096.00     0.441401
      2097.00     0.441582
      2098.00     0.441759
      2099.00     0.441968
      2100.00     0.442120
      2101.00     0.442113
      2102.00     0.441892
      2103.00     0.441446
      2104.00     0.440968
      2105.00     0.440692
      2106.00     0.440738
      2107.00     0.440953
      2108.00     0.441070
      2109.00     0.440881
      2110.00     0.440368
      2111.00     0.439720
      2112.00     0.439412
      2113.00     0.439554
      2114.00     0.440008
      2115.00     0.440608
      2116.00     0.441000
      2117.00     0.441031
      2118.00     0.440861
      2119.00     0.440655
      2120.00     0.440539
      2121.00     0.440566
      2122.00     0.440746
      2123.00     0.440977
      2124.00     0.441218
      2125.00     0.441451
      2126.00     0.441625
      2127.00     0.441674
      2128.00     0.441552
      2129.00     0.441234
      2130.00     0.440787
      2131.00     0.440381
      2132.00     0.440141
      2133.00     0.440134
      2134.00     0.440287
      2135.00     0.440467
      2136.00     0.440563
      2137.00     0.440521
      2138.00     0.440432
      2139.00     0.440332
      2140.00     0.440248
      2141.00     0.440185
      2142.00     0.440136
      2143.00     0.440137
      2144.00     0.440180
      2145.00     0.440173
      2146.00     0.439985
      2147.00     0.439536
      2148.00     0.438934
      2149.00     0.438310
      2150.00     0.437875
      2151.00     0.437710
      2152.00     0.437750
      2153.00     0.437828
      2154.00     0.437810
      2155.00     0.437626
      2156.00     0.437326
      2157.00     0.437005
      2158.00     0.436661
      2159.00     0.436195
      2160.00     0.435524
      2161.00     0.434623
      2162.00     0.433559
      2163.00     0.432571
      2164.00     0.431906
      2165.00     0.431659
      2166.00     0.431770
      2167.00     0.432079
      2168.00     0.432357
      2169.00     0.432395
      2170.00     0.432155
      2171.00     0.431784
      2172.00     0.431519
      2173.00     0.431482
      2174.00     0.431610
      2175.00     0.431712
      2176.00     0.431542
      2177.00     0.430933
      2178.00     0.429941
      2179.00     0.428805
      2180.00     0.427809
      2181.00     0.427162
      2182.00     0.426629
      2183.00     0.426163
      2184.00     0.425644
      2185.00     0.425057
      2186.00     0.424436
      2187.00     0.423808
      2188.00     0.423230
      2189.00     0.422690
      2190.00     0.422107
      2191.00     0.421488
      2192.00     0.420851
      2193.00     0.420260
      2194.00     0.419614
      2195.00     0.418987
      2196.00     0.418362
      2197.00     0.417748
      2198.00     0.417082
      2199.00     0.416418
      2200.00     0.415701
      2201.00     0.414906
      2202.00     0.414143
      2203.00     0.413309
      2204.00     0.412409
      2205.00     0.411609
      2206.00     0.410866
      2207.00     0.410441
      2208.00     0.410474
      2209.00     0.411118
      2210.00     0.412248
      2211.00     0.413824
      2212.00     0.415469
      2213.00     0.417062
      2214.00     0.418316
      2215.00     0.419174
      2216.00     0.419667
      2217.00     0.419931
      2218.00     0.420104
      2219.00     0.420390
      2220.00     0.420878
      2221.00     0.421610
      2222.00     0.422403
      2223.00     0.423211
      2224.00     0.424015
      2225.00     0.424545
      2226.00     0.424866
      2227.00     0.425003
      2228.00     0.425072
      2229.00     0.425157
      2230.00     0.425384
      2231.00     0.425753
      2232.00     0.426188
      2233.00     0.426504
      2234.00     0.426533
      2235.00     0.426234
      2236.00     0.425716
      2237.00     0.425090
      2238.00     0.424604
      2239.00     0.424399
      2240.00     0.424455
      2241.00     0.424659
      2242.00     0.424857
      2243.00     0.424968
      2244.00     0.424946
      2245.00     0.424807
      2246.00     0.424642
      2247.00     0.424524
      2248.00     0.424499
      2249.00     0.424510
      2250.00     0.424511
      2251.00     0.424469
      2252.00     0.424364
      2253.00     0.424208
      2254.00     0.424064
      2255.00     0.424010
      2256.00     0.424082
      2257.00     0.424221
      2258.00     0.424392
      2259.00     0.424513
      2260.00     0.424515
      2261.00     0.424387
      2262.00     0.424152
      2263.00     0.423966
      2264.00     0.423902
      2265.00     0.424005
      2266.00     0.424247
      2267.00     0.424510
      2268.00     0.424679
      2269.00     0.424654
      2270.00     0.424390
      2271.00     0.423957
      2272.00     0.423498
      2273.00     0.423148
      2274.00     0.422978
      2275.00     0.423011
      2276.00     0.423155
      2277.00     0.423278
      2278.00     0.423262
      2279.00     0.423066
      2280.00     0.422723
      2281.00     0.422221
      2282.00     0.421672
      2283.00     0.421207
      2284.00     0.420903
      2285.00     0.420766
      2286.00     0.420763
      2287.00     0.420818
      2288.00     0.420820
      2289.00     0.420683
      2290.00     0.420399
      2291.00     0.420043
      2292.00     0.419693
      2293.00     0.419412
      2294.00     0.419188
      2295.00     0.419012
      2296.00     0.418765
      2297.00     0.418367
      2298.00     0.417810
      2299.00     0.417211
      2300.00     0.416532
      2301.00     0.415949
      2302.00     0.415568
      2303.00     0.415376
      2304.00     0.415301
      2305.00     0.415237
      2306.00     0.415134
      2307.00     0.414952
      2308.00     0.414707
      2309.00     0.414415
      2310.00     0.414128
      2311.00     0.413867
      2312.00     0.413567
      2313.00     0.413220
      2314.00     0.412865
      2315.00     0.412500
      2316.00     0.412180
      2317.00     0.412010
      2318.00     0.412007
      2319.00     0.412151
      2320.00     0.412328
      2321.00     0.412433
      2322.00     0.412385
      2323.00     0.412175
      2324.00     0.411878
      2325.00     0.411576
      2326.00     0.411365
      2327.00     0.411224
      2328.00     0.411095
      2329.00     0.410834
      2330.00     0.410429
      2331.00     0.409779
      2332.00     0.409100
      2333.00     0.408393
      2334.00     0.407830
      2335.00     0.407336
      2336.00     0.406947
      2337.00     0.406565
      2338.00     0.406196
      2339.00     0.405819
      2340.00     0.405491
      2341.00     0.405228
      2342.00     0.405037
      2343.00     0.404893
      2344.00     0.404740
      2345.00     0.404532
      2346.00     0.404218
      2347.00     0.403754
      2348.00     0.403241
      2349.00     0.402699
      2350.00     0.402179
      2351.00     0.401864
      2352.00     0.401739
      2353.00     0.401798
      2354.00     0.402006
      2355.00     0.402304
      2356.00     0.402664
      2357.00     0.403004
      2358.00     0.403284
      2359.00     0.403492
      2360.00     0.403608
      2361.00     0.403601
      2362.00     0.403483
      2363.00     0.403300
      2364.00     0.403112
      2365.00     0.402970
      2366.00     0.402935
      2367.00     0.402979
      2368.00     0.403063
      2369.00     0.403127
      2370.00     0.403111
      2371.00     0.402978
      2372.00     0.402739
      2373.00     0.402411
      2374.00     0.402018
      2375.00     0.401590
      2376.00     0.401166
      2377.00     0.400777
      2378.00     0.400447
      2379.00     0.400137
      2380.00     0.399891
      2381.00     0.399674
      2382.00     0.399475
      2383.00     0.399300
      2384.00     0.399169
      2385.00     0.399104
      2386.00     0.399102
      2387.00     0.399132
      2388.00     0.399157
      2389.00     0.399140
      2390.00     0.399049
      2391.00     0.398912
      2392.00     0.398777
      2393.00     0.398693
      2394.00     0.398671
      2395.00     0.398687
      2396.00     0.398701
      2397.00     0.398670
      2398.00     0.398567
      2399.00     0.398353
      2400.00     0.398054
      2401.00     0.397744
      2402.00     0.397467
      2403.00     0.397244
      2404.00     0.397088
      2405.00     0.396992
      2406.00     0.396922
      2407.00     0.396838
      2408.00     0.396683
      2409.00     0.396430
      2410.00     0.396050
      2411.00     0.395563
      2412.00     0.395036
      2413.00     0.394464
      2414.00     0.393870
      2415.00     0.393289
      2416.00     0.392738
      2417.00     0.392227
      2418.00     0.391681
      2419.00     0.391148
      2420.00     0.390660
      2421.00     0.390264
      2422.00     0.389912
      2423.00     0.389584
      2424.00     0.389263
      2425.00     0.388910
      2426.00     0.388448
      2427.00     0.387876
      2428.00     0.387271
      2429.00     0.386623
      2430.00     0.386051
      2431.00     0.385525
      2432.00     0.385029
      2433.00     0.384569
      2434.00     0.384120
      2435.00     0.383577
      2436.00     0.383009
      2437.00     0.382367
      2438.00     0.381774
      2439.00     0.381221
      2440.00     0.380717
      2441.00     0.380259
      2442.00     0.379764
      2443.00     0.379272
      2444.00     0.378680
      2445.00     0.378096
      2446.00     0.377521
      2447.00     0.377031
      2448.00     0.376652
      2449.00     0.376362
      2450.00     0.376154
      2451.00     0.375940
      2452.00     0.375705
      2453.00     0.375416
      2454.00     0.375055
      2455.00     0.374643
      2456.00     0.374218
      2457.00     0.373756
      2458.00     0.373342
      2459.00     0.372952
      2460.00     0.372570
      2461.00     0.372246
      2462.00     0.371986
      2463.00     0.371777
      2464.00     0.371608
      2465.00     0.371446
      2466.00     0.371285
      2467.00     0.371106
      2468.00     0.370883
      2469.00     0.370614
      2470.00     0.370321
      2471.00     0.370001
      2472.00     0.369641
      2473.00     0.369242
      2474.00     0.368790
      2475.00     0.368328
      2476.00     0.367897
      2477.00     0.367498
      2478.00     0.367143
      2479.00     0.366836
      2480.00     0.366550
      2481.00     0.366237
      2482.00     0.365877
      2483.00     0.365492
      2484.00     0.365085
      2485.00     0.364737
      2486.00     0.364500
      2487.00     0.364385
      2488.00     0.364379
      2489.00     0.364441
      2490.00     0.364508
      2491.00     0.364447
      2492.00     0.364225
      2493.00     0.363861
      2494.00     0.363416
      2495.00     0.362966
      2496.00     0.362589
      2497.00     0.362386
      2498.00     0.362322
      2499.00     0.362359
      2500.00     0.362428
