      400.000     0.000000
      401.000     0.000000
      402.000     0.000000
      403.000     0.000000
      404.000     0.000000
      405.000     0.000000
      406.000     0.000000
      407.000     0.000000
      408.000     0.000000
      409.000     0.000000
      410.000     0.000000
      411.000     0.000000
      412.000     0.000000
      413.000     0.000000
      414.000     0.000000
      415.000     0.000000
      416.000     0.000000
      417.000     0.000000
      418.000     0.000000
      419.000     0.000000
      420.000     0.000000
      421.000     0.000000
      422.000     0.000000
      423.000     0.000000
      424.000     0.000000
      425.000     0.000000
      426.000     0.000000
      427.000     0.000000
      428.000     0.000000
      429.000   0.00310800
      430.000     0.000000
      431.000   0.00365200
      432.000   0.00695100
      433.000    0.0100850
      434.000    0.0101470
      435.000    0.0123870
      436.000   0.00935300
      437.000    0.0112690
      438.000    0.0142210
      439.000    0.0158390
      440.000    0.0170940
      441.000    0.0166270
      442.000    0.0178070
      443.000    0.0207090
      444.000    0.0216750
      445.000    0.0241920
      446.000    0.0244830
      447.000    0.0283050
      448.000    0.0297750
      449.000    0.0316660
      450.000    0.0335610
      451.000    0.0329900
      452.000    0.0347870
      453.000    0.0396260
      454.000    0.0389280
      455.000    0.0397240
      456.000    0.0403370
      457.000    0.0425090
      458.000    0.0431010
      459.000    0.0423070
      460.000    0.0412730
      461.000    0.0461260
      462.000    0.0454670
      463.000    0.0478910
      464.000    0.0490050
      465.000    0.0483690
      466.000    0.0482730
      467.000    0.0481770
      468.000    0.0491970
      469.000    0.0505090
      470.000    0.0520100
      471.000    0.0521090
      472.000    0.0507060
      473.000    0.0548110
      474.000    0.0551170
      475.000    0.0570290
      476.000    0.0581440
      477.000    0.0569250
      478.000    0.0596430
      479.000    0.0595370
      480.000    0.0620030
      481.000    0.0616100
      482.000    0.0635630
      483.000    0.0665770
      484.000    0.0642760
      485.000    0.0656860
      486.000    0.0677300
      487.000    0.0686800
      488.000    0.0691300
      489.000    0.0692500
      490.000    0.0704300
      491.000    0.0711600
      492.000    0.0757900
      493.000    0.0776500
      494.000    0.0759800
      495.000    0.0770300
      496.000    0.0775000
      497.000    0.0812100
      498.000    0.0823800
      499.000    0.0868900
      500.000    0.0853800
      501.000    0.0866700
      502.000    0.0860401
      503.000    0.0880799
      504.000    0.0884600
      505.000    0.0928500
      506.000    0.0916900
      507.000    0.0934899
      508.000    0.0965799
      509.000    0.0978700
      510.000     0.100590
      511.000     0.100730
      512.000     0.100930
      513.000     0.102220
      514.000     0.102630
      515.000     0.106440
      516.000     0.104930
      517.000     0.107920
      518.000     0.108760
      519.000     0.112160
      520.000     0.112590
      521.000     0.110780
      522.000     0.115090
      523.000     0.118500
      524.000     0.118800
      525.000     0.116820
      526.000     0.117970
      527.000     0.122540
      528.000     0.126580
      529.000     0.129290
      530.000     0.128520
      531.000     0.131900
      532.000     0.130920
      533.000     0.130920
      534.000     0.131070
      535.000     0.132660
      536.000     0.138800
      537.000     0.141690
      538.000     0.142000
      539.000     0.142430
      540.000     0.143380
      541.000     0.146890
      542.000     0.151890
      543.000     0.151720
      544.000     0.155480
      545.000     0.158140
      546.000     0.158650
      547.000     0.161230
      548.000     0.159650
      549.000     0.162260
      550.000     0.164100
      551.000     0.164560
      552.000     0.164440
      553.000     0.168890
      554.000     0.168610
      555.000     0.173710
      556.000     0.176740
      557.000     0.178340
      558.000     0.179800
      559.000     0.184870
      560.000     0.190550
      561.000     0.192550
      562.000     0.197130
      563.000     0.199720
      564.000     0.204890
      565.000     0.210930
      566.000     0.212010
      567.000     0.211390
      568.000     0.213540
      569.000     0.214800
      570.000     0.219530
      571.000     0.220400
      572.000     0.224480
      573.000     0.227460
      574.000     0.227610
      575.000     0.232670
      576.000     0.231630
      577.000     0.234150
      578.000     0.235820
      579.000     0.240340
      580.000     0.240190
      581.000     0.238790
      582.000     0.240980
      583.000     0.245690
      584.000     0.247980
      585.000     0.241920
      586.000     0.247740
      587.000     0.252230
      588.000     0.251010
      589.000     0.253570
      590.000     0.255400
      591.000     0.257480
      592.000     0.259320
      593.000     0.259310
      594.000     0.258090
      595.000     0.259860
      596.000     0.261690
      597.000     0.261100
      598.000     0.263020
      599.000     0.264190
      600.000     0.263530
      601.000     0.261560
      602.000     0.262470
      603.000     0.263040
      604.000     0.265160
      605.000     0.265480
      606.000     0.266780
      607.000     0.265800
      608.000     0.265420
      609.000     0.269450
      610.000     0.272290
      611.000     0.278750
      612.000     0.276140
      613.000     0.276140
      614.000     0.275890
      615.000     0.278530
      616.000     0.278810
      617.000     0.280610
      618.000     0.277090
      619.000     0.279160
      620.000     0.282980
      621.000     0.287090
      622.000     0.287350
      623.000     0.283650
      624.000     0.288900
      625.000     0.289930
      626.000     0.285810
      627.000     0.287360
      628.000     0.286850
      629.000     0.288640
      630.000     0.287870
      631.000     0.289410
      632.000     0.292000
      633.000     0.292260
      634.000     0.292000
      635.000     0.292720
      636.000     0.290440
      637.000     0.289310
      638.000     0.292740
      639.000     0.295840
      640.000     0.301290
      641.000     0.297000
      642.000     0.295720
      643.000     0.297390
      644.000     0.294520
      645.000     0.299110
      646.000     0.302270
      647.000     0.304520
      648.000     0.304480
      649.000     0.304790
      650.000     0.305330
      651.000     0.305860
      652.000     0.304040
      653.000     0.307900
      654.000     0.311620
      655.000     0.311690
      656.000     0.309740
      657.000     0.307530
      658.000     0.309830
      659.000     0.310120
      660.000     0.308580
      661.000     0.311110
      662.000     0.315780
      663.000     0.314420
      664.000     0.313330
      665.000     0.314420
      666.000     0.314070
      667.000     0.312190
      668.000     0.315350
      669.000     0.319820
      670.000     0.321740
      671.000     0.320800
      672.000     0.317000
      673.000     0.321250
      674.000     0.321800
      675.000     0.323190
      676.000     0.325470
      677.000     0.324390
      678.000     0.324110
      679.000     0.325510
      680.000     0.324450
      681.000     0.327670
      682.000     0.328670
      683.000     0.326830
      684.000     0.326280
      685.000     0.322090
      686.000     0.324450
      687.000     0.327710
      688.000     0.329230
      689.000     0.332220
      690.000     0.329350
      691.000     0.329910
      692.000     0.334920
      693.000     0.335410
      694.000     0.339240
      695.000     0.342600
      696.000     0.340200
      697.000     0.341100
      698.000     0.342430
      699.000     0.350100
      700.000     0.338910
      701.000     0.339340
      702.000     0.336960
      703.000     0.339580
      704.000     0.337660
      705.000     0.340550
      706.000     0.342610
      707.000     0.345960
      708.000     0.346130
      709.000     0.344010
      710.000     0.346410
      711.000     0.345000
      712.000     0.344150
      713.000     0.344410
      714.000     0.345770
      715.000     0.346170
      716.000     0.347400
      717.000     0.347670
      718.000     0.347670
      719.000     0.350540
      720.000     0.352920
      721.000     0.353870
      722.000     0.351500
      723.000     0.352160
      724.000     0.353300
      725.000     0.354820
      726.000     0.354820
      727.000     0.352830
      728.000     0.355200
      729.000     0.354060
      730.000     0.353490
      731.000     0.353490
      732.000     0.352820
      733.000     0.357090
      734.000     0.359190
      735.000     0.359270
      736.000     0.358780
      737.000     0.356900
      738.000     0.357470
      739.000     0.355760
      740.000     0.357270
      741.000     0.362390
      742.000     0.362100
      743.000     0.361810
      744.000     0.360950
      745.000     0.361400
      746.000     0.361470
      747.000     0.362620
      748.000     0.362540
      749.000     0.367090
      750.000     0.370410
      751.000     0.365210
      752.000     0.366570
      753.000     0.364440
      754.000     0.370710
      755.000     0.368270
      756.000     0.364440
      757.000     0.365380
      758.000     0.372340
      759.000     0.374160
      760.000     0.370860
      761.000     0.371500
      762.000     0.371850
      763.000     0.370050
      764.000     0.368830
      765.000     0.370630
      766.000     0.370110
      767.000     0.371270
      768.000     0.375470
      769.000     0.371910
      770.000     0.376450
      771.000     0.370180
      772.000     0.370760
      773.000     0.373190
      774.000     0.376150
      775.000     0.375330
      776.000     0.378390
      777.000     0.376930
      778.000     0.379270
      779.000     0.381370
      780.000     0.383480
      781.000     0.384370
      782.000     0.378010
      783.000     0.378980
      784.000     0.380180
      785.000     0.376970
      786.000     0.378180
      787.000     0.381140
      788.000     0.380310
      789.000     0.379680
      790.000     0.379640
      791.000     0.379930
      792.000     0.383840
      793.000     0.379970
      794.000     0.379080
      795.000     0.375270
      796.000     0.380600
      797.000     0.375340
      798.000     0.379640
      799.000     0.379640
      800.000     0.379640
      801.000     0.379135
      802.000     0.378630
      803.000     0.378125
      804.000     0.377620
      805.000     0.377795
      806.000     0.377970
      807.000     0.378145
      808.000     0.378320
      809.000     0.377203
      810.000     0.376085
      811.000     0.374967
      812.000     0.373850
      813.000     0.373948
      814.000     0.374045
      815.000     0.374142
      816.000     0.374240
      817.000     0.374203
      818.000     0.374165
      819.000     0.374128
      820.000     0.374090
      821.000     0.374490
      822.000     0.374890
      823.000     0.375290
      824.000     0.375690
      825.000     0.373983
      826.000     0.372275
      827.000     0.370568
      828.000     0.368860
      829.000     0.370167
      830.000     0.371475
      831.000     0.372783
      832.000     0.374090
      833.000     0.373588
      834.000     0.373085
      835.000     0.372582
      836.000     0.372080
      837.000     0.372245
      838.000     0.372410
      839.000     0.372575
      840.000     0.372740
      841.000     0.372832
      842.000     0.372925
      843.000     0.373017
      844.000     0.373110
      845.000     0.372217
      846.000     0.371325
      847.000     0.370432
      848.000     0.369540
      849.000     0.369285
      850.000     0.369030
      851.000     0.368775
      852.000     0.368520
      853.000     0.368525
      854.000     0.368530
      855.000     0.368535
      856.000     0.368540
      857.000     0.367723
      858.000     0.366905
      859.000     0.366087
      860.000     0.365270
      861.000     0.365960
      862.000     0.366650
      863.000     0.367340
      864.000     0.368030
      865.000     0.368325
      866.000     0.368620
      867.000     0.368915
      868.000     0.369210
      869.000     0.368982
      870.000     0.368755
      871.000     0.368528
      872.000     0.368300
      873.000     0.368170
      874.000     0.368040
      875.000     0.367910
      876.000     0.367780
      877.000     0.367927
      878.000     0.368075
      879.000     0.368223
      880.000     0.368370
      881.000     0.368760
      882.000     0.369150
      883.000     0.369540
      884.000     0.369930
      885.000     0.369705
      886.000     0.369480
      887.000     0.369255
      888.000     0.369030
      889.000     0.368998
      890.000     0.368965
      891.000     0.368932
      892.000     0.368900
      893.000     0.369290
      894.000     0.369680
      895.000     0.370070
      896.000     0.370460
      897.000     0.371040
      898.000     0.371620
      899.000     0.372200
      900.000     0.372780
      901.000     0.372922
      902.000     0.373065
      903.000     0.373208
      904.000     0.373350
      905.000     0.373208
      906.000     0.373065
      907.000     0.372922
      908.000     0.372780
      909.000     0.372875
      910.000     0.372970
      911.000     0.373065
      912.000     0.373160
      913.000     0.373030
      914.000     0.372900
      915.000     0.372770
      916.000     0.372640
      917.000     0.373060
      918.000     0.373480
      919.000     0.373900
      920.000     0.374320
      921.000     0.375190
      922.000     0.376060
      923.000     0.376930
      924.000     0.377800
      925.000     0.377000
      926.000     0.376200
      927.000     0.375400
      928.000     0.374600
      929.000     0.374343
      930.000     0.374085
      931.000     0.373827
      932.000     0.373570
      933.000     0.373632
      934.000     0.373695
      935.000     0.373758
      936.000     0.373820
      937.000     0.374303
      938.000     0.374785
      939.000     0.375268
      940.000     0.375750
      941.000     0.376040
      942.000     0.376330
      943.000     0.376620
      944.000     0.376910
      945.000     0.376780
      946.000     0.376650
      947.000     0.376520
      948.000     0.376390
      949.000     0.376198
      950.000     0.376005
      951.000     0.375813
      952.000     0.375620
      953.000     0.375715
      954.000     0.375810
      955.000     0.375905
      956.000     0.376000
      957.000     0.376482
      958.000     0.376965
      959.000     0.377447
      960.000     0.377930
      961.000     0.377222
      962.000     0.376515
      963.000     0.375807
      964.000     0.375100
      965.000     0.374305
      966.000     0.373510
      967.000     0.372715
      968.000     0.371920
      969.000     0.373603
      970.000     0.375285
      971.000     0.376968
      972.000     0.378650
      973.000     0.379103
      974.000     0.379555
      975.000     0.380008
      976.000     0.380460
      977.000     0.380798
      978.000     0.381135
      979.000     0.381473
      980.000     0.381810
      981.000     0.381903
      982.000     0.381995
      983.000     0.382087
      984.000     0.382180
      985.000     0.382832
      986.000     0.383485
      987.000     0.384138
      988.000     0.384790
      989.000     0.383408
      990.000     0.382025
      991.000     0.380642
      992.000     0.379260
      993.000     0.379990
      994.000     0.380720
      995.000     0.381450
      996.000     0.382180
      997.000     0.382250
      998.000     0.382320
      999.000     0.382390
      1000.00     0.382460
      1001.00     0.382262
      1002.00     0.382065
      1003.00     0.381867
      1004.00     0.381670
      1005.00     0.382178
      1006.00     0.382685
      1007.00     0.383193
      1008.00     0.383700
      1009.00     0.383402
      1010.00     0.383105
      1011.00     0.382807
      1012.00     0.382510
      1013.00     0.380802
      1014.00     0.379095
      1015.00     0.377388
      1016.00     0.375680
      1017.00     0.375930
      1018.00     0.376180
      1019.00     0.376430
      1020.00     0.376680
      1021.00     0.378837
      1022.00     0.380995
      1023.00     0.383152
      1024.00     0.385310
      1025.00     0.385830
      1026.00     0.386350
      1027.00     0.386870
      1028.00     0.387390
      1029.00     0.387050
      1030.00     0.386710
      1031.00     0.386370
      1032.00     0.386030
      1033.00     0.386623
      1034.00     0.387215
      1035.00     0.387807
      1036.00     0.388400
      1037.00     0.388530
      1038.00     0.388660
      1039.00     0.388790
      1040.00     0.388920
      1041.00     0.387875
      1042.00     0.386830
      1043.00     0.385785
      1044.00     0.384740
      1045.00     0.385137
      1046.00     0.385535
      1047.00     0.385933
      1048.00     0.386330
      1049.00     0.387473
      1050.00     0.388615
      1051.00     0.389758
      1052.00     0.390900
      1053.00     0.391138
      1054.00     0.391375
      1055.00     0.391613
      1056.00     0.391850
      1057.00     0.391510
      1058.00     0.391170
      1059.00     0.390830
      1060.00     0.390490
      1061.00     0.390570
      1062.00     0.390650
      1063.00     0.390730
      1064.00     0.390810
      1065.00     0.390875
      1066.00     0.390940
      1067.00     0.391005
      1068.00     0.391070
      1069.00     0.391112
      1070.00     0.391155
      1071.00     0.391198
      1072.00     0.391240
      1073.00     0.390317
      1074.00     0.389395
      1075.00     0.388472
      1076.00     0.387550
      1077.00     0.388150
      1078.00     0.388750
      1079.00     0.389350
      1080.00     0.389950
      1081.00     0.391840
      1082.00     0.393730
      1083.00     0.395620
      1084.00     0.397510
      1085.00     0.396073
      1086.00     0.394635
      1087.00     0.393197
      1088.00     0.391760
      1089.00     0.391005
      1090.00     0.390250
      1091.00     0.389495
      1092.00     0.388740
      1093.00     0.389497
      1094.00     0.390255
      1095.00     0.391012
      1096.00     0.391770
      1097.00     0.392415
      1098.00     0.393060
      1099.00     0.393705
      1100.00     0.394350
      1101.00     0.395255
      1102.00     0.396160
      1103.00     0.397065
      1104.00     0.397970
      1105.00     0.398085
      1106.00     0.398200
      1107.00     0.398315
      1108.00     0.398430
      1109.00     0.398445
      1110.00     0.398460
      1111.00     0.398475
      1112.00     0.398490
      1113.00     0.399082
      1114.00     0.399675
      1115.00     0.400267
      1116.00     0.400860
      1117.00     0.401017
      1118.00     0.401175
      1119.00     0.401332
      1120.00     0.401490
      1121.00     0.400840
      1122.00     0.400190
      1123.00     0.399540
      1124.00     0.398890
      1125.00     0.398153
      1126.00     0.397415
      1127.00     0.396677
      1128.00     0.395940
      1129.00     0.395618
      1130.00     0.395295
      1131.00     0.394973
      1132.00     0.394650
      1133.00     0.395218
      1134.00     0.395785
      1135.00     0.396353
      1136.00     0.396920
      1137.00     0.396465
      1138.00     0.396010
      1139.00     0.395555
      1140.00     0.395100
      1141.00     0.394228
      1142.00     0.393355
      1143.00     0.392482
      1144.00     0.391610
      1145.00     0.391885
      1146.00     0.392160
      1147.00     0.392435
      1148.00     0.392710
      1149.00     0.393553
      1150.00     0.394395
      1151.00     0.395238
      1152.00     0.396080
      1153.00     0.396370
      1154.00     0.396660
      1155.00     0.396950
      1156.00     0.397240
      1157.00     0.398375
      1158.00     0.399510
      1159.00     0.400645
      1160.00     0.401780
      1161.00     0.401897
      1162.00     0.402015
      1163.00     0.402133
      1164.00     0.402250
      1165.00     0.402185
      1166.00     0.402120
      1167.00     0.402055
      1168.00     0.401990
      1169.00     0.402330
      1170.00     0.402670
      1171.00     0.403010
      1172.00     0.403350
      1173.00     0.403143
      1174.00     0.402935
      1175.00     0.402727
      1176.00     0.402520
      1177.00     0.402845
      1178.00     0.403170
      1179.00     0.403495
      1180.00     0.403820
      1181.00     0.403415
      1182.00     0.403010
      1183.00     0.402605
      1184.00     0.402200
      1185.00     0.402435
      1186.00     0.402670
      1187.00     0.402905
      1188.00     0.403140
      1189.00     0.403467
      1190.00     0.403795
      1191.00     0.404123
      1192.00     0.404450
      1193.00     0.404913
      1194.00     0.405375
      1195.00     0.405838
      1196.00     0.406300
      1197.00     0.406300
      1198.00     0.406300
      1199.00     0.406300
      1200.00     0.406300
      1201.00     0.406880
      1202.00     0.407460
      1203.00     0.408040
      1204.00     0.408620
      1205.00     0.408962
      1206.00     0.409305
      1207.00     0.409648
      1208.00     0.409990
      1209.00     0.410675
      1210.00     0.411360
      1211.00     0.412045
      1212.00     0.412730
      1213.00     0.411777
      1214.00     0.410825
      1215.00     0.409872
      1216.00     0.408920
      1217.00     0.407870
      1218.00     0.406820
      1219.00     0.405770
      1220.00     0.404720
      1221.00     0.405098
      1222.00     0.405475
      1223.00     0.405852
      1224.00     0.406230
      1225.00     0.407855
      1226.00     0.409480
      1227.00     0.411105
      1228.00     0.412730
      1229.00     0.413687
      1230.00     0.414645
      1231.00     0.415603
      1232.00     0.416560
      1233.00     0.416637
      1234.00     0.416715
      1235.00     0.416793
      1236.00     0.416870
      1237.00     0.417217
      1238.00     0.417565
      1239.00     0.417913
      1240.00     0.418260
      1241.00     0.418428
      1242.00     0.418595
      1243.00     0.418763
      1244.00     0.418930
      1245.00     0.419068
      1246.00     0.419205
      1247.00     0.419343
      1248.00     0.419480
      1249.00     0.419415
      1250.00     0.419350
      1251.00     0.419285
      1252.00     0.419220
      1253.00     0.417355
      1254.00     0.415490
      1255.00     0.413625
      1256.00     0.411760
      1257.00     0.410957
      1258.00     0.410155
      1259.00     0.409352
      1260.00     0.408550
      1261.00     0.409132
      1262.00     0.409715
      1263.00     0.410298
      1264.00     0.410880
      1265.00     0.410885
      1266.00     0.410890
      1267.00     0.410895
      1268.00     0.410900
      1269.00     0.410775
      1270.00     0.410650
      1271.00     0.410525
      1272.00     0.410400
      1273.00     0.411010
      1274.00     0.411620
      1275.00     0.412230
      1276.00     0.412840
      1277.00     0.413315
      1278.00     0.413790
      1279.00     0.414265
      1280.00     0.414740
      1281.00     0.415130
      1282.00     0.415520
      1283.00     0.415910
      1284.00     0.416300
      1285.00     0.416855
      1286.00     0.417410
      1287.00     0.417965
      1288.00     0.418520
      1289.00     0.418923
      1290.00     0.419325
      1291.00     0.419728
      1292.00     0.420130
      1293.00     0.420263
      1294.00     0.420395
      1295.00     0.420528
      1296.00     0.420660
      1297.00     0.420993
      1298.00     0.421325
      1299.00     0.421658
      1300.00     0.421990
      1301.00     0.421990
      1302.00     0.421990
      1303.00     0.421990
      1304.00     0.421990
      1305.00     0.422125
      1306.00     0.422260
      1307.00     0.422395
      1308.00     0.422530
      1309.00     0.421668
      1310.00     0.420805
      1311.00     0.419942
      1312.00     0.419080
      1313.00     0.419213
      1314.00     0.419345
      1315.00     0.419477
      1316.00     0.419610
      1317.00     0.419347
      1318.00     0.419085
      1319.00     0.418822
      1320.00     0.418560
      1321.00     0.418557
      1322.00     0.418555
      1323.00     0.418552
      1324.00     0.418550
      1325.00     0.419477
      1326.00     0.420405
      1327.00     0.421333
      1328.00     0.422260
      1329.00     0.424340
      1330.00     0.426420
      1331.00     0.428500
      1332.00     0.430580
      1333.00     0.430650
      1334.00     0.430720
      1335.00     0.430790
      1336.00     0.430860
      1337.00     0.430480
      1338.00     0.430100
      1339.00     0.429720
      1340.00     0.429340
      1341.00     0.428035
      1342.00     0.426730
      1343.00     0.425425
      1344.00     0.424120
      1345.00     0.425087
      1346.00     0.426055
      1347.00     0.427022
      1348.00     0.427990
      1349.00     0.428965
      1350.00     0.429940
      1351.00     0.430915
      1352.00     0.431890
      1353.00     0.430342
      1354.00     0.428795
      1355.00     0.427247
      1356.00     0.425700
      1357.00     0.424767
      1358.00     0.423835
      1359.00     0.422902
      1360.00     0.421970
      1361.00     0.422907
      1362.00     0.423845
      1363.00     0.424782
      1364.00     0.425720
      1365.00     0.425757
      1366.00     0.425795
      1367.00     0.425833
      1368.00     0.425870
      1369.00     0.423870
      1370.00     0.421870
      1371.00     0.419870
      1372.00     0.417870
      1373.00     0.416375
      1374.00     0.414880
      1375.00     0.413385
      1376.00     0.411890
      1377.00     0.411625
      1378.00     0.411360
      1379.00     0.411095
      1380.00     0.410830
      1381.00     0.410475
      1382.00     0.410120
      1383.00     0.409765
      1384.00     0.409410
      1385.00     0.408265
      1386.00     0.407120
      1387.00     0.405975
      1388.00     0.404830
      1389.00     0.404433
      1390.00     0.404035
      1391.00     0.403638
      1392.00     0.403240
      1393.00     0.402725
      1394.00     0.402210
      1395.00     0.401695
      1396.00     0.401180
      1397.00     0.399913
      1398.00     0.398645
      1399.00     0.397377
      1400.00     0.396110
      1401.00     0.395335
      1402.00     0.394560
      1403.00     0.393785
      1404.00     0.393010
      1405.00     0.392770
      1406.00     0.392530
      1407.00     0.392290
      1408.00     0.392050
      1409.00     0.393193
      1410.00     0.394335
      1411.00     0.395477
      1412.00     0.396620
      1413.00     0.398227
      1414.00     0.399835
      1415.00     0.401442
      1416.00     0.403050
      1417.00     0.404120
      1418.00     0.405190
      1419.00     0.406260
      1420.00     0.407330
      1421.00     0.408458
      1422.00     0.409585
      1423.00     0.410712
      1424.00     0.411840
      1425.00     0.411840
      1426.00     0.411840
      1427.00     0.411840
      1428.00     0.411840
      1429.00     0.411842
      1430.00     0.411845
      1431.00     0.411848
      1432.00     0.411850
      1433.00     0.412593
      1434.00     0.413335
      1435.00     0.414077
      1436.00     0.414820
      1437.00     0.414802
      1438.00     0.414785
      1439.00     0.414767
      1440.00     0.414750
      1441.00     0.415235
      1442.00     0.415720
      1443.00     0.416205
      1444.00     0.416690
      1445.00     0.416875
      1446.00     0.417060
      1447.00     0.417245
      1448.00     0.417430
      1449.00     0.417510
      1450.00     0.417590
      1451.00     0.417670
      1452.00     0.417750
      1453.00     0.417028
      1454.00     0.416305
      1455.00     0.415583
      1456.00     0.414860
      1457.00     0.415435
      1458.00     0.416010
      1459.00     0.416585
      1460.00     0.417160
      1461.00     0.417490
      1462.00     0.417820
      1463.00     0.418150
      1464.00     0.418480
      1465.00     0.418810
      1466.00     0.419140
      1467.00     0.419470
      1468.00     0.419800
      1469.00     0.420213
      1470.00     0.420625
      1471.00     0.421037
      1472.00     0.421450
      1473.00     0.422183
      1474.00     0.422915
      1475.00     0.423648
      1476.00     0.424380
      1477.00     0.423712
      1478.00     0.423045
      1479.00     0.422378
      1480.00     0.421710
      1481.00     0.421113
      1482.00     0.420515
      1483.00     0.419917
      1484.00     0.419320
      1485.00     0.418652
      1486.00     0.417985
      1487.00     0.417318
      1488.00     0.416650
      1489.00     0.416925
      1490.00     0.417200
      1491.00     0.417475
      1492.00     0.417750
      1493.00     0.417553
      1494.00     0.417355
      1495.00     0.417158
      1496.00     0.416960
      1497.00     0.417417
      1498.00     0.417875
      1499.00     0.418333
      1500.00     0.418790
      1501.00     0.419180
      1502.00     0.419570
      1503.00     0.419960
      1504.00     0.420350
      1505.00     0.421195
      1506.00     0.422040
      1507.00     0.422885
      1508.00     0.423730
      1509.00     0.423730
      1510.00     0.423730
      1511.00     0.423730
      1512.00     0.423730
      1513.00     0.423530
      1514.00     0.423330
      1515.00     0.423130
      1516.00     0.422930
      1517.00     0.423187
      1518.00     0.423445
      1519.00     0.423703
      1520.00     0.423960
      1521.00     0.424417
      1522.00     0.424875
      1523.00     0.425332
      1524.00     0.425790
      1525.00     0.426760
      1526.00     0.427730
      1527.00     0.428700
      1528.00     0.429670
      1529.00     0.429680
      1530.00     0.429690
      1531.00     0.429700
      1532.00     0.429710
      1533.00     0.430303
      1534.00     0.430895
      1535.00     0.431488
      1536.00     0.432080
      1537.00     0.432215
      1538.00     0.432350
      1539.00     0.432485
      1540.00     0.432620
      1541.00     0.433468
      1542.00     0.434315
      1543.00     0.435163
      1544.00     0.436010
      1545.00     0.435800
      1546.00     0.435590
      1547.00     0.435380
      1548.00     0.435170
      1549.00     0.434500
      1550.00     0.433830
      1551.00     0.433160
      1552.00     0.432490
      1553.00     0.432350
      1554.00     0.432210
      1555.00     0.432070
      1556.00     0.431930
      1557.00     0.431805
      1558.00     0.431680
      1559.00     0.431555
      1560.00     0.431430
      1561.00     0.431503
      1562.00     0.431575
      1563.00     0.431648
      1564.00     0.431720
      1565.00     0.432188
      1566.00     0.432655
      1567.00     0.433123
      1568.00     0.433590
      1569.00     0.434570
      1570.00     0.435550
      1571.00     0.436530
      1572.00     0.437510
      1573.00     0.437297
      1574.00     0.437085
      1575.00     0.436872
      1576.00     0.436660
      1577.00     0.435928
      1578.00     0.435195
      1579.00     0.434462
      1580.00     0.433730
      1581.00     0.433670
      1582.00     0.433610
      1583.00     0.433550
      1584.00     0.433490
      1585.00     0.433890
      1586.00     0.434290
      1587.00     0.434690
      1588.00     0.435090
      1589.00     0.435235
      1590.00     0.435380
      1591.00     0.435525
      1592.00     0.435670
      1593.00     0.435010
      1594.00     0.434350
      1595.00     0.433690
      1596.00     0.433030
      1597.00     0.432698
      1598.00     0.432365
      1599.00     0.432032
      1600.00     0.431700
      1601.00     0.431105
      1602.00     0.430510
      1603.00     0.429915
      1604.00     0.429320
      1605.00     0.429575
      1606.00     0.429830
      1607.00     0.430085
      1608.00     0.430340
      1609.00     0.432427
      1610.00     0.434515
      1611.00     0.436603
      1612.00     0.438690
      1613.00     0.438558
      1614.00     0.438425
      1615.00     0.438293
      1616.00     0.438160
      1617.00     0.437435
      1618.00     0.436710
      1619.00     0.435985
      1620.00     0.435260
      1621.00     0.435728
      1622.00     0.436195
      1623.00     0.436662
      1624.00     0.437130
      1625.00     0.437250
      1626.00     0.437370
      1627.00     0.437490
      1628.00     0.437610
      1629.00     0.437210
      1630.00     0.436810
      1631.00     0.436410
      1632.00     0.436010
      1633.00     0.436078
      1634.00     0.436145
      1635.00     0.436212
      1636.00     0.436280
      1637.00     0.437510
      1638.00     0.438740
      1639.00     0.439970
      1640.00     0.441200
      1641.00     0.441255
      1642.00     0.441310
      1643.00     0.441365
      1644.00     0.441420
      1645.00     0.440760
      1646.00     0.440100
      1647.00     0.439440
      1648.00     0.438780
      1649.00     0.438762
      1650.00     0.438745
      1651.00     0.438727
      1652.00     0.438710
      1653.00     0.439417
      1654.00     0.440125
      1655.00     0.440832
      1656.00     0.441540
      1657.00     0.441218
      1658.00     0.440895
      1659.00     0.440573
      1660.00     0.440250
      1661.00     0.439938
      1662.00     0.439625
      1663.00     0.439313
      1664.00     0.439000
      1665.00     0.438210
      1666.00     0.437420
      1667.00     0.436630
      1668.00     0.435840
      1669.00     0.436095
      1670.00     0.436350
      1671.00     0.436605
      1672.00     0.436860
      1673.00     0.437125
      1674.00     0.437390
      1675.00     0.437655
      1676.00     0.437920
      1677.00     0.437910
      1678.00     0.437900
      1679.00     0.437890
      1680.00     0.437880
      1681.00     0.438777
      1682.00     0.439675
      1683.00     0.440573
      1684.00     0.441470
      1685.00     0.441785
      1686.00     0.442100
      1687.00     0.442415
      1688.00     0.442730
      1689.00     0.442297
      1690.00     0.441865
      1691.00     0.441432
      1692.00     0.441000
      1693.00     0.441135
      1694.00     0.441270
      1695.00     0.441405
      1696.00     0.441540
      1697.00     0.442455
      1698.00     0.443370
      1699.00     0.444285
      1700.00     0.445200
      1701.00     0.445375
      1702.00     0.445550
      1703.00     0.445725
      1704.00     0.445900
      1705.00     0.445307
      1706.00     0.444715
      1707.00     0.444122
      1708.00     0.443530
      1709.00     0.443470
      1710.00     0.443410
      1711.00     0.443350
      1712.00     0.443290
      1713.00     0.443485
      1714.00     0.443680
      1715.00     0.443875
      1716.00     0.444070
      1717.00     0.443383
      1718.00     0.442695
      1719.00     0.442008
      1720.00     0.441320
      1721.00     0.441535
      1722.00     0.441750
      1723.00     0.441965
      1724.00     0.442180
      1725.00     0.442502
      1726.00     0.442825
      1727.00     0.443147
      1728.00     0.443470
      1729.00     0.443862
      1730.00     0.444255
      1731.00     0.444648
      1732.00     0.445040
      1733.00     0.444703
      1734.00     0.444365
      1735.00     0.444028
      1736.00     0.443690
      1737.00     0.442885
      1738.00     0.442080
      1739.00     0.441275
      1740.00     0.440470
      1741.00     0.440203
      1742.00     0.439935
      1743.00     0.439667
      1744.00     0.439400
      1745.00     0.439400
      1746.00     0.439400
      1747.00     0.439400
      1748.00     0.439400
      1749.00     0.439222
      1750.00     0.439045
      1751.00     0.438868
      1752.00     0.438690
      1753.00     0.438513
      1754.00     0.438335
      1755.00     0.438157
      1756.00     0.437980
      1757.00     0.438047
      1758.00     0.438115
      1759.00     0.438183
      1760.00     0.438250
      1761.00     0.438955
      1762.00     0.439660
      1763.00     0.440365
      1764.00     0.441070
      1765.00     0.440802
      1766.00     0.440535
      1767.00     0.440268
      1768.00     0.440000
      1769.00     0.439608
      1770.00     0.439215
      1771.00     0.438822
      1772.00     0.438430
      1773.00     0.438230
      1774.00     0.438030
      1775.00     0.437830
      1776.00     0.437630
      1777.00     0.437243
      1778.00     0.436855
      1779.00     0.436467
      1780.00     0.436080
      1781.00     0.436270
      1782.00     0.436460
      1783.00     0.436650
      1784.00     0.436840
      1785.00     0.437215
      1786.00     0.437590
      1787.00     0.437965
      1788.00     0.438340
      1789.00     0.438715
      1790.00     0.439090
      1791.00     0.439465
      1792.00     0.439840
      1793.00     0.438748
      1794.00     0.437655
      1795.00     0.436563
      1796.00     0.435470
      1797.00     0.436560
      1798.00     0.437650
      1799.00     0.438740
      1800.00     0.439830
      1801.00     0.440350
      1802.00     0.440870
      1803.00     0.441390
      1804.00     0.441910
      1805.00     0.442585
      1806.00     0.443260
      1807.00     0.443935
      1808.00     0.444610
      1809.00     0.444948
      1810.00     0.445285
      1811.00     0.445623
      1812.00     0.445960
      1813.00     0.446215
      1814.00     0.446470
      1815.00     0.446725
      1816.00     0.446980
      1817.00     0.446253
      1818.00     0.445525
      1819.00     0.444798
      1820.00     0.444070
      1821.00     0.443413
      1822.00     0.442755
      1823.00     0.442098
      1824.00     0.441440
      1825.00     0.441373
      1826.00     0.441305
      1827.00     0.441238
      1828.00     0.441170
      1829.00     0.440108
      1830.00     0.439045
      1831.00     0.437982
      1832.00     0.436920
      1833.00     0.436038
      1834.00     0.435155
      1835.00     0.434273
      1836.00     0.433390
      1837.00     0.434255
      1838.00     0.435120
      1839.00     0.435985
      1840.00     0.436850
      1841.00     0.438478
      1842.00     0.440105
      1843.00     0.441732
      1844.00     0.443360
      1845.00     0.443667
      1846.00     0.443975
      1847.00     0.444283
      1848.00     0.444590
      1849.00     0.443165
      1850.00     0.441740
      1851.00     0.440315
      1852.00     0.438890
      1853.00     0.438483
      1854.00     0.438075
      1855.00     0.437668
      1856.00     0.437260
      1857.00     0.435353
      1858.00     0.433445
      1859.00     0.431538
      1860.00     0.429630
      1861.00     0.427815
      1862.00     0.426000
      1863.00     0.424185
      1864.00     0.422370
      1865.00     0.421097
      1866.00     0.419825
      1867.00     0.418553
      1868.00     0.417280
      1869.00     0.416513
      1870.00     0.415745
      1871.00     0.414978
      1872.00     0.414210
      1873.00     0.414210
      1874.00     0.414210
      1875.00     0.414210
      1876.00     0.414210
      1877.00     0.412163
      1878.00     0.410115
      1879.00     0.408068
      1880.00     0.406020
      1881.00     0.403733
      1882.00     0.401445
      1883.00     0.399158
      1884.00     0.396870
      1885.00     0.393320
      1886.00     0.389770
      1887.00     0.386220
      1888.00     0.382670
      1889.00     0.379808
      1890.00     0.376945
      1891.00     0.374083
      1892.00     0.371220
      1893.00     0.367930
      1894.00     0.364640
      1895.00     0.361350
      1896.00     0.358060
      1897.00     0.355168
      1898.00     0.352275
      1899.00     0.349382
      1900.00     0.346490
      1901.00     0.345488
      1902.00     0.344485
      1903.00     0.343482
      1904.00     0.342480
      1905.00     0.342165
      1906.00     0.341850
      1907.00     0.341535
      1908.00     0.341220
      1909.00     0.340835
      1910.00     0.340450
      1911.00     0.340065
      1912.00     0.339680
      1913.00     0.339607
      1914.00     0.339535
      1915.00     0.339462
      1916.00     0.339390
      1917.00     0.339475
      1918.00     0.339560
      1919.00     0.339645
      1920.00     0.339730
      1921.00     0.341237
      1922.00     0.342745
      1923.00     0.344252
      1924.00     0.345760
      1925.00     0.346985
      1926.00     0.348210
      1927.00     0.349435
      1928.00     0.350660
      1929.00     0.351403
      1930.00     0.352145
      1931.00     0.352887
      1932.00     0.353630
      1933.00     0.353945
      1934.00     0.354260
      1935.00     0.354575
      1936.00     0.354890
      1937.00     0.355905
      1938.00     0.356920
      1939.00     0.357935
      1940.00     0.358950
      1941.00     0.359620
      1942.00     0.360290
      1943.00     0.360960
      1944.00     0.361630
      1945.00     0.362700
      1946.00     0.363770
      1947.00     0.364840
      1948.00     0.365910
      1949.00     0.366297
      1950.00     0.366685
      1951.00     0.367072
      1952.00     0.367460
      1953.00     0.368415
      1954.00     0.369370
      1955.00     0.370325
      1956.00     0.371280
      1957.00     0.371668
      1958.00     0.372055
      1959.00     0.372442
      1960.00     0.372830
      1961.00     0.373160
      1962.00     0.373490
      1963.00     0.373820
      1964.00     0.374150
      1965.00     0.374055
      1966.00     0.373960
      1967.00     0.373865
      1968.00     0.373770
      1969.00     0.374040
      1970.00     0.374310
      1971.00     0.374580
      1972.00     0.374850
      1973.00     0.375872
      1974.00     0.376895
      1975.00     0.377918
      1976.00     0.378940
      1977.00     0.379748
      1978.00     0.380555
      1979.00     0.381362
      1980.00     0.382170
      1981.00     0.382437
      1982.00     0.382705
      1983.00     0.382973
      1984.00     0.383240
      1985.00     0.383680
      1986.00     0.384120
      1987.00     0.384560
      1988.00     0.385000
      1989.00     0.386012
      1990.00     0.387025
      1991.00     0.388037
      1992.00     0.389050
      1993.00     0.390185
      1994.00     0.391320
      1995.00     0.392455
      1996.00     0.393590
      1997.00     0.393980
      1998.00     0.394370
      1999.00     0.394760
      2000.00     0.395150
      2001.00     0.395593
      2002.00     0.396035
      2003.00     0.396478
      2004.00     0.396920
      2005.00     0.397178
      2006.00     0.397435
      2007.00     0.397693
      2008.00     0.397950
      2009.00     0.398443
      2010.00     0.398935
      2011.00     0.399427
      2012.00     0.399920
      2013.00     0.400662
      2014.00     0.401405
      2015.00     0.402148
      2016.00     0.402890
      2017.00     0.403263
      2018.00     0.403635
      2019.00     0.404007
      2020.00     0.404380
      2021.00     0.405060
      2022.00     0.405740
      2023.00     0.406420
      2024.00     0.407100
      2025.00     0.407895
      2026.00     0.408690
      2027.00     0.409485
      2028.00     0.410280
      2029.00     0.410347
      2030.00     0.410415
      2031.00     0.410482
      2032.00     0.410550
      2033.00     0.410797
      2034.00     0.411045
      2035.00     0.411292
      2036.00     0.411540
      2037.00     0.411115
      2038.00     0.410690
      2039.00     0.410265
      2040.00     0.409840
      2041.00     0.410210
      2042.00     0.410580
      2043.00     0.410950
      2044.00     0.411320
      2045.00     0.412298
      2046.00     0.413275
      2047.00     0.414253
      2048.00     0.415230
      2049.00     0.415293
      2050.00     0.415355
      2051.00     0.415417
      2052.00     0.415480
      2053.00     0.415908
      2054.00     0.416335
      2055.00     0.416763
      2056.00     0.417190
      2057.00     0.417860
      2058.00     0.418530
      2059.00     0.419200
      2060.00     0.419870
      2061.00     0.419562
      2062.00     0.419255
      2063.00     0.418947
      2064.00     0.418640
      2065.00     0.418152
      2066.00     0.417665
      2067.00     0.417177
      2068.00     0.416690
      2069.00     0.416810
      2070.00     0.416930
      2071.00     0.417050
      2072.00     0.417170
      2073.00     0.417785
      2074.00     0.418400
      2075.00     0.419015
      2076.00     0.419630
      2077.00     0.419350
      2078.00     0.419070
      2079.00     0.418790
      2080.00     0.419237
      2081.00     0.419901
      2082.00     0.419800
      2083.00     0.419474
      2084.00     0.419113
      2085.00     0.418900
      2086.00     0.418932
      2087.00     0.419140
      2088.00     0.419355
      2089.00     0.419452
      2090.00     0.419340
      2091.00     0.419043
      2092.00     0.418677
      2093.00     0.418358
      2094.00     0.418280
      2095.00     0.418464
      2096.00     0.418889
      2097.00     0.419479
      2098.00     0.419990
      2099.00     0.420348
      2100.00     0.420476
      2101.00     0.420376
      2102.00     0.420093
      2103.00     0.419623
      2104.00     0.419080
      2105.00     0.418430
      2106.00     0.417834
      2107.00     0.417334
      2108.00     0.417013
      2109.00     0.416898
      2110.00     0.416960
      2111.00     0.417173
      2112.00     0.417476
      2113.00     0.417887
      2114.00     0.418353
      2115.00     0.418911
      2116.00     0.419410
      2117.00     0.419771
      2118.00     0.419860
      2119.00     0.419685
      2120.00     0.419263
      2121.00     0.418723
      2122.00     0.418100
      2123.00     0.417638
      2124.00     0.417353
      2125.00     0.417283
      2126.00     0.417431
      2127.00     0.417720
      2128.00     0.418100
      2129.00     0.418420
      2130.00     0.418607
      2131.00     0.418650
      2132.00     0.418567
      2133.00     0.418422
      2134.00     0.418267
      2135.00     0.418134
      2136.00     0.418060
      2137.00     0.418064
      2138.00     0.418116
      2139.00     0.418200
      2140.00     0.418305
      2141.00     0.418383
      2142.00     0.418408
      2143.00     0.418339
      2144.00     0.418140
      2145.00     0.417770
      2146.00     0.417233
      2147.00     0.416549
      2148.00     0.415888
      2149.00     0.415303
      2150.00     0.414876
      2151.00     0.414649
      2152.00     0.414600
      2153.00     0.414656
      2154.00     0.414700
      2155.00     0.414677
      2156.00     0.414572
      2157.00     0.414417
      2158.00     0.414263
      2159.00     0.414150
      2160.00     0.414077
      2161.00     0.413990
      2162.00     0.413810
      2163.00     0.413486
      2164.00     0.413033
      2165.00     0.412498
      2166.00     0.411959
      2167.00     0.411490
      2168.00     0.411134
      2169.00     0.410901
      2170.00     0.410770
      2171.00     0.410720
      2172.00     0.410731
      2173.00     0.410790
      2174.00     0.410854
      2175.00     0.410886
      2176.00     0.410819
      2177.00     0.410610
      2178.00     0.410250
      2179.00     0.409797
      2180.00     0.409330
      2181.00     0.408970
      2182.00     0.408666
      2183.00     0.408419
      2184.00     0.408140
      2185.00     0.407776
      2186.00     0.407294
      2187.00     0.406656
      2188.00     0.405953
      2189.00     0.405313
      2190.00     0.404718
      2191.00     0.404200
      2192.00     0.403750
      2193.00     0.403370
      2194.00     0.402944
      2195.00     0.402484
      2196.00     0.402012
      2197.00     0.401527
      2198.00     0.400960
      2199.00     0.400355
      2200.00     0.399667
      2201.00     0.398840
      2202.00     0.397964
      2203.00     0.396969
      2204.00     0.395871
      2205.00     0.394860
      2206.00     0.393800
      2207.00     0.392940
      2208.00     0.392186
      2209.00     0.391702
      2210.00     0.391512
      2211.00     0.391583
      2212.00     0.391843
      2213.00     0.392230
      2214.00     0.392634
      2215.00     0.392980
      2216.00     0.393203
      2217.00     0.393283
      2218.00     0.393227
      2219.00     0.393068
      2220.00     0.392894
      2221.00     0.392753
      2222.00     0.392713
      2223.00     0.392818
      2224.00     0.393070
      2225.00     0.393420
      2226.00     0.393834
      2227.00     0.394170
      2228.00     0.394442
      2229.00     0.394592
      2230.00     0.394685
      2231.00     0.394738
      2232.00     0.394797
      2233.00     0.394850
      2234.00     0.394876
      2235.00     0.394815
      2236.00     0.394650
      2237.00     0.394362
      2238.00     0.393974
      2239.00     0.393534
      2240.00     0.393050
      2241.00     0.392599
      2242.00     0.392204
      2243.00     0.391852
      2244.00     0.391517
      2245.00     0.391234
      2246.00     0.390980
      2247.00     0.390717
      2248.00     0.390483
      2249.00     0.390253
      2250.00     0.390050
      2251.00     0.389860
      2252.00     0.389760
      2253.00     0.389750
      2254.00     0.389870
      2255.00     0.390100
      2256.00     0.390441
      2257.00     0.390748
      2258.00     0.391021
      2259.00     0.391225
      2260.00     0.391377
      2261.00     0.391557
      2262.00     0.391850
      2263.00     0.392282
      2264.00     0.392864
      2265.00     0.393534
      2266.00     0.394176
      2267.00     0.394656
      2268.00     0.394878
      2269.00     0.394814
      2270.00     0.394502
      2271.00     0.394052
      2272.00     0.393578
      2273.00     0.393194
      2274.00     0.392941
      2275.00     0.392831
      2276.00     0.392810
      2277.00     0.392795
      2278.00     0.392718
      2279.00     0.392546
      2280.00     0.392274
      2281.00     0.391880
      2282.00     0.391420
      2283.00     0.390914
      2284.00     0.390380
      2285.00     0.389826
      2286.00     0.389252
      2287.00     0.388658
      2288.00     0.388048
      2289.00     0.387442
      2290.00     0.386860
      2291.00     0.386322
      2292.00     0.385854
      2293.00     0.385473
      2294.00     0.385107
      2295.00     0.384780
      2296.00     0.384482
      2297.00     0.384201
      2298.00     0.383914
      2299.00     0.383650
      2300.00     0.383330
      2301.00     0.382990
      2302.00     0.382620
      2303.00     0.382250
      2304.00     0.381923
      2305.00     0.381602
      2306.00     0.381327
      2307.00     0.381075
      2308.00     0.380845
      2309.00     0.380568
      2310.00     0.380214
      2311.00     0.379805
      2312.00     0.379295
      2313.00     0.378731
      2314.00     0.378223
      2315.00     0.377784
      2316.00     0.377470
      2317.00     0.377310
      2318.00     0.377255
      2319.00     0.377250
      2320.00     0.377209
      2321.00     0.377060
      2322.00     0.376742
      2323.00     0.376279
      2324.00     0.375706
      2325.00     0.375034
      2326.00     0.374372
      2327.00     0.373704
      2328.00     0.373121
      2329.00     0.372541
      2330.00     0.372050
      2331.00     0.371550
      2332.00     0.371132
      2333.00     0.370721
      2334.00     0.370410
      2335.00     0.370158
      2336.00     0.370008
      2337.00     0.369928
      2338.00     0.369897
      2339.00     0.369872
      2340.00     0.369811
      2341.00     0.369700
      2342.00     0.369539
      2343.00     0.369350
      2344.00     0.369165
      2345.00     0.369020
      2346.00     0.368930
      2347.00     0.368895
      2348.00     0.368924
      2349.00     0.368960
      2350.00     0.369000
      2351.00     0.368991
      2352.00     0.368933
      2353.00     0.368832
      2354.00     0.368708
      2355.00     0.368606
      2356.00     0.368552
      2357.00     0.368584
      2358.00     0.368706
      2359.00     0.368908
      2360.00     0.369173
      2361.00     0.369472
      2362.00     0.369732
      2363.00     0.369933
      2364.00     0.370060
      2365.00     0.370090
      2366.00     0.370045
      2367.00     0.369958
      2368.00     0.369860
      2369.00     0.369766
      2370.00     0.369688
      2371.00     0.369622
      2372.00     0.369549
      2373.00     0.369449
      2374.00     0.369305
      2375.00     0.369113
      2376.00     0.368872
      2377.00     0.368590
      2378.00     0.368308
      2379.00     0.368019
      2380.00     0.367785
      2381.00     0.367609
      2382.00     0.367496
      2383.00     0.367444
      2384.00     0.367439
      2385.00     0.367468
      2386.00     0.367505
      2387.00     0.367515
      2388.00     0.367479
      2389.00     0.367370
      2390.00     0.367206
      2391.00     0.367018
      2392.00     0.366835
      2393.00     0.366685
      2394.00     0.366581
      2395.00     0.366513
      2396.00     0.366458
      2397.00     0.366397
      2398.00     0.366316
      2399.00     0.366180
      2400.00     0.365998
      2401.00     0.365792
      2402.00     0.365590
      2403.00     0.365403
      2404.00     0.365237
      2405.00     0.365087
      2406.00     0.364947
      2407.00     0.364802
      2408.00     0.364605
      2409.00     0.364360
      2410.00     0.364024
      2411.00     0.363622
      2412.00     0.363207
      2413.00     0.362751
      2414.00     0.362269
      2415.00     0.361805
      2416.00     0.361390
      2417.00     0.361024
      2418.00     0.360670
      2419.00     0.360352
      2420.00     0.360058
      2421.00     0.359793
      2422.00     0.359532
      2423.00     0.359277
      2424.00     0.359040
      2425.00     0.358809
      2426.00     0.358552
      2427.00     0.358270
      2428.00     0.357945
      2429.00     0.357524
      2430.00     0.357034
      2431.00     0.356448
      2432.00     0.355763
      2433.00     0.355060
      2434.00     0.354392
      2435.00     0.353710
      2436.00     0.353168
      2437.00     0.352675
      2438.00     0.352279
      2439.00     0.351936
      2440.00     0.351630
      2441.00     0.351350
      2442.00     0.351052
      2443.00     0.350778
      2444.00     0.350472
      2445.00     0.350183
      2446.00     0.349885
      2447.00     0.349584
      2448.00     0.349285
      2449.00     0.348967
      2450.00     0.348650
      2451.00     0.348305
      2452.00     0.348000
      2453.00     0.347717
      2454.00     0.347448
      2455.00     0.347207
      2456.00     0.346993
      2457.00     0.346755
      2458.00     0.346505
      2459.00     0.346210
      2460.00     0.345846
      2461.00     0.345445
      2462.00     0.345033
      2463.00     0.344618
      2464.00     0.344210
      2465.00     0.343801
      2466.00     0.343445
      2467.00     0.343112
      2468.00     0.342777
      2469.00     0.342440
      2470.00     0.342117
      2471.00     0.341800
      2472.00     0.341483
      2473.00     0.341180
      2474.00     0.340880
      2475.00     0.340601
      2476.00     0.340340
      2477.00     0.340072
      2478.00     0.339788
      2479.00     0.339475
      2480.00     0.339123
      2481.00     0.338726
      2482.00     0.338307
      2483.00     0.337898
      2484.00     0.337490
      2485.00     0.337098
      2486.00     0.336727
      2487.00     0.336370
      2488.00     0.336030
      2489.00     0.335707
      2490.00     0.335390
      2491.00     0.335107
      2492.00     0.334837
      2493.00     0.334590
      2494.00     0.334357
      2495.00     0.334123
      2496.00     0.333890
      2497.00     0.333632
      2498.00     0.333340
      2499.00     0.333005
      2500.00     0.332630
