      400.000    0.0356770
      401.000    0.0379130
      402.000    0.0388400
      403.000    0.0410500
      404.000    0.0410440
      405.000    0.0410650
      406.000    0.0411020
      407.000    0.0472390
      408.000    0.0481080
      409.000    0.0472320
      410.000    0.0472360
      411.000    0.0481080
      412.000    0.0489670
      413.000    0.0489630
      414.000    0.0507170
      415.000    0.0515880
      416.000    0.0515650
      417.000    0.0524410
      418.000    0.0543100
      419.000    0.0560740
      420.000    0.0561780
      421.000    0.0561130
      422.000    0.0579460
      423.000    0.0578240
      424.000    0.0590700
      425.000    0.0598920
      426.000    0.0598570
      427.000    0.0621630
      428.000    0.0621830
      429.000    0.0638730
      430.000    0.0638730
      431.000    0.0639160
      432.000    0.0627180
      433.000    0.0642990
      434.000    0.0655250
      435.000    0.0655000
      436.000    0.0688890
      437.000    0.0701450
      438.000    0.0702040
      439.000    0.0709770
      440.000    0.0724160
      441.000    0.0730870
      442.000    0.0728910
      443.000    0.0726960
      444.000    0.0752980
      445.000    0.0756410
      446.000    0.0771370
      447.000    0.0778000
      448.000    0.0809530
      449.000    0.0794070
      450.000    0.0799060
      451.000    0.0790240
      452.000    0.0808050
      453.000    0.0844490
      454.000    0.0849840
      455.000    0.0874750
      456.000    0.0876180
      457.000    0.0878560
      458.000    0.0863100
      459.000    0.0885600
      460.000    0.0884000
      461.000    0.0898070
      462.000    0.0913110
      463.000    0.0912590
      464.000    0.0890030
      465.000    0.0919500
      466.000    0.0918440
      467.000    0.0919500
      468.000    0.0926890
      469.000    0.0953450
      470.000    0.0955130
      471.000    0.0955690
      472.000    0.0952900
      473.000    0.0952340
      474.000    0.0970960
      475.000    0.0987910
      476.000    0.0987910
      477.000    0.0953450
      478.000    0.0997280
      479.000    0.0996670
      480.000     0.100569
      481.000     0.101086
      482.000     0.101803
      483.000     0.101865
      484.000     0.102516
      485.000     0.103810
      486.000     0.103682
      487.000     0.106008
      488.000     0.104974
      489.000     0.108463
      490.000     0.108956
      491.000     0.106831
      492.000     0.108871
      493.000     0.108871
      494.000     0.109620
      495.000     0.110981
      496.000     0.110704
      497.000     0.112683
      498.000     0.112825
      499.000     0.112612
      500.000     0.115331
      501.000     0.116235
      502.000     0.117898
      503.000     0.117227
      504.000     0.119340
      505.000     0.119037
      506.000     0.120473
      507.000     0.120549
      508.000     0.120780
      509.000     0.120551
      510.000     0.120627
      511.000     0.124803
      512.000     0.125102
      513.000     0.125261
      514.000     0.124485
      515.000     0.125931
      516.000     0.126815
      517.000     0.128098
      518.000     0.128017
      519.000     0.130417
      520.000     0.130999
      521.000     0.132455
      522.000     0.131949
      523.000     0.134707
      524.000     0.134602
      525.000     0.134090
      526.000     0.134189
      527.000     0.136077
      528.000     0.137360
      529.000     0.138104
      530.000     0.139297
      531.000     0.140488
      532.000     0.143313
      533.000     0.143313
      534.000     0.143589
      535.000     0.146434
      536.000     0.147718
      537.000     0.150747
      538.000     0.150747
      539.000     0.151834
      540.000     0.151049
      541.000     0.152325
      542.000     0.153347
      543.000     0.155320
      544.000     0.157737
      545.000     0.158707
      546.000     0.161573
      547.000     0.162327
      548.000     0.161564
      549.000     0.165298
      550.000     0.164875
      551.000     0.165489
      552.000     0.166226
      553.000     0.169356
      554.000     0.168621
      555.000     0.171115
      556.000     0.173395
      557.000     0.173301
      558.000     0.174167
      559.000     0.181239
      560.000     0.184836
      561.000     0.187158
      562.000     0.188928
      563.000     0.191270
      564.000     0.191852
      565.000     0.195155
      566.000     0.192849
      567.000     0.194466
      568.000     0.195704
      569.000     0.199487
      570.000     0.200595
      571.000     0.202782
      572.000     0.204469
      573.000     0.207601
      574.000     0.209392
      575.000     0.210368
      576.000     0.210368
      577.000     0.213744
      578.000     0.215338
      579.000     0.217830
      580.000     0.213269
      581.000     0.216521
      582.000     0.219331
      583.000     0.220210
      584.000     0.219185
      585.000     0.223159
      586.000     0.222269
      587.000     0.223889
      588.000     0.226384
      589.000     0.228347
      590.000     0.228652
      591.000     0.229950
      592.000     0.229797
      593.000     0.229633
      594.000     0.231571
      595.000     0.234070
      596.000     0.233998
      597.000     0.233998
      598.000     0.236024
      599.000     0.235023
      600.000     0.236252
      601.000     0.236006
      602.000     0.237523
      603.000     0.239648
      604.000     0.237882
      605.000     0.239382
      606.000     0.240973
      607.000     0.241946
      608.000     0.241790
      609.000     0.244405
      610.000     0.242761
      611.000     0.244200
      612.000     0.246625
      613.000     0.248369
      614.000     0.249678
      615.000     0.248850
      616.000     0.250298
      617.000     0.251749
      618.000     0.253037
      619.000     0.254693
      620.000     0.257446
      621.000     0.256277
      622.000     0.256076
      623.000     0.257195
      624.000     0.256572
      625.000     0.258185
      626.000     0.258801
      627.000     0.259929
      628.000     0.259480
      629.000     0.261445
      630.000     0.265553
      631.000     0.266072
      632.000     0.264028
      633.000     0.266440
      634.000     0.266785
      635.000     0.268077
      636.000     0.266867
      637.000     0.268230
      638.000     0.269984
      639.000     0.267029
      640.000     0.264816
      641.000     0.267714
      642.000     0.268575
      643.000     0.269441
      644.000     0.270903
      645.000     0.269667
      646.000     0.270271
      647.000     0.272073
      648.000     0.272423
      649.000     0.271713
      650.000     0.275740
      651.000     0.276984
      652.000     0.278809
      653.000     0.277163
      654.000     0.277912
      655.000     0.280823
      656.000     0.286175
      657.000     0.284885
      658.000     0.283598
      659.000     0.279367
      660.000     0.280145
      661.000     0.278729
      662.000     0.281975
      663.000     0.279081
      664.000     0.279081
      665.000     0.283605
      666.000     0.284698
      667.000     0.287089
      668.000     0.286355
      669.000     0.286722
      670.000     0.286538
      671.000     0.286355
      672.000     0.285459
      673.000     0.285459
      674.000     0.286735
      675.000     0.289281
      676.000     0.291118
      677.000     0.291840
      678.000     0.290019
      679.000     0.293134
      680.000     0.296072
      681.000     0.296072
      682.000     0.294574
      683.000     0.293831
      684.000     0.294732
      685.000     0.296190
      686.000     0.296939
      687.000     0.296038
      688.000     0.297127
      689.000     0.294479
      690.000     0.299680
      691.000     0.299491
      692.000     0.300956
      693.000     0.301280
      694.000     0.300008
      695.000     0.300766
      696.000     0.300711
      697.000     0.302163
      698.000     0.304491
      699.000     0.304116
      700.000     0.304305
      701.000     0.304116
      702.000     0.303927
      703.000     0.304989
      704.000     0.304422
      705.000     0.306919
      706.000     0.307977
      707.000     0.307977
      708.000     0.309514
      709.000     0.310666
      710.000     0.313747
      711.000     0.312582
      712.000     0.311810
      713.000     0.312665
      714.000     0.313524
      715.000     0.314880
      716.000     0.315465
      717.000     0.316987
      718.000     0.315739
      719.000     0.315739
      720.000     0.315151
      721.000     0.316588
      722.000     0.318693
      723.000     0.317175
      724.000     0.320118
      725.000     0.318938
      726.000     0.321610
      727.000     0.321858
      728.000     0.322451
      729.000     0.322056
      730.000     0.321808
      731.000     0.320922
      732.000     0.321808
      733.000     0.322302
      734.000     0.325185
      735.000     0.324188
      736.000     0.324757
      737.000     0.325428
      738.000     0.326027
      739.000     0.325256
      740.000     0.325796
      741.000     0.327105
      742.000     0.329377
      743.000     0.330007
      744.000     0.329605
      745.000     0.330768
      746.000     0.331646
      747.000     0.332408
      748.000     0.334052
      749.000     0.336849
      750.000     0.334524
      751.000     0.333492
      752.000     0.333084
      753.000     0.333760
      754.000     0.333353
      755.000     0.334599
      756.000     0.336034
      757.000     0.335830
      758.000     0.335830
      759.000     0.335479
      760.000     0.335693
      761.000     0.336921
      762.000     0.336100
      763.000     0.338765
      764.000     0.337880
      765.000     0.337125
      766.000     0.339583
      767.000     0.342190
      768.000     0.341553
      769.000     0.341615
      770.000     0.341009
      771.000     0.341215
      772.000     0.341628
      773.000     0.340400
      774.000     0.341628
      775.000     0.344291
      776.000     0.347589
      777.000     0.345545
      778.000     0.343478
      779.000     0.346538
      780.000     0.347012
      781.000     0.347221
      782.000     0.347012
      783.000     0.345367
      784.000     0.347555
      785.000     0.347191
      786.000     0.348294
      787.000     0.348239
      788.000     0.348450
      789.000     0.347486
      790.000     0.347695
      791.000     0.347666
      792.000     0.351168
      793.000     0.350324
      794.000     0.349694
      795.000     0.351775
      796.000     0.350706
      797.000     0.352203
      798.000     0.349344
      799.000     0.349329
      800.000     0.354248
      801.000     0.354181
      802.000     0.354114
      803.000     0.354047
      804.000     0.353980
      805.000     0.353601
      806.000     0.353223
      807.000     0.352845
      808.000     0.352466
      809.000     0.352415
      810.000     0.352365
      811.000     0.352314
      812.000     0.352263
      813.000     0.352467
      814.000     0.352670
      815.000     0.352874
      816.000     0.353078
      817.000     0.353628
      818.000     0.354177
      819.000     0.354727
      820.000     0.355277
      821.000     0.355329
      822.000     0.355380
      823.000     0.355431
      824.000     0.355483
      825.000     0.355638
      826.000     0.355793
      827.000     0.355948
      828.000     0.356103
      829.000     0.355809
      830.000     0.355515
      831.000     0.355221
      832.000     0.354927
      833.000     0.354927
      834.000     0.354927
      835.000     0.354927
      836.000     0.354927
      837.000     0.355527
      838.000     0.356128
      839.000     0.356728
      840.000     0.357328
      841.000     0.357944
      842.000     0.358560
      843.000     0.359176
      844.000     0.359792
      845.000     0.360009
      846.000     0.360227
      847.000     0.360445
      848.000     0.360662
      849.000     0.360218
      850.000     0.359774
      851.000     0.359329
      852.000     0.358885
      853.000     0.359033
      854.000     0.359181
      855.000     0.359330
      856.000     0.359478
      857.000     0.359613
      858.000     0.359747
      859.000     0.359882
      860.000     0.360017
      861.000     0.360644
      862.000     0.361270
      863.000     0.361897
      864.000     0.362524
      865.000     0.362599
      866.000     0.362674
      867.000     0.362749
      868.000     0.362824
      869.000     0.362701
      870.000     0.362579
      871.000     0.362456
      872.000     0.362333
      873.000     0.362447
      874.000     0.362561
      875.000     0.362675
      876.000     0.362789
      877.000     0.362988
      878.000     0.363186
      879.000     0.363385
      880.000     0.363584
      881.000     0.364093
      882.000     0.364603
      883.000     0.365112
      884.000     0.365621
      885.000     0.365492
      886.000     0.365364
      887.000     0.365235
      888.000     0.365106
      889.000     0.364825
      890.000     0.364543
      891.000     0.364262
      892.000     0.363981
      893.000     0.364280
      894.000     0.364580
      895.000     0.364879
      896.000     0.365179
      897.000     0.366008
      898.000     0.366838
      899.000     0.367667
      900.000     0.368497
      901.000     0.368240
      902.000     0.367984
      903.000     0.367727
      904.000     0.367470
      905.000     0.367564
      906.000     0.367657
      907.000     0.367751
      908.000     0.367844
      909.000     0.368178
      910.000     0.368512
      911.000     0.368846
      912.000     0.369180
      913.000     0.369027
      914.000     0.368874
      915.000     0.368722
      916.000     0.368569
      917.000     0.368393
      918.000     0.368217
      919.000     0.368040
      920.000     0.367864
      921.000     0.369279
      922.000     0.370695
      923.000     0.372110
      924.000     0.373525
      925.000     0.373650
      926.000     0.373774
      927.000     0.373899
      928.000     0.374023
      929.000     0.374299
      930.000     0.374575
      931.000     0.374851
      932.000     0.375127
      933.000     0.375179
      934.000     0.375231
      935.000     0.375283
      936.000     0.375335
      937.000     0.375999
      938.000     0.376662
      939.000     0.377326
      940.000     0.377990
      941.000     0.378341
      942.000     0.378693
      943.000     0.379045
      944.000     0.379396
      945.000     0.379854
      946.000     0.380311
      947.000     0.380769
      948.000     0.381227
      949.000     0.380679
      950.000     0.380131
      951.000     0.379583
      952.000     0.379035
      953.000     0.379771
      954.000     0.380507
      955.000     0.381243
      956.000     0.381979
      957.000     0.381889
      958.000     0.381799
      959.000     0.381708
      960.000     0.381618
      961.000     0.381618
      962.000     0.381618
      963.000     0.381618
      964.000     0.381618
      965.000     0.381933
      966.000     0.382248
      967.000     0.382562
      968.000     0.382877
      969.000     0.383273
      970.000     0.383670
      971.000     0.384067
      972.000     0.384463
      973.000     0.384463
      974.000     0.384463
      975.000     0.384463
      976.000     0.384463
      977.000     0.384971
      978.000     0.385478
      979.000     0.385985
      980.000     0.386493
      981.000     0.386660
      982.000     0.386826
      983.000     0.386992
      984.000     0.387159
      985.000     0.388071
      986.000     0.388983
      987.000     0.389894
      988.000     0.390806
      989.000     0.389315
      990.000     0.387823
      991.000     0.386331
      992.000     0.384840
      993.000     0.386761
      994.000     0.388681
      995.000     0.390602
      996.000     0.392522
      997.000     0.392967
      998.000     0.393412
      999.000     0.393856
      1000.00     0.394301
      1001.00     0.393682
      1002.00     0.393062
      1003.00     0.392443
      1004.00     0.391824
      1005.00     0.392602
      1006.00     0.393380
      1007.00     0.394157
      1008.00     0.394935
      1009.00     0.395634
      1010.00     0.396333
      1011.00     0.397032
      1012.00     0.397731
      1013.00     0.398004
      1014.00     0.398277
      1015.00     0.398550
      1016.00     0.398823
      1017.00     0.398801
      1018.00     0.398779
      1019.00     0.398756
      1020.00     0.398734
      1021.00     0.398701
      1022.00     0.398668
      1023.00     0.398636
      1024.00     0.398603
      1025.00     0.399027
      1026.00     0.399450
      1027.00     0.399873
      1028.00     0.400297
      1029.00     0.399808
      1030.00     0.399319
      1031.00     0.398830
      1032.00     0.398341
      1033.00     0.398279
      1034.00     0.398216
      1035.00     0.398154
      1036.00     0.398092
      1037.00     0.398330
      1038.00     0.398567
      1039.00     0.398805
      1040.00     0.399043
      1041.00     0.399681
      1042.00     0.400319
      1043.00     0.400958
      1044.00     0.401596
      1045.00     0.401379
      1046.00     0.401161
      1047.00     0.400944
      1048.00     0.400727
      1049.00     0.401389
      1050.00     0.402051
      1051.00     0.402713
      1052.00     0.403375
      1053.00     0.403917
      1054.00     0.404458
      1055.00     0.404999
      1056.00     0.405541
      1057.00     0.405728
      1058.00     0.405915
      1059.00     0.406102
      1060.00     0.406289
      1061.00     0.406124
      1062.00     0.405959
      1063.00     0.405794
      1064.00     0.405629
      1065.00     0.405844
      1066.00     0.406060
      1067.00     0.406275
      1068.00     0.406490
      1069.00     0.405929
      1070.00     0.405367
      1071.00     0.404806
      1072.00     0.404245
      1073.00     0.404153
      1074.00     0.404061
      1075.00     0.403969
      1076.00     0.403877
      1077.00     0.403714
      1078.00     0.403551
      1079.00     0.403387
      1080.00     0.403224
      1081.00     0.404128
      1082.00     0.405032
      1083.00     0.405935
      1084.00     0.406839
      1085.00     0.406651
      1086.00     0.406462
      1087.00     0.406274
      1088.00     0.406086
      1089.00     0.406554
      1090.00     0.407021
      1091.00     0.407489
      1092.00     0.407957
      1093.00     0.408719
      1094.00     0.409481
      1095.00     0.410243
      1096.00     0.411005
      1097.00     0.411174
      1098.00     0.411343
      1099.00     0.411512
      1100.00     0.411681
      1101.00     0.411068
      1102.00     0.410456
      1103.00     0.409844
      1104.00     0.409231
      1105.00     0.409411
      1106.00     0.409591
      1107.00     0.409772
      1108.00     0.409952
      1109.00     0.410352
      1110.00     0.410751
      1111.00     0.411150
      1112.00     0.411550
      1113.00     0.411839
      1114.00     0.412127
      1115.00     0.412416
      1116.00     0.412705
      1117.00     0.413153
      1118.00     0.413601
      1119.00     0.414048
      1120.00     0.414496
      1121.00     0.414681
      1122.00     0.414867
      1123.00     0.415053
      1124.00     0.415238
      1125.00     0.415014
      1126.00     0.414791
      1127.00     0.414567
      1128.00     0.414343
      1129.00     0.414687
      1130.00     0.415031
      1131.00     0.415375
      1132.00     0.415719
      1133.00     0.415671
      1134.00     0.415623
      1135.00     0.415575
      1136.00     0.415527
      1137.00     0.415580
      1138.00     0.415633
      1139.00     0.415687
      1140.00     0.415740
      1141.00     0.415621
      1142.00     0.415501
      1143.00     0.415381
      1144.00     0.415262
      1145.00     0.415259
      1146.00     0.415257
      1147.00     0.415254
      1148.00     0.415251
      1149.00     0.415269
      1150.00     0.415287
      1151.00     0.415305
      1152.00     0.415323
      1153.00     0.415567
      1154.00     0.415810
      1155.00     0.416053
      1156.00     0.416297
      1157.00     0.416581
      1158.00     0.416864
      1159.00     0.417148
      1160.00     0.417432
      1161.00     0.417738
      1162.00     0.418045
      1163.00     0.418351
      1164.00     0.418658
      1165.00     0.418829
      1166.00     0.419001
      1167.00     0.419172
      1168.00     0.419343
      1169.00     0.419398
      1170.00     0.419454
      1171.00     0.419510
      1172.00     0.419565
      1173.00     0.419338
      1174.00     0.419111
      1175.00     0.418885
      1176.00     0.418658
      1177.00     0.419088
      1178.00     0.419519
      1179.00     0.419950
      1180.00     0.420380
      1181.00     0.420492
      1182.00     0.420604
      1183.00     0.420716
      1184.00     0.420828
      1185.00     0.421157
      1186.00     0.421485
      1187.00     0.421814
      1188.00     0.422143
      1189.00     0.422360
      1190.00     0.422578
      1191.00     0.422795
      1192.00     0.423012
      1193.00     0.422916
      1194.00     0.422819
      1195.00     0.422723
      1196.00     0.422627
      1197.00     0.423007
      1198.00     0.423387
      1199.00     0.423766
      1200.00     0.424146
      1201.00     0.423691
      1202.00     0.423235
      1203.00     0.422780
      1204.00     0.422325
      1205.00     0.423161
      1206.00     0.423997
      1207.00     0.424833
      1208.00     0.425669
      1209.00     0.426123
      1210.00     0.426577
      1211.00     0.427031
      1212.00     0.427485
      1213.00     0.428000
      1214.00     0.428515
      1215.00     0.429030
      1216.00     0.429545
      1217.00     0.429264
      1218.00     0.428983
      1219.00     0.428702
      1220.00     0.428421
      1221.00     0.427794
      1222.00     0.427167
      1223.00     0.426541
      1224.00     0.425914
      1225.00     0.425570
      1226.00     0.425227
      1227.00     0.424883
      1228.00     0.424539
      1229.00     0.424940
      1230.00     0.425341
      1231.00     0.425743
      1232.00     0.426144
      1233.00     0.426887
      1234.00     0.427630
      1235.00     0.428373
      1236.00     0.429116
      1237.00     0.429571
      1238.00     0.430027
      1239.00     0.430483
      1240.00     0.430938
      1241.00     0.431055
      1242.00     0.431171
      1243.00     0.431287
      1244.00     0.431404
      1245.00     0.432186
      1246.00     0.432967
      1247.00     0.433748
      1248.00     0.434530
      1249.00     0.434359
      1250.00     0.434188
      1251.00     0.434017
      1252.00     0.433846
      1253.00     0.432921
      1254.00     0.431996
      1255.00     0.431071
      1256.00     0.430146
      1257.00     0.429577
      1258.00     0.429008
      1259.00     0.428440
      1260.00     0.427871
      1261.00     0.427936
      1262.00     0.428001
      1263.00     0.428066
      1264.00     0.428131
      1265.00     0.428635
      1266.00     0.429138
      1267.00     0.429642
      1268.00     0.430146
      1269.00     0.430818
      1270.00     0.431489
      1271.00     0.432161
      1272.00     0.432833
      1273.00     0.432671
      1274.00     0.432510
      1275.00     0.432348
      1276.00     0.432187
      1277.00     0.432006
      1278.00     0.431825
      1279.00     0.431643
      1280.00     0.431462
      1281.00     0.430784
      1282.00     0.430107
      1283.00     0.429429
      1284.00     0.428752
      1285.00     0.429171
      1286.00     0.429590
      1287.00     0.430010
      1288.00     0.430429
      1289.00     0.430826
      1290.00     0.431222
      1291.00     0.431619
      1292.00     0.432015
      1293.00     0.432131
      1294.00     0.432247
      1295.00     0.432363
      1296.00     0.432479
      1297.00     0.432586
      1298.00     0.432693
      1299.00     0.432800
      1300.00     0.432907
      1301.00     0.433407
      1302.00     0.433906
      1303.00     0.434406
      1304.00     0.434905
      1305.00     0.435003
      1306.00     0.435100
      1307.00     0.435198
      1308.00     0.435295
      1309.00     0.435678
      1310.00     0.436061
      1311.00     0.436444
      1312.00     0.436827
      1313.00     0.436435
      1314.00     0.436042
      1315.00     0.435649
      1316.00     0.435257
      1317.00     0.435419
      1318.00     0.435582
      1319.00     0.435744
      1320.00     0.435907
      1321.00     0.435888
      1322.00     0.435869
      1323.00     0.435850
      1324.00     0.435831
      1325.00     0.435831
      1326.00     0.435831
      1327.00     0.435831
      1328.00     0.435831
      1329.00     0.436174
      1330.00     0.436516
      1331.00     0.436859
      1332.00     0.437202
      1333.00     0.437525
      1334.00     0.437847
      1335.00     0.438170
      1336.00     0.438493
      1337.00     0.438024
      1338.00     0.437555
      1339.00     0.437086
      1340.00     0.436617
      1341.00     0.437032
      1342.00     0.437448
      1343.00     0.437863
      1344.00     0.438278
      1345.00     0.437390
      1346.00     0.436502
      1347.00     0.435613
      1348.00     0.434725
      1349.00     0.434851
      1350.00     0.434977
      1351.00     0.435104
      1352.00     0.435230
      1353.00     0.435223
      1354.00     0.435215
      1355.00     0.435208
      1356.00     0.435201
      1357.00     0.435026
      1358.00     0.434851
      1359.00     0.434675
      1360.00     0.434500
      1361.00     0.434537
      1362.00     0.434573
      1363.00     0.434610
      1364.00     0.434646
      1365.00     0.434409
      1366.00     0.434172
      1367.00     0.433935
      1368.00     0.433698
      1369.00     0.433259
      1370.00     0.432821
      1371.00     0.432383
      1372.00     0.431944
      1373.00     0.431139
      1374.00     0.430333
      1375.00     0.429527
      1376.00     0.428722
      1377.00     0.428109
      1378.00     0.427496
      1379.00     0.426883
      1380.00     0.426270
      1381.00     0.425714
      1382.00     0.425157
      1383.00     0.424601
      1384.00     0.424045
      1385.00     0.424213
      1386.00     0.424380
      1387.00     0.424548
      1388.00     0.424716
      1389.00     0.424429
      1390.00     0.424143
      1391.00     0.423856
      1392.00     0.423570
      1393.00     0.422448
      1394.00     0.421325
      1395.00     0.420202
      1396.00     0.419080
      1397.00     0.418912
      1398.00     0.418744
      1399.00     0.418576
      1400.00     0.418408
      1401.00     0.417915
      1402.00     0.417423
      1403.00     0.416930
      1404.00     0.416438
      1405.00     0.416375
      1406.00     0.416312
      1407.00     0.416250
      1408.00     0.416187
      1409.00     0.416866
      1410.00     0.417545
      1411.00     0.418225
      1412.00     0.418904
      1413.00     0.419729
      1414.00     0.420554
      1415.00     0.421378
      1416.00     0.422203
      1417.00     0.423398
      1418.00     0.424593
      1419.00     0.425788
      1420.00     0.426983
      1421.00     0.427321
      1422.00     0.427658
      1423.00     0.427996
      1424.00     0.428334
      1425.00     0.428731
      1426.00     0.429128
      1427.00     0.429524
      1428.00     0.429921
      1429.00     0.430092
      1430.00     0.430263
      1431.00     0.430433
      1432.00     0.430604
      1433.00     0.431111
      1434.00     0.431617
      1435.00     0.432123
      1436.00     0.432630
      1437.00     0.432696
      1438.00     0.432762
      1439.00     0.432828
      1440.00     0.432894
      1441.00     0.432885
      1442.00     0.432876
      1443.00     0.432867
      1444.00     0.432858
      1445.00     0.432897
      1446.00     0.432935
      1447.00     0.432974
      1448.00     0.433012
      1449.00     0.433040
      1450.00     0.433068
      1451.00     0.433096
      1452.00     0.433124
      1453.00     0.433285
      1454.00     0.433446
      1455.00     0.433606
      1456.00     0.433767
      1457.00     0.433839
      1458.00     0.433912
      1459.00     0.433985
      1460.00     0.434057
      1461.00     0.434547
      1462.00     0.435037
      1463.00     0.435528
      1464.00     0.436018
      1465.00     0.436565
      1466.00     0.437112
      1467.00     0.437659
      1468.00     0.438206
      1469.00     0.438123
      1470.00     0.438040
      1471.00     0.437957
      1472.00     0.437874
      1473.00     0.438138
      1474.00     0.438403
      1475.00     0.438668
      1476.00     0.438932
      1477.00     0.439197
      1478.00     0.439462
      1479.00     0.439728
      1480.00     0.439993
      1481.00     0.439511
      1482.00     0.439029
      1483.00     0.438548
      1484.00     0.438066
      1485.00     0.438181
      1486.00     0.438296
      1487.00     0.438411
      1488.00     0.438526
      1489.00     0.438171
      1490.00     0.437817
      1491.00     0.437462
      1492.00     0.437107
      1493.00     0.437250
      1494.00     0.437393
      1495.00     0.437536
      1496.00     0.437679
      1497.00     0.438489
      1498.00     0.439299
      1499.00     0.440109
      1500.00     0.440919
      1501.00     0.441153
      1502.00     0.441388
      1503.00     0.441622
      1504.00     0.441857
      1505.00     0.442162
      1506.00     0.442466
      1507.00     0.442770
      1508.00     0.443075
      1509.00     0.443347
      1510.00     0.443619
      1511.00     0.443891
      1512.00     0.444163
      1513.00     0.444114
      1514.00     0.444064
      1515.00     0.444014
      1516.00     0.443965
      1517.00     0.444597
      1518.00     0.445229
      1519.00     0.445862
      1520.00     0.446494
      1521.00     0.446475
      1522.00     0.446455
      1523.00     0.446436
      1524.00     0.446417
      1525.00     0.446186
      1526.00     0.445955
      1527.00     0.445723
      1528.00     0.445492
      1529.00     0.445492
      1530.00     0.445492
      1531.00     0.445492
      1532.00     0.445492
      1533.00     0.445878
      1534.00     0.446263
      1535.00     0.446649
      1536.00     0.447035
      1537.00     0.447422
      1538.00     0.447809
      1539.00     0.448195
      1540.00     0.448582
      1541.00     0.448195
      1542.00     0.447809
      1543.00     0.447422
      1544.00     0.447035
      1545.00     0.446631
      1546.00     0.446226
      1547.00     0.445822
      1548.00     0.445418
      1549.00     0.445708
      1550.00     0.445998
      1551.00     0.446289
      1552.00     0.446579
      1553.00     0.447081
      1554.00     0.447583
      1555.00     0.448084
      1556.00     0.448586
      1557.00     0.448761
      1558.00     0.448936
      1559.00     0.449111
      1560.00     0.449286
      1561.00     0.449285
      1562.00     0.449284
      1563.00     0.449283
      1564.00     0.449282
      1565.00     0.450236
      1566.00     0.451189
      1567.00     0.452143
      1568.00     0.453097
      1569.00     0.452496
      1570.00     0.451894
      1571.00     0.451293
      1572.00     0.450692
      1573.00     0.450713
      1574.00     0.450734
      1575.00     0.450755
      1576.00     0.450776
      1577.00     0.450652
      1578.00     0.450527
      1579.00     0.450403
      1580.00     0.450279
      1581.00     0.450571
      1582.00     0.450863
      1583.00     0.451156
      1584.00     0.451448
      1585.00     0.451389
      1586.00     0.451331
      1587.00     0.451272
      1588.00     0.451214
      1589.00     0.450287
      1590.00     0.449360
      1591.00     0.448433
      1592.00     0.447506
      1593.00     0.447892
      1594.00     0.448279
      1595.00     0.448665
      1596.00     0.449052
      1597.00     0.449804
      1598.00     0.450556
      1599.00     0.451307
      1600.00     0.452059
      1601.00     0.451556
      1602.00     0.451052
      1603.00     0.450549
      1604.00     0.450046
      1605.00     0.449043
      1606.00     0.448040
      1607.00     0.447037
      1608.00     0.446034
      1609.00     0.446226
      1610.00     0.446418
      1611.00     0.446610
      1612.00     0.446802
      1613.00     0.448011
      1614.00     0.449220
      1615.00     0.450430
      1616.00     0.451639
      1617.00     0.452142
      1618.00     0.452645
      1619.00     0.453147
      1620.00     0.453650
      1621.00     0.453840
      1622.00     0.454030
      1623.00     0.454220
      1624.00     0.454410
      1625.00     0.453720
      1626.00     0.453030
      1627.00     0.452339
      1628.00     0.451649
      1629.00     0.451977
      1630.00     0.452305
      1631.00     0.452632
      1632.00     0.452960
      1633.00     0.452866
      1634.00     0.452772
      1635.00     0.452678
      1636.00     0.452584
      1637.00     0.452325
      1638.00     0.452065
      1639.00     0.451805
      1640.00     0.451546
      1641.00     0.451853
      1642.00     0.452160
      1643.00     0.452467
      1644.00     0.452774
      1645.00     0.453329
      1646.00     0.453885
      1647.00     0.454440
      1648.00     0.454995
      1649.00     0.455020
      1650.00     0.455046
      1651.00     0.455071
      1652.00     0.455096
      1653.00     0.455096
      1654.00     0.455096
      1655.00     0.455096
      1656.00     0.455096
      1657.00     0.455521
      1658.00     0.455947
      1659.00     0.456372
      1660.00     0.456797
      1661.00     0.456758
      1662.00     0.456720
      1663.00     0.456681
      1664.00     0.456643
      1665.00     0.456584
      1666.00     0.456525
      1667.00     0.456466
      1668.00     0.456407
      1669.00     0.455743
      1670.00     0.455079
      1671.00     0.454415
      1672.00     0.453751
      1673.00     0.454029
      1674.00     0.454307
      1675.00     0.454586
      1676.00     0.454864
      1677.00     0.455497
      1678.00     0.456130
      1679.00     0.456763
      1680.00     0.457396
      1681.00     0.457781
      1682.00     0.458166
      1683.00     0.458550
      1684.00     0.458935
      1685.00     0.458817
      1686.00     0.458699
      1687.00     0.458581
      1688.00     0.458463
      1689.00     0.458956
      1690.00     0.459448
      1691.00     0.459941
      1692.00     0.460434
      1693.00     0.460180
      1694.00     0.459926
      1695.00     0.459673
      1696.00     0.459419
      1697.00     0.459584
      1698.00     0.459749
      1699.00     0.459915
      1700.00     0.460080
      1701.00     0.459297
      1702.00     0.458515
      1703.00     0.457732
      1704.00     0.456949
      1705.00     0.457643
      1706.00     0.458337
      1707.00     0.459030
      1708.00     0.459724
      1709.00     0.459589
      1710.00     0.459454
      1711.00     0.459319
      1712.00     0.459184
      1713.00     0.459882
      1714.00     0.460580
      1715.00     0.461278
      1716.00     0.461976
      1717.00     0.462277
      1718.00     0.462578
      1719.00     0.462878
      1720.00     0.463179
      1721.00     0.463271
      1722.00     0.463362
      1723.00     0.463454
      1724.00     0.463545
      1725.00     0.463244
      1726.00     0.462944
      1727.00     0.462643
      1728.00     0.462343
      1729.00     0.461846
      1730.00     0.461348
      1731.00     0.460851
      1732.00     0.460354
      1733.00     0.460148
      1734.00     0.459942
      1735.00     0.459737
      1736.00     0.459531
      1737.00     0.459757
      1738.00     0.459982
      1739.00     0.460208
      1740.00     0.460434
      1741.00     0.460190
      1742.00     0.459947
      1743.00     0.459703
      1744.00     0.459459
      1745.00     0.459536
      1746.00     0.459613
      1747.00     0.459690
      1748.00     0.459767
      1749.00     0.460141
      1750.00     0.460516
      1751.00     0.460891
      1752.00     0.461265
      1753.00     0.461623
      1754.00     0.461982
      1755.00     0.462341
      1756.00     0.462699
      1757.00     0.462579
      1758.00     0.462460
      1759.00     0.462340
      1760.00     0.462220
      1761.00     0.462249
      1762.00     0.462278
      1763.00     0.462308
      1764.00     0.462337
      1765.00     0.462039
      1766.00     0.461741
      1767.00     0.461443
      1768.00     0.461145
      1769.00     0.460800
      1770.00     0.460456
      1771.00     0.460111
      1772.00     0.459767
      1773.00     0.460609
      1774.00     0.461452
      1775.00     0.462295
      1776.00     0.463137
      1777.00     0.462817
      1778.00     0.462496
      1779.00     0.462176
      1780.00     0.461855
      1781.00     0.461914
      1782.00     0.461974
      1783.00     0.462033
      1784.00     0.462092
      1785.00     0.461766
      1786.00     0.461441
      1787.00     0.461115
      1788.00     0.460789
      1789.00     0.460317
      1790.00     0.459846
      1791.00     0.459375
      1792.00     0.458903
      1793.00     0.459138
      1794.00     0.459374
      1795.00     0.459609
      1796.00     0.459844
      1797.00     0.459903
      1798.00     0.459962
      1799.00     0.460021
      1800.00     0.460080
      1801.00     0.460937
      1802.00     0.461794
      1803.00     0.462652
      1804.00     0.463509
      1805.00     0.463272
      1806.00     0.463035
      1807.00     0.462797
      1808.00     0.462560
      1809.00     0.462560
      1810.00     0.462560
      1811.00     0.462560
      1812.00     0.462560
      1813.00     0.462678
      1814.00     0.462797
      1815.00     0.462915
      1816.00     0.463034
      1817.00     0.462781
      1818.00     0.462527
      1819.00     0.462274
      1820.00     0.462021
      1821.00     0.461978
      1822.00     0.461936
      1823.00     0.461893
      1824.00     0.461850
      1825.00     0.461786
      1826.00     0.461722
      1827.00     0.461658
      1828.00     0.461594
      1829.00     0.461781
      1830.00     0.461968
      1831.00     0.462156
      1832.00     0.462343
      1833.00     0.462586
      1834.00     0.462829
      1835.00     0.463072
      1836.00     0.463315
      1837.00     0.463579
      1838.00     0.463842
      1839.00     0.464105
      1840.00     0.464369
      1841.00     0.463385
      1842.00     0.462400
      1843.00     0.461416
      1844.00     0.460432
      1845.00     0.460640
      1846.00     0.460847
      1847.00     0.461055
      1848.00     0.461263
      1849.00     0.461675
      1850.00     0.462086
      1851.00     0.462498
      1852.00     0.462910
      1853.00     0.463235
      1854.00     0.463560
      1855.00     0.463884
      1856.00     0.464209
      1857.00     0.463941
      1858.00     0.463673
      1859.00     0.463405
      1860.00     0.463137
      1861.00     0.461854
      1862.00     0.460571
      1863.00     0.459288
      1864.00     0.458005
      1865.00     0.457013
      1866.00     0.456021
      1867.00     0.455029
      1868.00     0.454037
      1869.00     0.452579
      1870.00     0.451121
      1871.00     0.449663
      1872.00     0.448205
      1873.00     0.446483
      1874.00     0.444761
      1875.00     0.443038
      1876.00     0.441316
      1877.00     0.440753
      1878.00     0.440190
      1879.00     0.439628
      1880.00     0.439065
      1881.00     0.437688
      1882.00     0.436312
      1883.00     0.434936
      1884.00     0.433559
      1885.00     0.431338
      1886.00     0.429117
      1887.00     0.426896
      1888.00     0.424675
      1889.00     0.422335
      1890.00     0.419995
      1891.00     0.417655
      1892.00     0.415315
      1893.00     0.413177
      1894.00     0.411040
      1895.00     0.408902
      1896.00     0.406764
      1897.00     0.404472
      1898.00     0.402180
      1899.00     0.399889
      1900.00     0.397597
      1901.00     0.396729
      1902.00     0.395861
      1903.00     0.394993
      1904.00     0.394125
      1905.00     0.394360
      1906.00     0.394596
      1907.00     0.394831
      1908.00     0.395067
      1909.00     0.395762
      1910.00     0.396457
      1911.00     0.397153
      1912.00     0.397848
      1913.00     0.398151
      1914.00     0.398454
      1915.00     0.398756
      1916.00     0.399059
      1917.00     0.399660
      1918.00     0.400262
      1919.00     0.400863
      1920.00     0.401464
      1921.00     0.402228
      1922.00     0.402992
      1923.00     0.403757
      1924.00     0.404521
      1925.00     0.405445
      1926.00     0.406368
      1927.00     0.407291
      1928.00     0.408215
      1929.00     0.409259
      1930.00     0.410302
      1931.00     0.411346
      1932.00     0.412390
      1933.00     0.413147
      1934.00     0.413903
      1935.00     0.414660
      1936.00     0.415417
      1937.00     0.415773
      1938.00     0.416129
      1939.00     0.416485
      1940.00     0.416841
      1941.00     0.417051
      1942.00     0.417261
      1943.00     0.417471
      1944.00     0.417681
      1945.00     0.418175
      1946.00     0.418669
      1947.00     0.419162
      1948.00     0.419656
      1949.00     0.420291
      1950.00     0.420926
      1951.00     0.421561
      1952.00     0.422196
      1953.00     0.422293
      1954.00     0.422391
      1955.00     0.422489
      1956.00     0.422586
      1957.00     0.422581
      1958.00     0.422576
      1959.00     0.422570
      1960.00     0.422565
      1961.00     0.422978
      1962.00     0.423391
      1963.00     0.423804
      1964.00     0.424217
      1965.00     0.424480
      1966.00     0.424742
      1967.00     0.425005
      1968.00     0.425268
      1969.00     0.425935
      1970.00     0.426601
      1971.00     0.427268
      1972.00     0.427935
      1973.00     0.428627
      1974.00     0.429319
      1975.00     0.430011
      1976.00     0.430703
      1977.00     0.430693
      1978.00     0.430682
      1979.00     0.430672
      1980.00     0.430661
      1981.00     0.431611
      1982.00     0.432561
      1983.00     0.433510
      1984.00     0.434460
      1985.00     0.435701
      1986.00     0.436943
      1987.00     0.438184
      1988.00     0.439426
      1989.00     0.439662
      1990.00     0.439898
      1991.00     0.440135
      1992.00     0.440371
      1993.00     0.440338
      1994.00     0.440305
      1995.00     0.440272
      1996.00     0.440239
      1997.00     0.440500
      1998.00     0.440762
      1999.00     0.441023
      2000.00     0.441284
      2001.00     0.441683
      2002.00     0.442083
      2003.00     0.442482
      2004.00     0.442881
      2005.00     0.442881
      2006.00     0.442881
      2007.00     0.442881
      2008.00     0.442881
      2009.00     0.443813
      2010.00     0.444744
      2011.00     0.445675
      2012.00     0.446607
      2013.00     0.446476
      2014.00     0.446344
      2015.00     0.446213
      2016.00     0.446081
      2017.00     0.446849
      2018.00     0.447617
      2019.00     0.448384
      2020.00     0.449152
      2021.00     0.448898
      2022.00     0.448644
      2023.00     0.448390
      2024.00     0.448136
      2025.00     0.448317
      2026.00     0.448498
      2027.00     0.448680
      2028.00     0.448861
      2029.00     0.449118
      2030.00     0.449375
      2031.00     0.449633
      2032.00     0.449890
      2033.00     0.450001
      2034.00     0.450113
      2035.00     0.450224
      2036.00     0.450336
      2037.00     0.450907
      2038.00     0.451479
      2039.00     0.452050
      2040.00     0.452621
      2041.00     0.452397
      2042.00     0.452173
      2043.00     0.451948
      2044.00     0.451724
      2045.00     0.452086
      2046.00     0.452448
      2047.00     0.452809
      2048.00     0.453171
      2049.00     0.454602
      2050.00     0.456033
      2051.00     0.457463
      2052.00     0.458894
      2053.00     0.458448
      2054.00     0.458003
      2055.00     0.457557
      2056.00     0.457111
      2057.00     0.457055
      2058.00     0.456998
      2059.00     0.456942
      2060.00     0.456886
      2061.00     0.457112
      2062.00     0.457337
      2063.00     0.457563
      2064.00     0.457789
      2065.00     0.458490
      2066.00     0.459192
      2067.00     0.459894
      2068.00     0.460595
      2069.00     0.459841
      2070.00     0.459087
      2071.00     0.458333
      2072.00     0.457579
      2073.00     0.457380
      2074.00     0.457181
      2075.00     0.456982
      2076.00     0.456783
      2077.00     0.456065
      2078.00     0.455348
      2079.00     0.454630
      2080.00     0.453186
      2081.00     0.452968
      2082.00     0.454254
      2083.00     0.453356
      2084.00     0.453357
      2085.00     0.453096
      2086.00     0.453053
      2087.00     0.453053
      2088.00     0.453195
      2089.00     0.453396
      2090.00     0.453487
      2091.00     0.453419
      2092.00     0.453154
      2093.00     0.452666
      2094.00     0.452240
      2095.00     0.452049
      2096.00     0.452144
      2097.00     0.452462
      2098.00     0.452825
      2099.00     0.453125
      2100.00     0.453192
      2101.00     0.453040
      2102.00     0.452773
      2103.00     0.452447
      2104.00     0.452196
      2105.00     0.452037
      2106.00     0.451971
      2107.00     0.451919
      2108.00     0.451897
      2109.00     0.451972
      2110.00     0.452169
      2111.00     0.452489
      2112.00     0.452769
      2113.00     0.452936
      2114.00     0.452923
      2115.00     0.452739
      2116.00     0.452470
      2117.00     0.452214
      2118.00     0.452120
      2119.00     0.452202
      2120.00     0.452429
      2121.00     0.452696
      2122.00     0.452943
      2123.00     0.453101
      2124.00     0.453273
      2125.00     0.453535
      2126.00     0.453875
      2127.00     0.454179
      2128.00     0.454386
      2129.00     0.454388
      2130.00     0.454233
      2131.00     0.454017
      2132.00     0.453780
      2133.00     0.453545
      2134.00     0.453281
      2135.00     0.452961
      2136.00     0.452555
      2137.00     0.452201
      2138.00     0.451919
      2139.00     0.451685
      2140.00     0.451450
      2141.00     0.451164
      2142.00     0.450760
      2143.00     0.450231
      2144.00     0.449691
      2145.00     0.449262
      2146.00     0.449012
      2147.00     0.448986
      2148.00     0.449068
      2149.00     0.449082
      2150.00     0.448920
      2151.00     0.448537
      2152.00     0.447925
      2153.00     0.447167
      2154.00     0.446390
      2155.00     0.445664
      2156.00     0.445038
      2157.00     0.444564
      2158.00     0.444188
      2159.00     0.443828
      2160.00     0.443446
      2161.00     0.443014
      2162.00     0.442546
      2163.00     0.442110
      2164.00     0.441785
      2165.00     0.441558
      2166.00     0.441421
      2167.00     0.441372
      2168.00     0.441373
      2169.00     0.441371
      2170.00     0.441320
      2171.00     0.441166
      2172.00     0.440882
      2173.00     0.440522
      2174.00     0.440177
      2175.00     0.439877
      2176.00     0.439607
      2177.00     0.439387
      2178.00     0.439183
      2179.00     0.438942
      2180.00     0.438677
      2181.00     0.438402
      2182.00     0.438002
      2183.00     0.437506
      2184.00     0.436959
      2185.00     0.436404
      2186.00     0.435832
      2187.00     0.435236
      2188.00     0.434643
      2189.00     0.434055
      2190.00     0.433446
      2191.00     0.432914
      2192.00     0.432494
      2193.00     0.432145
      2194.00     0.431725
      2195.00     0.431187
      2196.00     0.430470
      2197.00     0.429659
      2198.00     0.428800
      2199.00     0.428086
      2200.00     0.427447
      2201.00     0.426749
      2202.00     0.425951
      2203.00     0.424863
      2204.00     0.423509
      2205.00     0.422251
      2206.00     0.421171
      2207.00     0.420712
      2208.00     0.420933
      2209.00     0.421824
      2210.00     0.423095
      2211.00     0.424668
      2212.00     0.426215
      2213.00     0.427763
      2214.00     0.429225
      2215.00     0.430629
      2216.00     0.431942
      2217.00     0.433169
      2218.00     0.434089
      2219.00     0.434809
      2220.00     0.435311
      2221.00     0.435744
      2222.00     0.436108
      2223.00     0.436476
      2224.00     0.436903
      2225.00     0.437286
      2226.00     0.437735
      2227.00     0.438203
      2228.00     0.438733
      2229.00     0.439196
      2230.00     0.439571
      2231.00     0.439768
      2232.00     0.439805
      2233.00     0.439754
      2234.00     0.439749
      2235.00     0.439856
      2236.00     0.440046
      2237.00     0.440277
      2238.00     0.440456
      2239.00     0.440514
      2240.00     0.440443
      2241.00     0.440296
      2242.00     0.440147
      2243.00     0.440061
      2244.00     0.440083
      2245.00     0.440239
      2246.00     0.440519
      2247.00     0.440914
      2248.00     0.441296
      2249.00     0.441620
      2250.00     0.441863
      2251.00     0.442064
      2252.00     0.442211
      2253.00     0.442335
      2254.00     0.442445
      2255.00     0.442514
      2256.00     0.442494
      2257.00     0.442387
      2258.00     0.442252
      2259.00     0.442168
      2260.00     0.442188
      2261.00     0.442324
      2262.00     0.442574
      2263.00     0.442819
      2264.00     0.442986
      2265.00     0.443019
      2266.00     0.442917
      2267.00     0.442730
      2268.00     0.442527
      2269.00     0.442371
      2270.00     0.442314
      2271.00     0.442363
      2272.00     0.442489
      2273.00     0.442652
      2274.00     0.442843
      2275.00     0.443065
      2276.00     0.443265
      2277.00     0.443414
      2278.00     0.443449
      2279.00     0.443315
      2280.00     0.443016
      2281.00     0.442535
      2282.00     0.441995
      2283.00     0.441533
      2284.00     0.441241
      2285.00     0.441145
      2286.00     0.441180
      2287.00     0.441224
      2288.00     0.441169
      2289.00     0.440961
      2290.00     0.440622
      2291.00     0.440228
      2292.00     0.439876
      2293.00     0.439643
      2294.00     0.439515
      2295.00     0.439464
      2296.00     0.439410
      2297.00     0.439302
      2298.00     0.439119
      2299.00     0.438890
      2300.00     0.438605
      2301.00     0.438351
      2302.00     0.438170
      2303.00     0.438016
      2304.00     0.437825
      2305.00     0.437519
      2306.00     0.437106
      2307.00     0.436626
      2308.00     0.436201
      2309.00     0.435867
      2310.00     0.435721
      2311.00     0.435714
      2312.00     0.435714
      2313.00     0.435604
      2314.00     0.435346
      2315.00     0.434937
      2316.00     0.434440
      2317.00     0.434029
      2318.00     0.433782
      2319.00     0.433738
      2320.00     0.433846
      2321.00     0.434012
      2322.00     0.434173
      2323.00     0.434253
      2324.00     0.434224
      2325.00     0.434077
      2326.00     0.433837
      2327.00     0.433499
      2328.00     0.433118
      2329.00     0.432661
      2330.00     0.432282
      2331.00     0.432023
      2332.00     0.431958
      2333.00     0.432038
      2334.00     0.432179
      2335.00     0.432278
      2336.00     0.432211
      2337.00     0.431919
      2338.00     0.431468
      2339.00     0.430938
      2340.00     0.430445
      2341.00     0.430036
      2342.00     0.429725
      2343.00     0.429453
      2344.00     0.429130
      2345.00     0.428732
      2346.00     0.428227
      2347.00     0.427633
      2348.00     0.427100
      2349.00     0.426652
      2350.00     0.426332
      2351.00     0.426191
      2352.00     0.426158
      2353.00     0.426208
      2354.00     0.426316
      2355.00     0.426437
      2356.00     0.426546
      2357.00     0.426607
      2358.00     0.426608
      2359.00     0.426553
      2360.00     0.426458
      2361.00     0.426367
      2362.00     0.426338
      2363.00     0.426395
      2364.00     0.426537
      2365.00     0.426757
      2366.00     0.426943
      2367.00     0.427036
      2368.00     0.426984
      2369.00     0.426774
      2370.00     0.426398
      2371.00     0.425927
      2372.00     0.425457
      2373.00     0.425044
      2374.00     0.424726
      2375.00     0.424493
      2376.00     0.424308
      2377.00     0.424118
      2378.00     0.423869
      2379.00     0.423511
      2380.00     0.423128
      2381.00     0.422759
      2382.00     0.422453
      2383.00     0.422225
      2384.00     0.422072
      2385.00     0.421984
      2386.00     0.421943
      2387.00     0.421903
      2388.00     0.421825
      2389.00     0.421703
      2390.00     0.421563
      2391.00     0.421427
      2392.00     0.421288
      2393.00     0.421166
      2394.00     0.421094
      2395.00     0.421081
      2396.00     0.421100
      2397.00     0.421121
      2398.00     0.421131
      2399.00     0.421126
      2400.00     0.421076
      2401.00     0.420959
      2402.00     0.420815
      2403.00     0.420703
      2404.00     0.420661
      2405.00     0.420687
      2406.00     0.420750
      2407.00     0.420816
      2408.00     0.420863
      2409.00     0.420834
      2410.00     0.420674
      2411.00     0.420417
      2412.00     0.420120
      2413.00     0.419791
      2414.00     0.419445
      2415.00     0.419100
      2416.00     0.418773
      2417.00     0.418479
      2418.00     0.418170
      2419.00     0.417833
      2420.00     0.417448
      2421.00     0.417047
      2422.00     0.416600
      2423.00     0.416108
      2424.00     0.415617
      2425.00     0.415142
      2426.00     0.414648
      2427.00     0.414164
      2428.00     0.413700
      2429.00     0.413168
      2430.00     0.412637
      2431.00     0.412087
      2432.00     0.411524
      2433.00     0.411006
      2434.00     0.410553
      2435.00     0.410111
      2436.00     0.409763
      2437.00     0.409427
      2438.00     0.409134
      2439.00     0.408861
      2440.00     0.408614
      2441.00     0.408398
      2442.00     0.408185
      2443.00     0.407968
      2444.00     0.407678
      2445.00     0.407374
      2446.00     0.407058
      2447.00     0.406765
      2448.00     0.406513
      2449.00     0.406303
      2450.00     0.406156
      2451.00     0.406021
      2452.00     0.405835
      2453.00     0.405565
      2454.00     0.405205
      2455.00     0.404794
      2456.00     0.404389
      2457.00     0.403980
      2458.00     0.403653
      2459.00     0.403398
      2460.00     0.403173
      2461.00     0.402956
      2462.00     0.402716
      2463.00     0.402431
      2464.00     0.402103
      2465.00     0.401699
      2466.00     0.401315
      2467.00     0.400953
      2468.00     0.400624
      2469.00     0.400361
      2470.00     0.400172
      2471.00     0.400023
      2472.00     0.399883
      2473.00     0.399710
      2474.00     0.399473
      2475.00     0.399190
      2476.00     0.398900
      2477.00     0.398618
      2478.00     0.398373
      2479.00     0.398175
      2480.00     0.397993
      2481.00     0.397789
      2482.00     0.397531
      2483.00     0.397218
      2484.00     0.396840
      2485.00     0.396443
      2486.00     0.396087
      2487.00     0.395802
      2488.00     0.395604
      2489.00     0.395490
      2490.00     0.395443
      2491.00     0.395439
      2492.00     0.395421
      2493.00     0.395372
      2494.00     0.395297
      2495.00     0.395202
      2496.00     0.395092
      2497.00     0.394972
      2498.00     0.394849
      2499.00     0.394722
      2500.00     0.394586
