      400.000    0.0106040
      401.000    0.0132510
      402.000    0.0149710
      403.000    0.0149660
      404.000    0.0149640
      405.000    0.0149660
      406.000    0.0162700
      407.000    0.0162640
      408.000    0.0196620
      409.000    0.0209370
      410.000    0.0196100
      411.000    0.0209370
      412.000    0.0209660
      413.000    0.0226740
      414.000    0.0239270
      415.000    0.0238960
      416.000    0.0243180
      417.000    0.0243180
      418.000    0.0244110
      419.000    0.0262280
      420.000    0.0263090
      421.000    0.0275850
      422.000    0.0309930
      423.000    0.0334350
      424.000    0.0350950
      425.000    0.0345900
      426.000    0.0345470
      427.000    0.0362570
      428.000    0.0375560
      429.000    0.0377530
      430.000    0.0407090
      431.000    0.0405710
      432.000    0.0423210
      433.000    0.0436540
      434.000    0.0435920
      435.000    0.0454490
      436.000    0.0477840
      437.000    0.0476460
      438.000    0.0475090
      439.000    0.0506930
      440.000    0.0521780
      441.000    0.0532700
      442.000    0.0499490
      443.000    0.0531900
      444.000    0.0549300
      445.000    0.0548460
      446.000    0.0546350
      447.000    0.0576090
      448.000    0.0579240
      449.000    0.0578790
      450.000    0.0616780
      451.000    0.0615810
      452.000    0.0614360
      453.000    0.0615330
      454.000    0.0588350
      455.000    0.0587880
      456.000    0.0646460
      457.000    0.0648030
      458.000    0.0662750
      459.000    0.0643320
      460.000    0.0638810
      461.000    0.0641290
      462.000    0.0635640
      463.000    0.0655160
      464.000    0.0654060
      465.000    0.0669230
      466.000    0.0668660
      467.000    0.0667530
      468.000    0.0651320
      469.000    0.0667530
      470.000    0.0666960
      471.000    0.0667530
      472.000    0.0693570
      473.000    0.0707500
      474.000    0.0705720
      475.000    0.0693570
      476.000    0.0720710
      477.000    0.0719490
      478.000    0.0731570
      479.000    0.0762470
      480.000    0.0777810
      481.000    0.0777810
      482.000    0.0774480
      483.000    0.0787820
      484.000    0.0788500
      485.000    0.0809060
      486.000    0.0783140
      487.000    0.0823600
      488.000    0.0822900
      489.000    0.0822380
      490.000    0.0847400
      491.000    0.0830830
      492.000    0.0845970
      493.000    0.0863620
      494.000    0.0910990
      495.000    0.0909450
      496.000    0.0916720
      497.000    0.0904540
      498.000    0.0918270
      499.000    0.0914160
      500.000    0.0914160
      501.000    0.0927570
      502.000    0.0939440
      503.000    0.0933270
      504.000    0.0959200
      505.000    0.0956850
      506.000    0.0979050
      507.000    0.0985980
      508.000     0.100018
      509.000     0.100018
      510.000     0.103284
      511.000     0.105895
      512.000     0.105548
      513.000     0.105117
      514.000     0.106460
      515.000     0.107246
      516.000     0.108332
      517.000     0.109862
      518.000     0.109088
      519.000     0.109088
      520.000     0.113564
      521.000     0.114366
      522.000     0.113767
      523.000     0.113676
      524.000     0.114703
      525.000     0.115863
      526.000     0.118647
      527.000     0.119616
      528.000     0.118271
      529.000     0.119521
      530.000     0.120962
      531.000     0.121154
      532.000     0.122601
      533.000     0.124640
      534.000     0.126863
      535.000     0.127521
      536.000     0.127421
      537.000     0.127820
      538.000     0.128875
      539.000     0.130435
      540.000     0.130741
      541.000     0.132743
      542.000     0.132847
      543.000     0.134311
      544.000     0.135150
      545.000     0.135775
      546.000     0.135671
      547.000     0.137236
      548.000     0.139740
      549.000     0.139206
      550.000     0.139387
      551.000     0.139883
      552.000     0.140480
      553.000     0.142833
      554.000     0.144171
      555.000     0.145402
      556.000     0.147072
      557.000     0.148416
      558.000     0.148750
      559.000     0.149048
      560.000     0.149630
      561.000     0.150208
      562.000     0.154188
      563.000     0.151925
      564.000     0.154971
      565.000     0.158743
      566.000     0.155699
      567.000     0.158986
      568.000     0.158743
      569.000     0.156249
      570.000     0.157266
      571.000     0.157807
      572.000     0.158399
      573.000     0.162844
      574.000     0.161902
      575.000     0.162076
      576.000     0.162580
      577.000     0.160329
      578.000     0.163608
      579.000     0.165785
      580.000     0.169030
      581.000     0.166971
      582.000     0.167749
      583.000     0.167227
      584.000     0.168005
      585.000     0.173282
      586.000     0.172256
      587.000     0.172614
      588.000     0.171888
      589.000     0.171494
      590.000     0.171233
      591.000     0.171756
      592.000     0.171625
      593.000     0.170842
      594.000     0.172897
      595.000     0.176270
      596.000     0.175377
      597.000     0.177768
      598.000     0.174941
      599.000     0.173889
      600.000     0.177214
      601.000     0.177409
      602.000     0.176955
      603.000     0.176433
      604.000     0.175785
      605.000     0.179627
      606.000     0.180740
      607.000     0.180740
      608.000     0.180257
      609.000     0.180521
      610.000     0.181770
      611.000     0.185575
      612.000     0.182839
      613.000     0.182839
      614.000     0.182839
      615.000     0.185620
      616.000     0.187839
      617.000     0.191024
      618.000     0.189193
      619.000     0.189753
      620.000     0.189753
      621.000     0.189333
      622.000     0.186467
      623.000     0.188975
      624.000     0.188837
      625.000     0.191838
      626.000     0.188975
      627.000     0.194234
      628.000     0.194522
      629.000     0.190646
      630.000     0.191903
      631.000     0.195884
      632.000     0.192878
      633.000     0.198830
      634.000     0.198976
      635.000     0.200381
      636.000     0.200972
      637.000     0.198369
      638.000     0.197935
      639.000     0.197611
      640.000     0.196471
      641.000     0.196046
      642.000     0.198004
      643.000     0.199684
      644.000     0.199540
      645.000     0.201315
      646.000     0.201605
      647.000     0.202853
      648.000     0.206418
      649.000     0.204836
      650.000     0.206719
      651.000     0.203731
      652.000     0.203731
      653.000     0.203731
      654.000     0.204025
      655.000     0.204247
      656.000     0.205054
      657.000     0.203808
      658.000     0.204229
      659.000     0.208892
      660.000     0.210599
      661.000     0.212466
      662.000     0.210448
      663.000     0.209379
      664.000     0.210780
      665.000     0.210040
      666.000     0.208845
      667.000     0.210534
      668.000     0.208696
      669.000     0.210129
      670.000     0.215352
      671.000     0.216272
      672.000     0.217044
      673.000     0.216901
      674.000     0.216747
      675.000     0.215828
      676.000     0.216287
      677.000     0.217211
      678.000     0.219232
      679.000     0.218921
      680.000     0.220163
      681.000     0.219240
      682.000     0.218921
      683.000     0.223455
      684.000     0.223455
      685.000     0.224227
      686.000     0.224997
      687.000     0.223728
      688.000     0.223571
      689.000     0.223256
      690.000     0.223413
      691.000     0.225605
      692.000     0.226564
      693.000     0.225157
      694.000     0.224679
      695.000     0.223706
      696.000     0.222493
      697.000     0.227824
      698.000     0.227246
      699.000     0.227337
      700.000     0.229137
      701.000     0.230197
      702.000     0.230089
      703.000     0.228555
      704.000     0.228241
      705.000     0.229300
      706.000     0.229930
      707.000     0.233117
      708.000     0.233117
      709.000     0.233691
      710.000     0.232847
      711.000     0.230883
      712.000     0.235289
      713.000     0.234483
      714.000     0.234323
      715.000     0.234576
      716.000     0.235627
      717.000     0.235466
      718.000     0.237323
      719.000     0.236011
      720.000     0.237647
      721.000     0.239098
      722.000     0.238936
      723.000     0.238936
      724.000     0.239098
      725.000     0.240636
      726.000     0.241128
      727.000     0.241292
      728.000     0.241918
      729.000     0.242639
      730.000     0.242787
      731.000     0.243116
      732.000     0.243581
      733.000     0.241496
      734.000     0.242951
      735.000     0.244237
      736.000     0.244237
      737.000     0.245775
      738.000     0.246653
      739.000     0.246653
      740.000     0.248027
      741.000     0.247317
      742.000     0.248027
      743.000     0.248528
      744.000     0.250276
      745.000     0.248938
      746.000     0.248439
      747.000     0.248938
      748.000     0.249271
      749.000     0.246534
      750.000     0.248771
      751.000     0.249772
      752.000     0.252184
      753.000     0.252015
      754.000     0.251433
      755.000     0.253746
      756.000     0.254424
      757.000     0.253746
      758.000     0.250101
      759.000     0.251299
      760.000     0.253694
      761.000     0.255398
      762.000     0.256089
      763.000     0.255751
      764.000     0.254892
      765.000     0.254723
      766.000     0.255582
      767.000     0.253753
      768.000     0.255582
      769.000     0.258998
      770.000     0.260364
      771.000     0.260022
      772.000     0.260359
      773.000     0.260188
      774.000     0.261216
      775.000     0.261905
      776.000     0.261905
      777.000     0.260708
      778.000     0.259851
      779.000     0.260022
      780.000     0.261216
      781.000     0.262583
      782.000     0.261893
      783.000     0.262410
      784.000     0.263604
      785.000     0.262224
      786.000     0.263085
      787.000     0.262457
      788.000     0.261946
      789.000     0.261268
      790.000     0.262794
      791.000     0.263306
      792.000     0.263477
      793.000     0.266487
      794.000     0.264496
      795.000     0.262961
      796.000     0.259693
      797.000     0.262624
      798.000     0.260583
      799.000     0.260640
      800.000     0.265396
      801.000     0.264425
      802.000     0.263454
      803.000     0.262484
      804.000     0.261513
      805.000     0.262769
      806.000     0.264025
      807.000     0.265281
      808.000     0.266537
      809.000     0.267435
      810.000     0.268334
      811.000     0.269233
      812.000     0.270131
      813.000     0.270048
      814.000     0.269966
      815.000     0.269884
      816.000     0.269801
      817.000     0.270375
      818.000     0.270948
      819.000     0.271522
      820.000     0.272095
      821.000     0.272455
      822.000     0.272814
      823.000     0.273173
      824.000     0.273533
      825.000     0.273749
      826.000     0.273965
      827.000     0.274182
      828.000     0.274398
      829.000     0.274056
      830.000     0.273714
      831.000     0.273372
      832.000     0.273030
      833.000     0.273198
      834.000     0.273365
      835.000     0.273533
      836.000     0.273701
      837.000     0.273707
      838.000     0.273714
      839.000     0.273720
      840.000     0.273726
      841.000     0.274194
      842.000     0.274662
      843.000     0.275131
      844.000     0.275599
      845.000     0.275945
      846.000     0.276291
      847.000     0.276636
      848.000     0.276982
      849.000     0.276607
      850.000     0.276231
      851.000     0.275856
      852.000     0.275480
      853.000     0.275529
      854.000     0.275577
      855.000     0.275626
      856.000     0.275675
      857.000     0.276146
      858.000     0.276617
      859.000     0.277088
      860.000     0.277559
      861.000     0.278014
      862.000     0.278469
      863.000     0.278924
      864.000     0.279379
      865.000     0.279383
      866.000     0.279388
      867.000     0.279392
      868.000     0.279396
      869.000     0.279567
      870.000     0.279738
      871.000     0.279909
      872.000     0.280080
      873.000     0.280262
      874.000     0.280443
      875.000     0.280625
      876.000     0.280807
      877.000     0.281481
      878.000     0.282155
      879.000     0.282828
      880.000     0.283502
      881.000     0.283797
      882.000     0.284091
      883.000     0.284386
      884.000     0.284680
      885.000     0.284375
      886.000     0.284070
      887.000     0.283766
      888.000     0.283461
      889.000     0.284256
      890.000     0.285051
      891.000     0.285847
      892.000     0.286642
      893.000     0.286592
      894.000     0.286541
      895.000     0.286491
      896.000     0.286441
      897.000     0.286784
      898.000     0.287128
      899.000     0.287472
      900.000     0.287815
      901.000     0.288316
      902.000     0.288816
      903.000     0.289317
      904.000     0.289817
      905.000     0.290446
      906.000     0.291074
      907.000     0.291703
      908.000     0.292331
      909.000     0.291775
      910.000     0.291219
      911.000     0.290662
      912.000     0.290106
      913.000     0.290610
      914.000     0.291115
      915.000     0.291619
      916.000     0.292123
      917.000     0.292577
      918.000     0.293031
      919.000     0.293484
      920.000     0.293938
      921.000     0.293728
      922.000     0.293517
      923.000     0.293306
      924.000     0.293096
      925.000     0.293388
      926.000     0.293679
      927.000     0.293971
      928.000     0.294262
      929.000     0.295142
      930.000     0.296021
      931.000     0.296901
      932.000     0.297780
      933.000     0.297732
      934.000     0.297684
      935.000     0.297635
      936.000     0.297587
      937.000     0.297718
      938.000     0.297848
      939.000     0.297978
      940.000     0.298109
      941.000     0.298708
      942.000     0.299308
      943.000     0.299907
      944.000     0.300507
      945.000     0.300419
      946.000     0.300331
      947.000     0.300243
      948.000     0.300155
      949.000     0.300492
      950.000     0.300828
      951.000     0.301165
      952.000     0.301502
      953.000     0.301910
      954.000     0.302318
      955.000     0.302726
      956.000     0.303134
      957.000     0.302682
      958.000     0.302229
      959.000     0.301777
      960.000     0.301325
      961.000     0.301728
      962.000     0.302131
      963.000     0.302534
      964.000     0.302937
      965.000     0.303908
      966.000     0.304879
      967.000     0.305850
      968.000     0.306821
      969.000     0.306415
      970.000     0.306010
      971.000     0.305604
      972.000     0.305199
      973.000     0.305559
      974.000     0.305919
      975.000     0.306278
      976.000     0.306638
      977.000     0.306706
      978.000     0.306774
      979.000     0.306843
      980.000     0.306911
      981.000     0.306530
      982.000     0.306149
      983.000     0.305768
      984.000     0.305387
      985.000     0.306568
      986.000     0.307748
      987.000     0.308929
      988.000     0.310110
      989.000     0.310758
      990.000     0.311405
      991.000     0.312053
      992.000     0.312701
      993.000     0.312990
      994.000     0.313280
      995.000     0.313570
      996.000     0.313859
      997.000     0.313841
      998.000     0.313823
      999.000     0.313805
      1000.00     0.313787
      1001.00     0.314567
      1002.00     0.315348
      1003.00     0.316128
      1004.00     0.316908
      1005.00     0.316725
      1006.00     0.316541
      1007.00     0.316358
      1008.00     0.316175
      1009.00     0.316662
      1010.00     0.317150
      1011.00     0.317637
      1012.00     0.318124
      1013.00     0.318990
      1014.00     0.319857
      1015.00     0.320723
      1016.00     0.321589
      1017.00     0.321222
      1018.00     0.320854
      1019.00     0.320487
      1020.00     0.320119
      1021.00     0.320695
      1022.00     0.321271
      1023.00     0.321846
      1024.00     0.322422
      1025.00     0.322803
      1026.00     0.323184
      1027.00     0.323564
      1028.00     0.323945
      1029.00     0.322825
      1030.00     0.321705
      1031.00     0.320585
      1032.00     0.319465
      1033.00     0.319882
      1034.00     0.320298
      1035.00     0.320715
      1036.00     0.321132
      1037.00     0.321643
      1038.00     0.322154
      1039.00     0.322665
      1040.00     0.323176
      1041.00     0.324610
      1042.00     0.326044
      1043.00     0.327479
      1044.00     0.328913
      1045.00     0.329638
      1046.00     0.330364
      1047.00     0.331089
      1048.00     0.331814
      1049.00     0.331722
      1050.00     0.331630
      1051.00     0.331537
      1052.00     0.331445
      1053.00     0.331161
      1054.00     0.330877
      1055.00     0.330594
      1056.00     0.330310
      1057.00     0.329116
      1058.00     0.327922
      1059.00     0.326729
      1060.00     0.325535
      1061.00     0.326678
      1062.00     0.327820
      1063.00     0.328963
      1064.00     0.330105
      1065.00     0.330680
      1066.00     0.331255
      1067.00     0.331831
      1068.00     0.332406
      1069.00     0.333366
      1070.00     0.334325
      1071.00     0.335285
      1072.00     0.336245
      1073.00     0.334950
      1074.00     0.333656
      1075.00     0.332361
      1076.00     0.331066
      1077.00     0.331453
      1078.00     0.331840
      1079.00     0.332226
      1080.00     0.332613
      1081.00     0.333945
      1082.00     0.335278
      1083.00     0.336610
      1084.00     0.337943
      1085.00     0.337614
      1086.00     0.337285
      1087.00     0.336956
      1088.00     0.336627
      1089.00     0.336435
      1090.00     0.336242
      1091.00     0.336049
      1092.00     0.335857
      1093.00     0.336475
      1094.00     0.337094
      1095.00     0.337712
      1096.00     0.338331
      1097.00     0.339621
      1098.00     0.340912
      1099.00     0.342202
      1100.00     0.343492
      1101.00     0.343401
      1102.00     0.343309
      1103.00     0.343217
      1104.00     0.343126
      1105.00     0.342826
      1106.00     0.342526
      1107.00     0.342225
      1108.00     0.341925
      1109.00     0.342064
      1110.00     0.342203
      1111.00     0.342343
      1112.00     0.342482
      1113.00     0.343240
      1114.00     0.343998
      1115.00     0.344756
      1116.00     0.345514
      1117.00     0.345327
      1118.00     0.345141
      1119.00     0.344954
      1120.00     0.344767
      1121.00     0.344530
      1122.00     0.344294
      1123.00     0.344057
      1124.00     0.343820
      1125.00     0.343722
      1126.00     0.343624
      1127.00     0.343526
      1128.00     0.343428
      1129.00     0.343549
      1130.00     0.343670
      1131.00     0.343792
      1132.00     0.343913
      1133.00     0.344381
      1134.00     0.344849
      1135.00     0.345318
      1136.00     0.345786
      1137.00     0.346326
      1138.00     0.346865
      1139.00     0.347405
      1140.00     0.347945
      1141.00     0.347797
      1142.00     0.347650
      1143.00     0.347502
      1144.00     0.347354
      1145.00     0.347882
      1146.00     0.348410
      1147.00     0.348938
      1148.00     0.349466
      1149.00     0.348515
      1150.00     0.347564
      1151.00     0.346613
      1152.00     0.345662
      1153.00     0.346229
      1154.00     0.346796
      1155.00     0.347363
      1156.00     0.347930
      1157.00     0.348097
      1158.00     0.348264
      1159.00     0.348430
      1160.00     0.348597
      1161.00     0.348487
      1162.00     0.348377
      1163.00     0.348266
      1164.00     0.348156
      1165.00     0.348335
      1166.00     0.348514
      1167.00     0.348693
      1168.00     0.348872
      1169.00     0.349423
      1170.00     0.349975
      1171.00     0.350526
      1172.00     0.351077
      1173.00     0.352524
      1174.00     0.353972
      1175.00     0.355419
      1176.00     0.356867
      1177.00     0.357342
      1178.00     0.357818
      1179.00     0.358294
      1180.00     0.358769
      1181.00     0.358819
      1182.00     0.358869
      1183.00     0.358918
      1184.00     0.358968
      1185.00     0.359068
      1186.00     0.359168
      1187.00     0.359268
      1188.00     0.359368
      1189.00     0.359568
      1190.00     0.359769
      1191.00     0.359969
      1192.00     0.360170
      1193.00     0.360271
      1194.00     0.360371
      1195.00     0.360471
      1196.00     0.360572
      1197.00     0.360394
      1198.00     0.360216
      1199.00     0.360037
      1200.00     0.359859
      1201.00     0.359764
      1202.00     0.359668
      1203.00     0.359573
      1204.00     0.359477
      1205.00     0.359578
      1206.00     0.359679
      1207.00     0.359780
      1208.00     0.359881
      1209.00     0.361427
      1210.00     0.362972
      1211.00     0.364518
      1212.00     0.366064
      1213.00     0.367168
      1214.00     0.368271
      1215.00     0.369375
      1216.00     0.370479
      1217.00     0.370598
      1218.00     0.370717
      1219.00     0.370836
      1220.00     0.370955
      1221.00     0.370359
      1222.00     0.369763
      1223.00     0.369167
      1224.00     0.368571
      1225.00     0.367434
      1226.00     0.366296
      1227.00     0.365158
      1228.00     0.364021
      1229.00     0.363817
      1230.00     0.363613
      1231.00     0.363408
      1232.00     0.363204
      1233.00     0.363085
      1234.00     0.362966
      1235.00     0.362847
      1236.00     0.362728
      1237.00     0.362855
      1238.00     0.362981
      1239.00     0.363108
      1240.00     0.363235
      1241.00     0.363971
      1242.00     0.364707
      1243.00     0.365442
      1244.00     0.366178
      1245.00     0.366406
      1246.00     0.366634
      1247.00     0.366861
      1248.00     0.367089
      1249.00     0.368341
      1250.00     0.369592
      1251.00     0.370844
      1252.00     0.372096
      1253.00     0.372397
      1254.00     0.372697
      1255.00     0.372998
      1256.00     0.373299
      1257.00     0.373757
      1258.00     0.374215
      1259.00     0.374674
      1260.00     0.375132
      1261.00     0.375201
      1262.00     0.375269
      1263.00     0.375337
      1264.00     0.375406
      1265.00     0.375300
      1266.00     0.375193
      1267.00     0.375086
      1268.00     0.374980
      1269.00     0.374980
      1270.00     0.374980
      1271.00     0.374980
      1272.00     0.374980
      1273.00     0.375764
      1274.00     0.376548
      1275.00     0.377332
      1276.00     0.378116
      1277.00     0.378247
      1278.00     0.378379
      1279.00     0.378510
      1280.00     0.378641
      1281.00     0.378581
      1282.00     0.378520
      1283.00     0.378460
      1284.00     0.378400
      1285.00     0.378531
      1286.00     0.378661
      1287.00     0.378792
      1288.00     0.378922
      1289.00     0.378327
      1290.00     0.377732
      1291.00     0.377136
      1292.00     0.376541
      1293.00     0.377382
      1294.00     0.378224
      1295.00     0.379066
      1296.00     0.379907
      1297.00     0.379802
      1298.00     0.379696
      1299.00     0.379591
      1300.00     0.379486
      1301.00     0.379381
      1302.00     0.379276
      1303.00     0.379171
      1304.00     0.379066
      1305.00     0.379588
      1306.00     0.380109
      1307.00     0.380631
      1308.00     0.381153
      1309.00     0.381427
      1310.00     0.381701
      1311.00     0.381975
      1312.00     0.382249
      1313.00     0.382249
      1314.00     0.382249
      1315.00     0.382249
      1316.00     0.382249
      1317.00     0.382417
      1318.00     0.382585
      1319.00     0.382752
      1320.00     0.382920
      1321.00     0.382973
      1322.00     0.383026
      1323.00     0.383079
      1324.00     0.383132
      1325.00     0.382779
      1326.00     0.382427
      1327.00     0.382074
      1328.00     0.381721
      1329.00     0.381469
      1330.00     0.381216
      1331.00     0.380964
      1332.00     0.380712
      1333.00     0.381244
      1334.00     0.381777
      1335.00     0.382309
      1336.00     0.382842
      1337.00     0.382236
      1338.00     0.381631
      1339.00     0.381025
      1340.00     0.380420
      1341.00     0.380981
      1342.00     0.381543
      1343.00     0.382104
      1344.00     0.382665
      1345.00     0.382920
      1346.00     0.383174
      1347.00     0.383429
      1348.00     0.383684
      1349.00     0.383185
      1350.00     0.382686
      1351.00     0.382186
      1352.00     0.381687
      1353.00     0.382506
      1354.00     0.383326
      1355.00     0.384145
      1356.00     0.384965
      1357.00     0.384554
      1358.00     0.384143
      1359.00     0.383733
      1360.00     0.383322
      1361.00     0.383571
      1362.00     0.383820
      1363.00     0.384069
      1364.00     0.384318
      1365.00     0.384554
      1366.00     0.384790
      1367.00     0.385026
      1368.00     0.385262
      1369.00     0.384551
      1370.00     0.383840
      1371.00     0.383129
      1372.00     0.382418
      1373.00     0.382414
      1374.00     0.382411
      1375.00     0.382407
      1376.00     0.382404
      1377.00     0.382851
      1378.00     0.383298
      1379.00     0.383746
      1380.00     0.384193
      1381.00     0.384167
      1382.00     0.384142
      1383.00     0.384117
      1384.00     0.384091
      1385.00     0.383531
      1386.00     0.382971
      1387.00     0.382411
      1388.00     0.381851
      1389.00     0.381712
      1390.00     0.381572
      1391.00     0.381433
      1392.00     0.381293
      1393.00     0.380982
      1394.00     0.380670
      1395.00     0.380358
      1396.00     0.380047
      1397.00     0.380047
      1398.00     0.380047
      1399.00     0.380047
      1400.00     0.380047
      1401.00     0.380376
      1402.00     0.380706
      1403.00     0.381036
      1404.00     0.381365
      1405.00     0.379577
      1406.00     0.377788
      1407.00     0.376000
      1408.00     0.374212
      1409.00     0.374408
      1410.00     0.374603
      1411.00     0.374799
      1412.00     0.374994
      1413.00     0.375781
      1414.00     0.376568
      1415.00     0.377355
      1416.00     0.378142
      1417.00     0.378475
      1418.00     0.378808
      1419.00     0.379141
      1420.00     0.379474
      1421.00     0.380059
      1422.00     0.380645
      1423.00     0.381231
      1424.00     0.381816
      1425.00     0.381861
      1426.00     0.381905
      1427.00     0.381950
      1428.00     0.381995
      1429.00     0.381751
      1430.00     0.381507
      1431.00     0.381263
      1432.00     0.381019
      1433.00     0.381475
      1434.00     0.381930
      1435.00     0.382386
      1436.00     0.382842
      1437.00     0.383115
      1438.00     0.383387
      1439.00     0.383660
      1440.00     0.383933
      1441.00     0.384106
      1442.00     0.384278
      1443.00     0.384451
      1444.00     0.384624
      1445.00     0.384531
      1446.00     0.384438
      1447.00     0.384345
      1448.00     0.384252
      1449.00     0.384908
      1450.00     0.385565
      1451.00     0.386221
      1452.00     0.386877
      1453.00     0.387195
      1454.00     0.387513
      1455.00     0.387831
      1456.00     0.388149
      1457.00     0.387870
      1458.00     0.387590
      1459.00     0.387311
      1460.00     0.387032
      1461.00     0.387134
      1462.00     0.387236
      1463.00     0.387338
      1464.00     0.387440
      1465.00     0.387333
      1466.00     0.387227
      1467.00     0.387120
      1468.00     0.387013
      1469.00     0.387392
      1470.00     0.387771
      1471.00     0.388150
      1472.00     0.388529
      1473.00     0.388529
      1474.00     0.388529
      1475.00     0.388529
      1476.00     0.388529
      1477.00     0.389316
      1478.00     0.390103
      1479.00     0.390890
      1480.00     0.391677
      1481.00     0.392058
      1482.00     0.392439
      1483.00     0.392820
      1484.00     0.393201
      1485.00     0.393473
      1486.00     0.393745
      1487.00     0.394018
      1488.00     0.394290
      1489.00     0.394399
      1490.00     0.394509
      1491.00     0.394619
      1492.00     0.394728
      1493.00     0.394837
      1494.00     0.394947
      1495.00     0.395057
      1496.00     0.395166
      1497.00     0.395140
      1498.00     0.395113
      1499.00     0.395086
      1500.00     0.395060
      1501.00     0.395219
      1502.00     0.395378
      1503.00     0.395537
      1504.00     0.395696
      1505.00     0.395748
      1506.00     0.395801
      1507.00     0.395853
      1508.00     0.395906
      1509.00     0.395746
      1510.00     0.395586
      1511.00     0.395426
      1512.00     0.395266
      1513.00     0.395266
      1514.00     0.395266
      1515.00     0.395266
      1516.00     0.395266
      1517.00     0.394467
      1518.00     0.393668
      1519.00     0.392869
      1520.00     0.392070
      1521.00     0.392405
      1522.00     0.392740
      1523.00     0.393076
      1524.00     0.393411
      1525.00     0.394210
      1526.00     0.395010
      1527.00     0.395810
      1528.00     0.396609
      1529.00     0.398001
      1530.00     0.399393
      1531.00     0.400785
      1532.00     0.402177
      1533.00     0.401656
      1534.00     0.401134
      1535.00     0.400613
      1536.00     0.400092
      1537.00     0.399434
      1538.00     0.398776
      1539.00     0.398117
      1540.00     0.397459
      1541.00     0.397621
      1542.00     0.397783
      1543.00     0.397944
      1544.00     0.398106
      1545.00     0.398268
      1546.00     0.398430
      1547.00     0.398592
      1548.00     0.398754
      1549.00     0.399216
      1550.00     0.399678
      1551.00     0.400139
      1552.00     0.400601
      1553.00     0.400922
      1554.00     0.401244
      1555.00     0.401565
      1556.00     0.401886
      1557.00     0.402116
      1558.00     0.402347
      1559.00     0.402578
      1560.00     0.402808
      1561.00     0.402645
      1562.00     0.402481
      1563.00     0.402317
      1564.00     0.402154
      1565.00     0.401779
      1566.00     0.401403
      1567.00     0.401028
      1568.00     0.400653
      1569.00     0.400865
      1570.00     0.401077
      1571.00     0.401289
      1572.00     0.401501
      1573.00     0.401767
      1574.00     0.402033
      1575.00     0.402299
      1576.00     0.402565
      1577.00     0.402517
      1578.00     0.402469
      1579.00     0.402420
      1580.00     0.402372
      1581.00     0.401942
      1582.00     0.401513
      1583.00     0.401083
      1584.00     0.400653
      1585.00     0.400762
      1586.00     0.400871
      1587.00     0.400979
      1588.00     0.401088
      1589.00     0.401409
      1590.00     0.401730
      1591.00     0.402051
      1592.00     0.402372
      1593.00     0.402366
      1594.00     0.402360
      1595.00     0.402354
      1596.00     0.402348
      1597.00     0.402022
      1598.00     0.401697
      1599.00     0.401371
      1600.00     0.401046
      1601.00     0.401100
      1602.00     0.401154
      1603.00     0.401209
      1604.00     0.401263
      1605.00     0.401366
      1606.00     0.401469
      1607.00     0.401571
      1608.00     0.401674
      1609.00     0.401744
      1610.00     0.401814
      1611.00     0.401884
      1612.00     0.401954
      1613.00     0.401830
      1614.00     0.401706
      1615.00     0.401581
      1616.00     0.401457
      1617.00     0.402541
      1618.00     0.403624
      1619.00     0.404707
      1620.00     0.405791
      1621.00     0.405400
      1622.00     0.405010
      1623.00     0.404619
      1624.00     0.404228
      1625.00     0.404236
      1626.00     0.404244
      1627.00     0.404252
      1628.00     0.404260
      1629.00     0.404853
      1630.00     0.405446
      1631.00     0.406040
      1632.00     0.406633
      1633.00     0.407008
      1634.00     0.407384
      1635.00     0.407759
      1636.00     0.408135
      1637.00     0.408025
      1638.00     0.407915
      1639.00     0.407804
      1640.00     0.407694
      1641.00     0.407568
      1642.00     0.407442
      1643.00     0.407316
      1644.00     0.407190
      1645.00     0.406598
      1646.00     0.406006
      1647.00     0.405414
      1648.00     0.404822
      1649.00     0.405040
      1650.00     0.405258
      1651.00     0.405475
      1652.00     0.405693
      1653.00     0.406122
      1654.00     0.406552
      1655.00     0.406981
      1656.00     0.407410
      1657.00     0.407471
      1658.00     0.407532
      1659.00     0.407593
      1660.00     0.407654
      1661.00     0.406946
      1662.00     0.406238
      1663.00     0.405530
      1664.00     0.404822
      1665.00     0.404923
      1666.00     0.405024
      1667.00     0.405125
      1668.00     0.405226
      1669.00     0.405713
      1670.00     0.406201
      1671.00     0.406689
      1672.00     0.407176
      1673.00     0.407589
      1674.00     0.408003
      1675.00     0.408417
      1676.00     0.408830
      1677.00     0.408666
      1678.00     0.408502
      1679.00     0.408337
      1680.00     0.408173
      1681.00     0.407955
      1682.00     0.407736
      1683.00     0.407517
      1684.00     0.407299
      1685.00     0.407661
      1686.00     0.408024
      1687.00     0.408387
      1688.00     0.408749
      1689.00     0.408957
      1690.00     0.409165
      1691.00     0.409373
      1692.00     0.409581
      1693.00     0.409091
      1694.00     0.408601
      1695.00     0.408112
      1696.00     0.407622
      1697.00     0.408189
      1698.00     0.408755
      1699.00     0.409322
      1700.00     0.409889
      1701.00     0.409791
      1702.00     0.409693
      1703.00     0.409595
      1704.00     0.409497
      1705.00     0.409551
      1706.00     0.409606
      1707.00     0.409660
      1708.00     0.409714
      1709.00     0.409299
      1710.00     0.408885
      1711.00     0.408471
      1712.00     0.408056
      1713.00     0.408557
      1714.00     0.409059
      1715.00     0.409561
      1716.00     0.410062
      1717.00     0.410250
      1718.00     0.410437
      1719.00     0.410625
      1720.00     0.410813
      1721.00     0.410786
      1722.00     0.410758
      1723.00     0.410731
      1724.00     0.410704
      1725.00     0.410731
      1726.00     0.410758
      1727.00     0.410786
      1728.00     0.410813
      1729.00     0.410526
      1730.00     0.410239
      1731.00     0.409953
      1732.00     0.409666
      1733.00     0.409988
      1734.00     0.410309
      1735.00     0.410631
      1736.00     0.410953
      1737.00     0.410776
      1738.00     0.410599
      1739.00     0.410423
      1740.00     0.410246
      1741.00     0.410093
      1742.00     0.409940
      1743.00     0.409787
      1744.00     0.409634
      1745.00     0.409854
      1746.00     0.410074
      1747.00     0.410293
      1748.00     0.410513
      1749.00     0.411401
      1750.00     0.412290
      1751.00     0.413178
      1752.00     0.414066
      1753.00     0.413761
      1754.00     0.413456
      1755.00     0.413151
      1756.00     0.412846
      1757.00     0.412440
      1758.00     0.412035
      1759.00     0.411629
      1760.00     0.411223
      1761.00     0.411266
      1762.00     0.411309
      1763.00     0.411352
      1764.00     0.411395
      1765.00     0.411065
      1766.00     0.410734
      1767.00     0.410403
      1768.00     0.410073
      1769.00     0.410116
      1770.00     0.410160
      1771.00     0.410203
      1772.00     0.410246
      1773.00     0.410495
      1774.00     0.410744
      1775.00     0.410994
      1776.00     0.411243
      1777.00     0.411671
      1778.00     0.412098
      1779.00     0.412525
      1780.00     0.412953
      1781.00     0.412721
      1782.00     0.412489
      1783.00     0.412257
      1784.00     0.412025
      1785.00     0.411916
      1786.00     0.411806
      1787.00     0.411696
      1788.00     0.411587
      1789.00     0.411642
      1790.00     0.411696
      1791.00     0.411751
      1792.00     0.411806
      1793.00     0.412024
      1794.00     0.412243
      1795.00     0.412462
      1796.00     0.412680
      1797.00     0.412845
      1798.00     0.413010
      1799.00     0.413175
      1800.00     0.413340
      1801.00     0.412902
      1802.00     0.412463
      1803.00     0.412025
      1804.00     0.411587
      1805.00     0.411806
      1806.00     0.412025
      1807.00     0.412244
      1808.00     0.412463
      1809.00     0.412903
      1810.00     0.413343
      1811.00     0.413783
      1812.00     0.414223
      1813.00     0.414210
      1814.00     0.414197
      1815.00     0.414184
      1816.00     0.414171
      1817.00     0.413949
      1818.00     0.413728
      1819.00     0.413506
      1820.00     0.413285
      1821.00     0.413505
      1822.00     0.413725
      1823.00     0.413946
      1824.00     0.414166
      1825.00     0.414416
      1826.00     0.414667
      1827.00     0.414917
      1828.00     0.415168
      1829.00     0.414905
      1830.00     0.414643
      1831.00     0.414380
      1832.00     0.414117
      1833.00     0.414229
      1834.00     0.414342
      1835.00     0.414454
      1836.00     0.414566
      1837.00     0.414664
      1838.00     0.414762
      1839.00     0.414859
      1840.00     0.414957
      1841.00     0.414775
      1842.00     0.414593
      1843.00     0.414410
      1844.00     0.414228
      1845.00     0.414296
      1846.00     0.414365
      1847.00     0.414433
      1848.00     0.414501
      1849.00     0.414034
      1850.00     0.413566
      1851.00     0.413099
      1852.00     0.412632
      1853.00     0.412850
      1854.00     0.413068
      1855.00     0.413287
      1856.00     0.413505
      1857.00     0.413906
      1858.00     0.414307
      1859.00     0.414708
      1860.00     0.415109
      1861.00     0.415501
      1862.00     0.415892
      1863.00     0.416284
      1864.00     0.416676
      1865.00     0.415431
      1866.00     0.414185
      1867.00     0.412940
      1868.00     0.411695
      1869.00     0.411037
      1870.00     0.410379
      1871.00     0.409722
      1872.00     0.409064
      1873.00     0.408646
      1874.00     0.408229
      1875.00     0.407811
      1876.00     0.407394
      1877.00     0.406985
      1878.00     0.406577
      1879.00     0.406168
      1880.00     0.405759
      1881.00     0.404496
      1882.00     0.403233
      1883.00     0.401970
      1884.00     0.400707
      1885.00     0.400934
      1886.00     0.401161
      1887.00     0.401387
      1888.00     0.401614
      1889.00     0.400162
      1890.00     0.398709
      1891.00     0.397256
      1892.00     0.395804
      1893.00     0.394011
      1894.00     0.392217
      1895.00     0.390424
      1896.00     0.388631
      1897.00     0.387244
      1898.00     0.385856
      1899.00     0.384468
      1900.00     0.383081
      1901.00     0.381677
      1902.00     0.380273
      1903.00     0.378869
      1904.00     0.377465
      1905.00     0.377970
      1906.00     0.378476
      1907.00     0.378982
      1908.00     0.379487
      1909.00     0.378756
      1910.00     0.378026
      1911.00     0.377295
      1912.00     0.376564
      1913.00     0.376296
      1914.00     0.376028
      1915.00     0.375760
      1916.00     0.375492
      1917.00     0.375698
      1918.00     0.375905
      1919.00     0.376112
      1920.00     0.376318
      1921.00     0.376595
      1922.00     0.376873
      1923.00     0.377151
      1924.00     0.377428
      1925.00     0.377927
      1926.00     0.378427
      1927.00     0.378926
      1928.00     0.379425
      1929.00     0.379441
      1930.00     0.379456
      1931.00     0.379472
      1932.00     0.379487
      1933.00     0.379721
      1934.00     0.379956
      1935.00     0.380190
      1936.00     0.380424
      1937.00     0.381665
      1938.00     0.382906
      1939.00     0.384148
      1940.00     0.385389
      1941.00     0.385373
      1942.00     0.385357
      1943.00     0.385341
      1944.00     0.385325
      1945.00     0.385274
      1946.00     0.385222
      1947.00     0.385171
      1948.00     0.385120
      1949.00     0.385537
      1950.00     0.385953
      1951.00     0.386370
      1952.00     0.386787
      1953.00     0.386736
      1954.00     0.386684
      1955.00     0.386633
      1956.00     0.386582
      1957.00     0.386636
      1958.00     0.386690
      1959.00     0.386744
      1960.00     0.386798
      1961.00     0.386750
      1962.00     0.386701
      1963.00     0.386653
      1964.00     0.386605
      1965.00     0.386959
      1966.00     0.387314
      1967.00     0.387668
      1968.00     0.388023
      1969.00     0.388641
      1970.00     0.389259
      1971.00     0.389877
      1972.00     0.390495
      1973.00     0.391122
      1974.00     0.391748
      1975.00     0.392375
      1976.00     0.393002
      1977.00     0.393251
      1978.00     0.393499
      1979.00     0.393748
      1980.00     0.393997
      1981.00     0.394150
      1982.00     0.394304
      1983.00     0.394458
      1984.00     0.394611
      1985.00     0.395073
      1986.00     0.395535
      1987.00     0.395996
      1988.00     0.396458
      1989.00     0.396919
      1990.00     0.397380
      1991.00     0.397841
      1992.00     0.398302
      1993.00     0.398618
      1994.00     0.398933
      1995.00     0.399249
      1996.00     0.399564
      1997.00     0.399821
      1998.00     0.400078
      1999.00     0.400334
      2000.00     0.400591
      2001.00     0.401150
      2002.00     0.401709
      2003.00     0.402267
      2004.00     0.402826
      2005.00     0.403082
      2006.00     0.403338
      2007.00     0.403594
      2008.00     0.403850
      2009.00     0.403948
      2010.00     0.404045
      2011.00     0.404143
      2012.00     0.404241
      2013.00     0.404075
      2014.00     0.403910
      2015.00     0.403744
      2016.00     0.403578
      2017.00     0.403667
      2018.00     0.403756
      2019.00     0.403846
      2020.00     0.403935
      2021.00     0.403935
      2022.00     0.403935
      2023.00     0.403935
      2024.00     0.403935
      2025.00     0.404092
      2026.00     0.404249
      2027.00     0.404406
      2028.00     0.404563
      2029.00     0.404708
      2030.00     0.404853
      2031.00     0.404999
      2032.00     0.405144
      2033.00     0.405288
      2034.00     0.405431
      2035.00     0.405575
      2036.00     0.405718
      2037.00     0.405666
      2038.00     0.405613
      2039.00     0.405561
      2040.00     0.405509
      2041.00     0.405465
      2042.00     0.405422
      2043.00     0.405378
      2044.00     0.405335
      2045.00     0.406345
      2046.00     0.407355
      2047.00     0.408365
      2048.00     0.409375
      2049.00     0.409164
      2050.00     0.408953
      2051.00     0.408743
      2052.00     0.408532
      2053.00     0.408217
      2054.00     0.407902
      2055.00     0.407588
      2056.00     0.407273
      2057.00     0.407630
      2058.00     0.407988
      2059.00     0.408345
      2060.00     0.408702
      2061.00     0.409301
      2062.00     0.409900
      2063.00     0.410498
      2064.00     0.411097
      2065.00     0.410689
      2066.00     0.410281
      2067.00     0.409873
      2068.00     0.409465
      2069.00     0.409012
      2070.00     0.408560
      2071.00     0.408107
      2072.00     0.407654
      2073.00     0.408515
      2074.00     0.409375
      2075.00     0.410236
      2076.00     0.411097
      2077.00     0.411024
      2078.00     0.410951
      2079.00     0.410878
      2080.00     0.411047
      2081.00     0.412388
      2082.00     0.411056
      2083.00     0.410402
      2084.00     0.412014
      2085.00     0.411581
      2086.00     0.409713
      2087.00     0.409530
      2088.00     0.409665
      2089.00     0.409823
      2090.00     0.411428
      2091.00     0.412405
      2092.00     0.411449
      2093.00     0.411749
      2094.00     0.412368
      2095.00     0.410906
      2096.00     0.410482
      2097.00     0.410779
      2098.00     0.412416
      2099.00     0.412807
      2100.00     0.411630
      2101.00     0.411549
      2102.00     0.411522
      2103.00     0.411595
      2104.00     0.412042
      2105.00     0.412615
      2106.00     0.411989
      2107.00     0.410232
      2108.00     0.410255
      2109.00     0.410786
      2110.00     0.411085
      2111.00     0.411338
      2112.00     0.411620
      2113.00     0.412748
      2114.00     0.413068
      2115.00     0.413502
      2116.00     0.413114
      2117.00     0.411757
      2118.00     0.410334
      2119.00     0.410237
      2120.00     0.412124
      2121.00     0.413121
      2122.00     0.413214
      2123.00     0.412737
      2124.00     0.410703
      2125.00     0.411179
      2126.00     0.412219
      2127.00     0.411241
      2128.00     0.410591
      2129.00     0.410062
      2130.00     0.410031
      2131.00     0.410657
      2132.00     0.411232
      2133.00     0.411002
      2134.00     0.411024
      2135.00     0.411448
      2136.00     0.410756
      2137.00     0.410980
      2138.00     0.411663
      2139.00     0.410952
      2140.00     0.411239
      2141.00     0.411437
      2142.00     0.411370
      2143.00     0.411220
      2144.00     0.409818
      2145.00     0.410349
      2146.00     0.409903
      2147.00     0.409232
      2148.00     0.410167
      2149.00     0.410693
      2150.00     0.409934
      2151.00     0.408477
      2152.00     0.409215
      2153.00     0.410908
      2154.00     0.410922
      2155.00     0.409607
      2156.00     0.409163
      2157.00     0.409435
      2158.00     0.410056
      2159.00     0.410478
      2160.00     0.409244
      2161.00     0.405692
      2162.00     0.404657
      2163.00     0.406910
      2164.00     0.408149
      2165.00     0.407035
      2166.00     0.406320
      2167.00     0.406948
      2168.00     0.405943
      2169.00     0.403343
      2170.00     0.403856
      2171.00     0.406792
      2172.00     0.407659
      2173.00     0.405282
      2174.00     0.405315
      2175.00     0.406830
      2176.00     0.406425
      2177.00     0.404525
      2178.00     0.404867
      2179.00     0.405839
      2180.00     0.404950
      2181.00     0.403146
      2182.00     0.403209
      2183.00     0.402955
      2184.00     0.403073
      2185.00     0.403881
      2186.00     0.403992
      2187.00     0.403306
      2188.00     0.403086
      2189.00     0.403222
      2190.00     0.402893
      2191.00     0.402844
      2192.00     0.402792
      2193.00     0.401974
      2194.00     0.402269
      2195.00     0.402021
      2196.00     0.402468
      2197.00     0.402412
      2198.00     0.401194
      2199.00     0.399993
      2200.00     0.400262
      2201.00     0.400909
      2202.00     0.400369
      2203.00     0.400013
      2204.00     0.400627
      2205.00     0.401390
      2206.00     0.400846
      2207.00     0.400099
      2208.00     0.399130
      2209.00     0.399822
      2210.00     0.400108
      2211.00     0.401002
      2212.00     0.402137
      2213.00     0.402984
      2214.00     0.403301
      2215.00     0.404190
      2216.00     0.405379
      2217.00     0.405433
      2218.00     0.404024
      2219.00     0.403612
      2220.00     0.406125
      2221.00     0.406873
      2222.00     0.405937
      2223.00     0.406244
      2224.00     0.407392
      2225.00     0.406549
      2226.00     0.407279
      2227.00     0.407920
      2228.00     0.407665
      2229.00     0.407064
      2230.00     0.407023
      2231.00     0.407727
      2232.00     0.407976
      2233.00     0.408069
      2234.00     0.407933
      2235.00     0.407893
      2236.00     0.407923
      2237.00     0.406654
      2238.00     0.406279
      2239.00     0.406397
      2240.00     0.406439
      2241.00     0.407051
      2242.00     0.407382
      2243.00     0.407620
      2244.00     0.406880
      2245.00     0.405906
      2246.00     0.405232
      2247.00     0.406248
      2248.00     0.407382
      2249.00     0.406334
      2250.00     0.406438
      2251.00     0.406161
      2252.00     0.404694
      2253.00     0.404794
      2254.00     0.405180
      2255.00     0.405751
      2256.00     0.405281
      2257.00     0.404869
      2258.00     0.405359
      2259.00     0.404816
      2260.00     0.403967
      2261.00     0.405184
      2262.00     0.406790
      2263.00     0.405818
      2264.00     0.404213
      2265.00     0.404360
      2266.00     0.404781
      2267.00     0.404085
      2268.00     0.403504
      2269.00     0.404060
      2270.00     0.403930
      2271.00     0.403892
      2272.00     0.404293
      2273.00     0.404884
      2274.00     0.405016
      2275.00     0.404486
      2276.00     0.403404
      2277.00     0.402811
      2278.00     0.403670
      2279.00     0.403966
      2280.00     0.403178
      2281.00     0.403293
      2282.00     0.403516
      2283.00     0.403620
      2284.00     0.403187
      2285.00     0.402644
      2286.00     0.403146
      2287.00     0.403307
      2288.00     0.402627
      2289.00     0.402878
      2290.00     0.402946
      2291.00     0.401920
      2292.00     0.401366
      2293.00     0.401873
      2294.00     0.402451
      2295.00     0.403150
      2296.00     0.402597
      2297.00     0.402047
      2298.00     0.401819
      2299.00     0.401564
      2300.00     0.401818
      2301.00     0.402127
      2302.00     0.401466
      2303.00     0.401112
      2304.00     0.400987
      2305.00     0.400250
      2306.00     0.399309
      2307.00     0.399378
      2308.00     0.399547
      2309.00     0.399792
      2310.00     0.399810
      2311.00     0.399611
      2312.00     0.399586
      2313.00     0.399138
      2314.00     0.399113
      2315.00     0.399862
      2316.00     0.400211
      2317.00     0.400223
      2318.00     0.399978
      2319.00     0.399046
      2320.00     0.398689
      2321.00     0.399508
      2322.00     0.400449
      2323.00     0.400600
      2324.00     0.400156
      2325.00     0.399539
      2326.00     0.398962
      2327.00     0.399030
      2328.00     0.398799
      2329.00     0.398027
      2330.00     0.398739
      2331.00     0.399481
      2332.00     0.397927
      2333.00     0.396377
      2334.00     0.397444
      2335.00     0.398838
      2336.00     0.398040
      2337.00     0.397703
      2338.00     0.397757
      2339.00     0.396784
      2340.00     0.395983
      2341.00     0.396337
      2342.00     0.397033
      2343.00     0.396964
      2344.00     0.396506
      2345.00     0.396636
      2346.00     0.396613
      2347.00     0.395919
      2348.00     0.395539
      2349.00     0.394835
      2350.00     0.395499
      2351.00     0.396056
      2352.00     0.395646
      2353.00     0.395965
      2354.00     0.395556
      2355.00     0.395152
      2356.00     0.395387
      2357.00     0.395314
      2358.00     0.394969
      2359.00     0.394678
      2360.00     0.394093
      2361.00     0.393770
      2362.00     0.394541
      2363.00     0.394618
      2364.00     0.394281
      2365.00     0.394931
      2366.00     0.395515
      2367.00     0.395309
      2368.00     0.395181
      2369.00     0.394970
      2370.00     0.394839
      2371.00     0.394921
      2372.00     0.395229
      2373.00     0.395298
      2374.00     0.394526
      2375.00     0.393495
      2376.00     0.393947
      2377.00     0.394652
      2378.00     0.394592
      2379.00     0.394909
      2380.00     0.394354
      2381.00     0.393813
      2382.00     0.393244
      2383.00     0.392895
      2384.00     0.392745
      2385.00     0.392280
      2386.00     0.391632
      2387.00     0.391851
      2388.00     0.392279
      2389.00     0.392179
      2390.00     0.392166
      2391.00     0.392176
      2392.00     0.392541
      2393.00     0.392719
      2394.00     0.392112
      2395.00     0.391106
      2396.00     0.390790
      2397.00     0.391432
      2398.00     0.391995
      2399.00     0.392055
      2400.00     0.391833
      2401.00     0.391585
      2402.00     0.391535
      2403.00     0.391165
      2404.00     0.390184
      2405.00     0.389438
      2406.00     0.389815
      2407.00     0.391106
      2408.00     0.392408
      2409.00     0.392494
      2410.00     0.390961
      2411.00     0.389930
      2412.00     0.390072
      2413.00     0.389876
      2414.00     0.389112
      2415.00     0.388278
      2416.00     0.387802
      2417.00     0.387956
      2418.00     0.388888
      2419.00     0.388666
      2420.00     0.388934
      2421.00     0.389215
      2422.00     0.388712
      2423.00     0.388031
      2424.00     0.387784
      2425.00     0.387582
      2426.00     0.387046
      2427.00     0.387060
      2428.00     0.387275
      2429.00     0.386507
      2430.00     0.385200
      2431.00     0.384282
      2432.00     0.384286
      2433.00     0.384756
      2434.00     0.384829
      2435.00     0.384364
      2436.00     0.384285
      2437.00     0.384349
      2438.00     0.383520
      2439.00     0.382534
      2440.00     0.381814
      2441.00     0.381362
      2442.00     0.381826
      2443.00     0.382273
      2444.00     0.381769
      2445.00     0.381860
      2446.00     0.382296
      2447.00     0.382430
      2448.00     0.382077
      2449.00     0.381670
      2450.00     0.381737
      2451.00     0.381142
      2452.00     0.380462
      2453.00     0.379942
      2454.00     0.379532
      2455.00     0.379308
      2456.00     0.379446
      2457.00     0.380107
      2458.00     0.380506
      2459.00     0.380116
      2460.00     0.379480
      2461.00     0.378912
      2462.00     0.378786
      2463.00     0.379088
      2464.00     0.379000
      2465.00     0.378601
      2466.00     0.378711
      2467.00     0.377845
      2468.00     0.376939
      2469.00     0.376799
      2470.00     0.377080
      2471.00     0.376862
      2472.00     0.377118
      2473.00     0.377423
      2474.00     0.376864
      2475.00     0.376023
      2476.00     0.375798
      2477.00     0.376278
      2478.00     0.376523
      2479.00     0.375732
      2480.00     0.374675
      2481.00     0.374367
      2482.00     0.374850
      2483.00     0.375188
      2484.00     0.375076
      2485.00     0.375450
      2486.00     0.374780
      2487.00     0.373935
      2488.00     0.373478
      2489.00     0.373447
      2490.00     0.373119
      2491.00     0.372606
      2492.00     0.373222
      2493.00     0.373948
      2494.00     0.373708
      2495.00     0.372349
      2496.00     0.371626
      2497.00     0.372740
      2498.00     0.373049
      2499.00     0.372845
      2500.00     0.372529
