      400.000   0.00200500
      401.000   0.00504800
      402.000   0.00378200
      403.000   0.00724400
      404.000   0.00854800
      405.000   0.00868600
      406.000   0.00868600
      407.000   0.00868600
      408.000   0.00873100
      409.000   0.00915200
      410.000   0.00912500
      411.000   0.00783200
      412.000   0.00954000
      413.000    0.0107960
      414.000    0.0107850
      415.000   0.00947900
      416.000   0.00822300
      417.000   0.00986000
      418.000   0.00979400
      419.000    0.0131720
      420.000    0.0131440
      421.000    0.0131220
      422.000    0.0131440
      423.000    0.0148700
      424.000    0.0165700
      425.000    0.0148980
      426.000    0.0152570
      427.000    0.0126760
      428.000    0.0110260
      429.000    0.0127050
      430.000    0.0169540
      431.000    0.0143800
      432.000    0.0160350
      433.000    0.0147490
      434.000    0.0160380
      435.000    0.0193310
      436.000    0.0193510
      437.000    0.0193670
      438.000    0.0180700
      439.000    0.0196950
      440.000    0.0196840
      441.000    0.0197000
      442.000    0.0183710
      443.000    0.0200320
      444.000    0.0212890
      445.000    0.0212740
      446.000    0.0199920
      447.000    0.0216440
      448.000    0.0199780
      449.000    0.0215740
      450.000    0.0216520
      451.000    0.0216610
      452.000    0.0248560
      453.000    0.0247920
      454.000    0.0248950
      455.000    0.0248560
      456.000    0.0264950
      457.000    0.0264650
      458.000    0.0263010
      459.000    0.0262420
      460.000    0.0272480
      461.000    0.0271610
      462.000    0.0246300
      463.000    0.0246930
      464.000    0.0263430
      465.000    0.0249460
      466.000    0.0261470
      467.000    0.0262720
      468.000    0.0262540
      469.000    0.0262180
      470.000    0.0262900
      471.000    0.0294570
      472.000    0.0294570
      473.000    0.0294570
      474.000    0.0294790
      475.000    0.0295450
      476.000    0.0309820
      477.000    0.0310050
      478.000    0.0309580
      479.000    0.0308630
      480.000    0.0309340
      481.000    0.0310290
      482.000    0.0309100
      483.000    0.0295510
      484.000    0.0307680
      485.000    0.0306740
      486.000    0.0333940
      487.000    0.0324900
      488.000    0.0325160
      489.000    0.0348860
      490.000    0.0306970
      491.000    0.0321830
      492.000    0.0306500
      493.000    0.0323610
      494.000    0.0324640
      495.000    0.0322590
      496.000    0.0322850
      497.000    0.0362760
      498.000    0.0338170
      499.000    0.0340930
      500.000    0.0364210
      501.000    0.0346960
      502.000    0.0363630
      503.000    0.0362470
      504.000    0.0363050
      505.000    0.0362470
      506.000    0.0362760
      507.000    0.0361890
      508.000    0.0362470
      509.000    0.0377120
      510.000    0.0377420
      511.000    0.0375620
      512.000    0.0376520
      513.000    0.0374730
      514.000    0.0375030
      515.000    0.0419830
      516.000    0.0373550
      517.000    0.0385160
      518.000    0.0415380
      519.000    0.0386070
      520.000    0.0420520
      521.000    0.0388810
      522.000    0.0388200
      523.000    0.0418450
      524.000    0.0398900
      525.000    0.0398590
      526.000    0.0397350
      527.000    0.0416400
      528.000    0.0440330
      529.000    0.0440330
      530.000    0.0439620
      531.000    0.0438560
      532.000    0.0407630
      533.000    0.0441750
      534.000    0.0445700
      535.000    0.0444980
      536.000    0.0442830
      537.000    0.0470510
      538.000    0.0467510
      539.000    0.0467880
      540.000    0.0465650
      541.000    0.0464540
      542.000    0.0434150
      543.000    0.0445270
      544.000    0.0476620
      545.000    0.0444260
      546.000    0.0447310
      547.000    0.0460850
      548.000    0.0461900
      549.000    0.0490230
      550.000    0.0487920
      551.000    0.0485630
      552.000    0.0495690
      553.000    0.0464200
      554.000    0.0494150
      555.000    0.0476520
      556.000    0.0506850
      557.000    0.0507640
      558.000    0.0511190
      559.000    0.0505870
      560.000    0.0503490
      561.000    0.0515180
      562.000    0.0527810
      563.000    0.0550920
      564.000    0.0535570
      565.000    0.0537220
      566.000    0.0537640
      567.000    0.0550490
      568.000    0.0550910
      569.000    0.0551750
      570.000    0.0568160
      571.000    0.0577040
      572.000    0.0573490
      573.000    0.0563350
      574.000    0.0583810
      575.000    0.0586550
      576.000    0.0573380
      577.000    0.0594900
      578.000    0.0599620
      579.000    0.0611940
      580.000    0.0596960
      581.000    0.0593730
      582.000    0.0592360
      583.000    0.0591900
      584.000    0.0596500
      585.000    0.0642530
      586.000    0.0625000
      587.000    0.0637360
      588.000    0.0596960
      589.000    0.0625000
      590.000    0.0638510
      591.000    0.0621630
      592.000    0.0634430
      593.000    0.0633950
      594.000    0.0632010
      595.000    0.0638830
      596.000    0.0647230
      597.000    0.0659030
      598.000    0.0661560
      599.000    0.0673280
      600.000    0.0667250
      601.000    0.0664740
      602.000    0.0661250
      603.000    0.0683920
      604.000    0.0682900
      605.000    0.0696050
      606.000    0.0695000
      607.000    0.0704860
      608.000    0.0687790
      609.000    0.0688810
      610.000    0.0689320
      611.000    0.0702300
      612.000    0.0702300
      613.000    0.0700240
      614.000    0.0700750
      615.000    0.0700750
      616.000    0.0699210
      617.000    0.0711640
      618.000    0.0723860
      619.000    0.0715890
      620.000    0.0719060
      621.000    0.0730110
      622.000    0.0734360
      623.000    0.0727090
      624.000    0.0749730
      625.000    0.0730110
      626.000    0.0730640
      627.000    0.0733820
      628.000    0.0751390
      629.000    0.0750010
      630.000    0.0760800
      631.000    0.0748920
      632.000    0.0748380
      633.000    0.0746210
      634.000    0.0758600
      635.000    0.0758060
      636.000    0.0783480
      637.000    0.0770440
      638.000    0.0785080
      639.000    0.0804130
      640.000    0.0805280
      641.000    0.0805860
      642.000    0.0806430
      643.000    0.0781700
      644.000    0.0804130
      645.000    0.0817050
      646.000    0.0816470
      647.000    0.0812420
      648.000    0.0796730
      649.000    0.0812420
      650.000    0.0815310
      651.000    0.0830580
      652.000    0.0842940
      653.000    0.0846540
      654.000    0.0849570
      655.000    0.0806710
      656.000    0.0816330
      657.000    0.0870120
      658.000    0.0863990
      659.000    0.0865820
      660.000    0.0838260
      661.000    0.0883760
      662.000    0.0883130
      663.000    0.0890500
      664.000    0.0893640
      665.000    0.0894270
      666.000    0.0894270
      667.000    0.0879000
      668.000    0.0909210
      669.000    0.0906650
      670.000    0.0905380
      671.000    0.0904100
      672.000    0.0884120
      673.000    0.0908780
      674.000    0.0911890
      675.000    0.0915010
      676.000    0.0926150
      677.000    0.0916890
      678.000    0.0927410
      679.000    0.0925520
      680.000    0.0917370
      681.000    0.0919240
      682.000    0.0932180
      683.000    0.0944490
      684.000    0.0945770
      685.000    0.0968470
      686.000    0.0970430
      687.000    0.0971090
      688.000    0.0973070
      689.000    0.0987430
      690.000    0.0983430
      691.000    0.0983430
      692.000    0.0995770
      693.000    0.0997110
      694.000     0.101288
      695.000     0.101151
      696.000     0.101426
      697.000     0.100800
      698.000     0.101421
      699.000     0.103675
      700.000     0.103329
      701.000     0.103515
      702.000     0.103583
      703.000     0.103721
      704.000     0.105281
      705.000     0.105561
      706.000     0.105631
      707.000     0.106921
      708.000     0.105421
      709.000     0.106567
      710.000     0.109001
      711.000     0.110290
      712.000     0.109782
      713.000     0.109710
      714.000     0.109854
      715.000     0.109638
      716.000     0.109278
      717.000     0.111765
      718.000     0.111912
      719.000     0.112280
      720.000     0.114010
      721.000     0.110630
      722.000     0.111912
      723.000     0.112826
      724.000     0.115616
      725.000     0.115064
      726.000     0.116046
      727.000     0.115673
      728.000     0.115465
      729.000     0.115240
      730.000     0.115540
      731.000     0.116293
      732.000     0.118036
      733.000     0.119169
      734.000     0.121350
      735.000     0.122081
      736.000     0.122081
      737.000     0.120867
      738.000     0.122072
      739.000     0.122072
      740.000     0.122229
      741.000     0.122150
      742.000     0.121923
      743.000     0.121292
      744.000     0.122568
      745.000     0.124165
      746.000     0.122725
      747.000     0.123846
      748.000     0.126325
      749.000     0.126404
      750.000     0.126164
      751.000     0.125843
      752.000     0.124964
      753.000     0.127525
      754.000     0.125767
      755.000     0.126324
      756.000     0.127527
      757.000     0.128890
      758.000     0.127205
      759.000     0.131133
      760.000     0.131671
      761.000     0.130065
      762.000     0.129821
      763.000     0.131258
      764.000     0.131588
      765.000     0.131671
      766.000     0.131753
      767.000     0.131671
      768.000     0.132285
      769.000     0.133998
      770.000     0.133560
      771.000     0.133560
      772.000     0.134753
      773.000     0.133497
      774.000     0.135968
      775.000     0.136053
      776.000     0.136881
      777.000     0.137052
      778.000     0.137309
      779.000     0.138071
      780.000     0.138443
      781.000     0.136739
      782.000     0.137985
      783.000     0.139958
      784.000     0.139609
      785.000     0.140451
      786.000     0.141243
      787.000     0.141154
      788.000     0.142831
      789.000     0.143277
      790.000     0.142565
      791.000     0.142743
      792.000     0.141596
      793.000     0.142958
      794.000     0.138834
      795.000     0.143046
      796.000     0.144418
      797.000     0.145022
      798.000     0.144629
      799.000     0.144643
      800.000     0.150527
      801.000     0.150890
      802.000     0.151254
      803.000     0.151617
      804.000     0.151981
      805.000     0.152914
      806.000     0.153848
      807.000     0.154782
      808.000     0.155715
      809.000     0.156137
      810.000     0.156558
      811.000     0.156980
      812.000     0.157402
      813.000     0.157090
      814.000     0.156778
      815.000     0.156467
      816.000     0.156155
      817.000     0.156418
      818.000     0.156680
      819.000     0.156943
      820.000     0.157206
      821.000     0.157460
      822.000     0.157715
      823.000     0.157969
      824.000     0.158223
      825.000     0.158624
      826.000     0.159025
      827.000     0.159427
      828.000     0.159828
      829.000     0.160517
      830.000     0.161206
      831.000     0.161896
      832.000     0.162585
      833.000     0.163021
      834.000     0.163456
      835.000     0.163892
      836.000     0.164328
      837.000     0.164363
      838.000     0.164398
      839.000     0.164432
      840.000     0.164467
      841.000     0.164696
      842.000     0.164926
      843.000     0.165155
      844.000     0.165384
      845.000     0.166194
      846.000     0.167004
      847.000     0.167813
      848.000     0.168623
      849.000     0.168897
      850.000     0.169170
      851.000     0.169444
      852.000     0.169717
      853.000     0.170215
      854.000     0.170712
      855.000     0.171210
      856.000     0.171707
      857.000     0.171828
      858.000     0.171950
      859.000     0.172071
      860.000     0.172192
      861.000     0.173158
      862.000     0.174123
      863.000     0.175089
      864.000     0.176055
      865.000     0.175782
      866.000     0.175508
      867.000     0.175234
      868.000     0.174961
      869.000     0.175255
      870.000     0.175550
      871.000     0.175844
      872.000     0.176138
      873.000     0.176529
      874.000     0.176921
      875.000     0.177312
      876.000     0.177704
      877.000     0.178117
      878.000     0.178529
      879.000     0.178941
      880.000     0.179354
      881.000     0.179671
      882.000     0.179987
      883.000     0.180304
      884.000     0.180621
      885.000     0.180741
      886.000     0.180861
      887.000     0.180981
      888.000     0.181101
      889.000     0.181220
      890.000     0.181340
      891.000     0.181459
      892.000     0.181578
      893.000     0.181580
      894.000     0.181581
      895.000     0.181583
      896.000     0.181584
      897.000     0.181826
      898.000     0.182067
      899.000     0.182309
      900.000     0.182551
      901.000     0.182959
      902.000     0.183367
      903.000     0.183775
      904.000     0.184183
      905.000     0.184423
      906.000     0.184662
      907.000     0.184902
      908.000     0.185142
      909.000     0.185695
      910.000     0.186248
      911.000     0.186801
      912.000     0.187354
      913.000     0.187932
      914.000     0.188509
      915.000     0.189087
      916.000     0.189665
      917.000     0.190089
      918.000     0.190513
      919.000     0.190937
      920.000     0.191361
      921.000     0.191285
      922.000     0.191208
      923.000     0.191132
      924.000     0.191055
      925.000     0.191733
      926.000     0.192412
      927.000     0.193090
      928.000     0.193768
      929.000     0.193820
      930.000     0.193871
      931.000     0.193923
      932.000     0.193975
      933.000     0.194814
      934.000     0.195652
      935.000     0.196491
      936.000     0.197330
      937.000     0.197444
      938.000     0.197557
      939.000     0.197671
      940.000     0.197784
      941.000     0.197994
      942.000     0.198204
      943.000     0.198413
      944.000     0.198623
      945.000     0.199561
      946.000     0.200499
      947.000     0.201437
      948.000     0.202375
      949.000     0.202330
      950.000     0.202285
      951.000     0.202240
      952.000     0.202195
      953.000     0.202268
      954.000     0.202341
      955.000     0.202415
      956.000     0.202488
      957.000     0.203036
      958.000     0.203584
      959.000     0.204132
      960.000     0.204680
      961.000     0.205669
      962.000     0.206658
      963.000     0.207647
      964.000     0.208636
      965.000     0.208454
      966.000     0.208272
      967.000     0.208091
      968.000     0.207909
      969.000     0.208526
      970.000     0.209142
      971.000     0.209759
      972.000     0.210376
      973.000     0.210823
      974.000     0.211270
      975.000     0.211718
      976.000     0.212165
      977.000     0.212424
      978.000     0.212682
      979.000     0.212940
      980.000     0.213199
      981.000     0.212834
      982.000     0.212470
      983.000     0.212105
      984.000     0.211740
      985.000     0.211398
      986.000     0.211056
      987.000     0.210713
      988.000     0.210371
      989.000     0.211766
      990.000     0.213160
      991.000     0.214555
      992.000     0.215950
      993.000     0.216464
      994.000     0.216977
      995.000     0.217490
      996.000     0.218004
      997.000     0.218136
      998.000     0.218268
      999.000     0.218399
      1000.00     0.218531
      1001.00     0.218644
      1002.00     0.218757
      1003.00     0.218871
      1004.00     0.218984
      1005.00     0.219869
      1006.00     0.220754
      1007.00     0.221639
      1008.00     0.222524
      1009.00     0.222546
      1010.00     0.222568
      1011.00     0.222590
      1012.00     0.222612
      1013.00     0.223151
      1014.00     0.223689
      1015.00     0.224228
      1016.00     0.224767
      1017.00     0.225229
      1018.00     0.225690
      1019.00     0.226152
      1020.00     0.226614
      1021.00     0.226584
      1022.00     0.226554
      1023.00     0.226525
      1024.00     0.226495
      1025.00     0.227004
      1026.00     0.227514
      1027.00     0.228023
      1028.00     0.228532
      1029.00     0.228817
      1030.00     0.229101
      1031.00     0.229385
      1032.00     0.229670
      1033.00     0.230400
      1034.00     0.231131
      1035.00     0.231861
      1036.00     0.232592
      1037.00     0.232400
      1038.00     0.232208
      1039.00     0.232015
      1040.00     0.231823
      1041.00     0.232238
      1042.00     0.232653
      1043.00     0.233069
      1044.00     0.233484
      1045.00     0.233332
      1046.00     0.233179
      1047.00     0.233026
      1048.00     0.232874
      1049.00     0.233538
      1050.00     0.234203
      1051.00     0.234867
      1052.00     0.235531
      1053.00     0.235715
      1054.00     0.235898
      1055.00     0.236082
      1056.00     0.236266
      1057.00     0.237145
      1058.00     0.238025
      1059.00     0.238904
      1060.00     0.239783
      1061.00     0.239658
      1062.00     0.239533
      1063.00     0.239408
      1064.00     0.239283
      1065.00     0.239440
      1066.00     0.239597
      1067.00     0.239754
      1068.00     0.239911
      1069.00     0.240104
      1070.00     0.240297
      1071.00     0.240490
      1072.00     0.240683
      1073.00     0.241723
      1074.00     0.242763
      1075.00     0.243803
      1076.00     0.244843
      1077.00     0.245280
      1078.00     0.245717
      1079.00     0.246153
      1080.00     0.246590
      1081.00     0.246270
      1082.00     0.245950
      1083.00     0.245631
      1084.00     0.245311
      1085.00     0.245913
      1086.00     0.246515
      1087.00     0.247118
      1088.00     0.247720
      1089.00     0.248056
      1090.00     0.248392
      1091.00     0.248728
      1092.00     0.249064
      1093.00     0.249280
      1094.00     0.249497
      1095.00     0.249713
      1096.00     0.249929
      1097.00     0.249648
      1098.00     0.249366
      1099.00     0.249085
      1100.00     0.248803
      1101.00     0.249183
      1102.00     0.249563
      1103.00     0.249942
      1104.00     0.250322
      1105.00     0.250588
      1106.00     0.250855
      1107.00     0.251121
      1108.00     0.251388
      1109.00     0.251883
      1110.00     0.252378
      1111.00     0.252872
      1112.00     0.253367
      1113.00     0.253814
      1114.00     0.254260
      1115.00     0.254707
      1116.00     0.255153
      1117.00     0.255455
      1118.00     0.255757
      1119.00     0.256059
      1120.00     0.256361
      1121.00     0.257105
      1122.00     0.257850
      1123.00     0.258594
      1124.00     0.259338
      1125.00     0.260358
      1126.00     0.261378
      1127.00     0.262398
      1128.00     0.263418
      1129.00     0.263106
      1130.00     0.262793
      1131.00     0.262481
      1132.00     0.262168
      1133.00     0.261750
      1134.00     0.261332
      1135.00     0.260914
      1136.00     0.260496
      1137.00     0.260215
      1138.00     0.259935
      1139.00     0.259654
      1140.00     0.259373
      1141.00     0.259586
      1142.00     0.259799
      1143.00     0.260012
      1144.00     0.260225
      1145.00     0.260716
      1146.00     0.261207
      1147.00     0.261699
      1148.00     0.262190
      1149.00     0.262685
      1150.00     0.263181
      1151.00     0.263676
      1152.00     0.264172
      1153.00     0.265038
      1154.00     0.265903
      1155.00     0.266769
      1156.00     0.267635
      1157.00     0.267639
      1158.00     0.267643
      1159.00     0.267647
      1160.00     0.267651
      1161.00     0.267754
      1162.00     0.267857
      1163.00     0.267961
      1164.00     0.268064
      1165.00     0.268201
      1166.00     0.268338
      1167.00     0.268475
      1168.00     0.268612
      1169.00     0.269127
      1170.00     0.269642
      1171.00     0.270157
      1172.00     0.270672
      1173.00     0.271150
      1174.00     0.271628
      1175.00     0.272107
      1176.00     0.272585
      1177.00     0.272996
      1178.00     0.273407
      1179.00     0.273817
      1180.00     0.274228
      1181.00     0.274271
      1182.00     0.274313
      1183.00     0.274356
      1184.00     0.274398
      1185.00     0.274775
      1186.00     0.275153
      1187.00     0.275530
      1188.00     0.275907
      1189.00     0.275672
      1190.00     0.275438
      1191.00     0.275204
      1192.00     0.274969
      1193.00     0.275698
      1194.00     0.276426
      1195.00     0.277155
      1196.00     0.277884
      1197.00     0.277957
      1198.00     0.278030
      1199.00     0.278102
      1200.00     0.278175
      1201.00     0.278139
      1202.00     0.278103
      1203.00     0.278066
      1204.00     0.278030
      1205.00     0.278235
      1206.00     0.278439
      1207.00     0.278643
      1208.00     0.278848
      1209.00     0.278739
      1210.00     0.278629
      1211.00     0.278520
      1212.00     0.278411
      1213.00     0.279098
      1214.00     0.279786
      1215.00     0.280473
      1216.00     0.281160
      1217.00     0.281699
      1218.00     0.282237
      1219.00     0.282776
      1220.00     0.283315
      1221.00     0.284263
      1222.00     0.285212
      1223.00     0.286160
      1224.00     0.287109
      1225.00     0.287311
      1226.00     0.287513
      1227.00     0.287716
      1228.00     0.287918
      1229.00     0.288869
      1230.00     0.289820
      1231.00     0.290771
      1232.00     0.291722
      1233.00     0.291846
      1234.00     0.291970
      1235.00     0.292093
      1236.00     0.292217
      1237.00     0.292140
      1238.00     0.292063
      1239.00     0.291985
      1240.00     0.291908
      1241.00     0.290960
      1242.00     0.290012
      1243.00     0.289064
      1244.00     0.288116
      1245.00     0.287725
      1246.00     0.287334
      1247.00     0.286943
      1248.00     0.286552
      1249.00     0.287651
      1250.00     0.288751
      1251.00     0.289851
      1252.00     0.290950
      1253.00     0.291035
      1254.00     0.291120
      1255.00     0.291206
      1256.00     0.291291
      1257.00     0.291530
      1258.00     0.291768
      1259.00     0.292007
      1260.00     0.292246
      1261.00     0.292169
      1262.00     0.292092
      1263.00     0.292015
      1264.00     0.291938
      1265.00     0.291785
      1266.00     0.291631
      1267.00     0.291478
      1268.00     0.291324
      1269.00     0.291000
      1270.00     0.290676
      1271.00     0.290352
      1272.00     0.290028
      1273.00     0.290388
      1274.00     0.290748
      1275.00     0.291107
      1276.00     0.291467
      1277.00     0.291863
      1278.00     0.292259
      1279.00     0.292655
      1280.00     0.293051
      1281.00     0.293253
      1282.00     0.293454
      1283.00     0.293656
      1284.00     0.293858
      1285.00     0.294214
      1286.00     0.294571
      1287.00     0.294928
      1288.00     0.295284
      1289.00     0.295673
      1290.00     0.296062
      1291.00     0.296451
      1292.00     0.296840
      1293.00     0.297327
      1294.00     0.297814
      1295.00     0.298302
      1296.00     0.298789
      1297.00     0.298689
      1298.00     0.298589
      1299.00     0.298488
      1300.00     0.298388
      1301.00     0.298311
      1302.00     0.298234
      1303.00     0.298157
      1304.00     0.298080
      1305.00     0.297713
      1306.00     0.297347
      1307.00     0.296981
      1308.00     0.296614
      1309.00     0.296500
      1310.00     0.296385
      1311.00     0.296271
      1312.00     0.296157
      1313.00     0.296387
      1314.00     0.296618
      1315.00     0.296849
      1316.00     0.297079
      1317.00     0.297982
      1318.00     0.298885
      1319.00     0.299788
      1320.00     0.300691
      1321.00     0.301038
      1322.00     0.301385
      1323.00     0.301731
      1324.00     0.302078
      1325.00     0.301788
      1326.00     0.301499
      1327.00     0.301209
      1328.00     0.300919
      1329.00     0.301708
      1330.00     0.302496
      1331.00     0.303284
      1332.00     0.304073
      1333.00     0.304722
      1334.00     0.305371
      1335.00     0.306019
      1336.00     0.306668
      1337.00     0.306275
      1338.00     0.305883
      1339.00     0.305490
      1340.00     0.305098
      1341.00     0.305571
      1342.00     0.306045
      1343.00     0.306518
      1344.00     0.306991
      1345.00     0.306158
      1346.00     0.305325
      1347.00     0.304492
      1348.00     0.303659
      1349.00     0.304315
      1350.00     0.304971
      1351.00     0.305627
      1352.00     0.306283
      1353.00     0.306726
      1354.00     0.307169
      1355.00     0.307612
      1356.00     0.308055
      1357.00     0.307226
      1358.00     0.306396
      1359.00     0.305566
      1360.00     0.304737
      1361.00     0.304875
      1362.00     0.305013
      1363.00     0.305152
      1364.00     0.305290
      1365.00     0.305092
      1366.00     0.304894
      1367.00     0.304696
      1368.00     0.304498
      1369.00     0.304879
      1370.00     0.305260
      1371.00     0.305641
      1372.00     0.306022
      1373.00     0.305507
      1374.00     0.304992
      1375.00     0.304478
      1376.00     0.303963
      1377.00     0.303097
      1378.00     0.302231
      1379.00     0.301365
      1380.00     0.300499
      1381.00     0.300048
      1382.00     0.299597
      1383.00     0.299146
      1384.00     0.298695
      1385.00     0.299146
      1386.00     0.299597
      1387.00     0.300048
      1388.00     0.300499
      1389.00     0.300110
      1390.00     0.299722
      1391.00     0.299334
      1392.00     0.298945
      1393.00     0.298773
      1394.00     0.298600
      1395.00     0.298427
      1396.00     0.298255
      1397.00     0.297948
      1398.00     0.297641
      1399.00     0.297334
      1400.00     0.297027
      1401.00     0.297340
      1402.00     0.297653
      1403.00     0.297967
      1404.00     0.298280
      1405.00     0.297633
      1406.00     0.296987
      1407.00     0.296340
      1408.00     0.295693
      1409.00     0.296388
      1410.00     0.297083
      1411.00     0.297778
      1412.00     0.298473
      1413.00     0.298740
      1414.00     0.299008
      1415.00     0.299275
      1416.00     0.299542
      1417.00     0.300211
      1418.00     0.300880
      1419.00     0.301549
      1420.00     0.302218
      1421.00     0.302121
      1422.00     0.302023
      1423.00     0.301926
      1424.00     0.301829
      1425.00     0.301561
      1426.00     0.301293
      1427.00     0.301026
      1428.00     0.300758
      1429.00     0.301221
      1430.00     0.301683
      1431.00     0.302146
      1432.00     0.302609
      1433.00     0.303055
      1434.00     0.303501
      1435.00     0.303948
      1436.00     0.304394
      1437.00     0.304624
      1438.00     0.304853
      1439.00     0.305082
      1440.00     0.305312
      1441.00     0.305095
      1442.00     0.304878
      1443.00     0.304660
      1444.00     0.304443
      1445.00     0.304494
      1446.00     0.304545
      1447.00     0.304596
      1448.00     0.304647
      1449.00     0.304788
      1450.00     0.304928
      1451.00     0.305068
      1452.00     0.305209
      1453.00     0.305466
      1454.00     0.305722
      1455.00     0.305979
      1456.00     0.306235
      1457.00     0.306009
      1458.00     0.305783
      1459.00     0.305557
      1460.00     0.305331
      1461.00     0.305793
      1462.00     0.306256
      1463.00     0.306718
      1464.00     0.307180
      1465.00     0.307288
      1466.00     0.307396
      1467.00     0.307503
      1468.00     0.307611
      1469.00     0.307959
      1470.00     0.308308
      1471.00     0.308656
      1472.00     0.309004
      1473.00     0.308763
      1474.00     0.308523
      1475.00     0.308282
      1476.00     0.308041
      1477.00     0.308770
      1478.00     0.309498
      1479.00     0.310227
      1480.00     0.310956
      1481.00     0.311076
      1482.00     0.311195
      1483.00     0.311315
      1484.00     0.311435
      1485.00     0.311839
      1486.00     0.312243
      1487.00     0.312647
      1488.00     0.313051
      1489.00     0.313009
      1490.00     0.312966
      1491.00     0.312924
      1492.00     0.312882
      1493.00     0.312755
      1494.00     0.312627
      1495.00     0.312499
      1496.00     0.312372
      1497.00     0.313753
      1498.00     0.315134
      1499.00     0.316516
      1500.00     0.317897
      1501.00     0.318403
      1502.00     0.318910
      1503.00     0.319417
      1504.00     0.319923
      1505.00     0.320470
      1506.00     0.321016
      1507.00     0.321563
      1508.00     0.322110
      1509.00     0.322151
      1510.00     0.322192
      1511.00     0.322234
      1512.00     0.322275
      1513.00     0.322055
      1514.00     0.321835
      1515.00     0.321614
      1516.00     0.321394
      1517.00     0.321853
      1518.00     0.322312
      1519.00     0.322771
      1520.00     0.323230
      1521.00     0.323354
      1522.00     0.323478
      1523.00     0.323602
      1524.00     0.323726
      1525.00     0.323741
      1526.00     0.323757
      1527.00     0.323772
      1528.00     0.323788
      1529.00     0.323799
      1530.00     0.323811
      1531.00     0.323822
      1532.00     0.323833
      1533.00     0.324361
      1534.00     0.324889
      1535.00     0.325417
      1536.00     0.325945
      1537.00     0.326698
      1538.00     0.327451
      1539.00     0.328203
      1540.00     0.328956
      1541.00     0.329010
      1542.00     0.329064
      1543.00     0.329117
      1544.00     0.329171
      1545.00     0.328642
      1546.00     0.328113
      1547.00     0.327585
      1548.00     0.327056
      1549.00     0.327139
      1550.00     0.327222
      1551.00     0.327305
      1552.00     0.327388
      1553.00     0.328056
      1554.00     0.328723
      1555.00     0.329390
      1556.00     0.330058
      1557.00     0.330142
      1558.00     0.330227
      1559.00     0.330311
      1560.00     0.330396
      1561.00     0.330269
      1562.00     0.330142
      1563.00     0.330016
      1564.00     0.329889
      1565.00     0.329900
      1566.00     0.329910
      1567.00     0.329921
      1568.00     0.329932
      1569.00     0.330594
      1570.00     0.331255
      1571.00     0.331917
      1572.00     0.332579
      1573.00     0.332452
      1574.00     0.332326
      1575.00     0.332199
      1576.00     0.332072
      1577.00     0.332631
      1578.00     0.333191
      1579.00     0.333750
      1580.00     0.334309
      1581.00     0.334023
      1582.00     0.333737
      1583.00     0.333451
      1584.00     0.333165
      1585.00     0.333750
      1586.00     0.334336
      1587.00     0.334921
      1588.00     0.335506
      1589.00     0.335856
      1590.00     0.336206
      1591.00     0.336556
      1592.00     0.336906
      1593.00     0.336728
      1594.00     0.336550
      1595.00     0.336371
      1596.00     0.336193
      1597.00     0.336199
      1598.00     0.336205
      1599.00     0.336212
      1600.00     0.336218
      1601.00     0.336380
      1602.00     0.336543
      1603.00     0.336706
      1604.00     0.336868
      1605.00     0.336577
      1606.00     0.336286
      1607.00     0.335994
      1608.00     0.335703
      1609.00     0.335575
      1610.00     0.335447
      1611.00     0.335318
      1612.00     0.335190
      1613.00     0.335147
      1614.00     0.335104
      1615.00     0.335062
      1616.00     0.335019
      1617.00     0.335396
      1618.00     0.335774
      1619.00     0.336152
      1620.00     0.336529
      1621.00     0.337113
      1622.00     0.337696
      1623.00     0.338279
      1624.00     0.338863
      1625.00     0.338733
      1626.00     0.338604
      1627.00     0.338474
      1628.00     0.338345
      1629.00     0.338173
      1630.00     0.338001
      1631.00     0.337829
      1632.00     0.337657
      1633.00     0.337443
      1634.00     0.337229
      1635.00     0.337015
      1636.00     0.336801
      1637.00     0.336844
      1638.00     0.336886
      1639.00     0.336929
      1640.00     0.336972
      1641.00     0.336540
      1642.00     0.336108
      1643.00     0.335676
      1644.00     0.335244
      1645.00     0.335981
      1646.00     0.336717
      1647.00     0.337454
      1648.00     0.338191
      1649.00     0.338105
      1650.00     0.338019
      1651.00     0.337934
      1652.00     0.337848
      1653.00     0.337720
      1654.00     0.337591
      1655.00     0.337462
      1656.00     0.337334
      1657.00     0.337254
      1658.00     0.337174
      1659.00     0.337094
      1660.00     0.337014
      1661.00     0.337274
      1662.00     0.337535
      1663.00     0.337795
      1664.00     0.338055
      1665.00     0.338311
      1666.00     0.338568
      1667.00     0.338825
      1668.00     0.339081
      1669.00     0.338953
      1670.00     0.338825
      1671.00     0.338696
      1672.00     0.338568
      1673.00     0.339046
      1674.00     0.339525
      1675.00     0.340003
      1676.00     0.340481
      1677.00     0.340807
      1678.00     0.341133
      1679.00     0.341459
      1680.00     0.341785
      1681.00     0.341462
      1682.00     0.341138
      1683.00     0.340815
      1684.00     0.340491
      1685.00     0.340577
      1686.00     0.340663
      1687.00     0.340749
      1688.00     0.340835
      1689.00     0.341009
      1690.00     0.341183
      1691.00     0.341357
      1692.00     0.341531
      1693.00     0.341704
      1694.00     0.341878
      1695.00     0.342051
      1696.00     0.342225
      1697.00     0.343414
      1698.00     0.344604
      1699.00     0.345793
      1700.00     0.346983
      1701.00     0.347067
      1702.00     0.347151
      1703.00     0.347235
      1704.00     0.347319
      1705.00     0.346521
      1706.00     0.345724
      1707.00     0.344926
      1708.00     0.344128
      1709.00     0.344344
      1710.00     0.344560
      1711.00     0.344776
      1712.00     0.344992
      1713.00     0.344559
      1714.00     0.344126
      1715.00     0.343694
      1716.00     0.343261
      1717.00     0.343303
      1718.00     0.343345
      1719.00     0.343388
      1720.00     0.343430
      1721.00     0.343473
      1722.00     0.343516
      1723.00     0.343560
      1724.00     0.343603
      1725.00     0.344900
      1726.00     0.346197
      1727.00     0.347494
      1728.00     0.348791
      1729.00     0.347843
      1730.00     0.346896
      1731.00     0.345948
      1732.00     0.345001
      1733.00     0.345805
      1734.00     0.346609
      1735.00     0.347414
      1736.00     0.348218
      1737.00     0.347543
      1738.00     0.346868
      1739.00     0.346193
      1740.00     0.345518
      1741.00     0.344824
      1742.00     0.344130
      1743.00     0.343436
      1744.00     0.342742
      1745.00     0.343239
      1746.00     0.343736
      1747.00     0.344232
      1748.00     0.344729
      1749.00     0.345036
      1750.00     0.345343
      1751.00     0.345649
      1752.00     0.345956
      1753.00     0.346003
      1754.00     0.346050
      1755.00     0.346097
      1756.00     0.346144
      1757.00     0.346100
      1758.00     0.346056
      1759.00     0.346012
      1760.00     0.345968
      1761.00     0.345965
      1762.00     0.345962
      1763.00     0.345959
      1764.00     0.345956
      1765.00     0.345868
      1766.00     0.345780
      1767.00     0.345692
      1768.00     0.345604
      1769.00     0.344975
      1770.00     0.344346
      1771.00     0.343717
      1772.00     0.343088
      1773.00     0.343608
      1774.00     0.344128
      1775.00     0.344649
      1776.00     0.345169
      1777.00     0.346054
      1778.00     0.346939
      1779.00     0.347824
      1780.00     0.348709
      1781.00     0.348836
      1782.00     0.348963
      1783.00     0.349090
      1784.00     0.349217
      1785.00     0.348633
      1786.00     0.348050
      1787.00     0.347466
      1788.00     0.346883
      1789.00     0.346668
      1790.00     0.346453
      1791.00     0.346238
      1792.00     0.346023
      1793.00     0.346562
      1794.00     0.347102
      1795.00     0.347641
      1796.00     0.348180
      1797.00     0.348136
      1798.00     0.348092
      1799.00     0.348048
      1800.00     0.348004
      1801.00     0.347250
      1802.00     0.346496
      1803.00     0.345743
      1804.00     0.344989
      1805.00     0.345204
      1806.00     0.345419
      1807.00     0.345635
      1808.00     0.345850
      1809.00     0.346494
      1810.00     0.347138
      1811.00     0.347783
      1812.00     0.348427
      1813.00     0.348511
      1814.00     0.348594
      1815.00     0.348677
      1816.00     0.348761
      1817.00     0.348721
      1818.00     0.348681
      1819.00     0.348641
      1820.00     0.348601
      1821.00     0.348346
      1822.00     0.348090
      1823.00     0.347835
      1824.00     0.347580
      1825.00     0.347823
      1826.00     0.348067
      1827.00     0.348310
      1828.00     0.348553
      1829.00     0.348261
      1830.00     0.347969
      1831.00     0.347676
      1832.00     0.347384
      1833.00     0.347830
      1834.00     0.348276
      1835.00     0.348723
      1836.00     0.349169
      1837.00     0.349510
      1838.00     0.349851
      1839.00     0.350193
      1840.00     0.350534
      1841.00     0.350241
      1842.00     0.349948
      1843.00     0.349656
      1844.00     0.349363
      1845.00     0.349592
      1846.00     0.349821
      1847.00     0.350051
      1848.00     0.350280
      1849.00     0.349575
      1850.00     0.348871
      1851.00     0.348166
      1852.00     0.347461
      1853.00     0.347156
      1854.00     0.346851
      1855.00     0.346546
      1856.00     0.346241
      1857.00     0.345989
      1858.00     0.345738
      1859.00     0.345486
      1860.00     0.345234
      1861.00     0.344415
      1862.00     0.343597
      1863.00     0.342778
      1864.00     0.341959
      1865.00     0.341123
      1866.00     0.340288
      1867.00     0.339452
      1868.00     0.338617
      1869.00     0.337023
      1870.00     0.335429
      1871.00     0.333835
      1872.00     0.332241
      1873.00     0.331280
      1874.00     0.330320
      1875.00     0.329360
      1876.00     0.328399
      1877.00     0.327583
      1878.00     0.326766
      1879.00     0.325950
      1880.00     0.325134
      1881.00     0.323229
      1882.00     0.321324
      1883.00     0.319420
      1884.00     0.317515
      1885.00     0.315387
      1886.00     0.313258
      1887.00     0.311130
      1888.00     0.309002
      1889.00     0.306711
      1890.00     0.304420
      1891.00     0.302129
      1892.00     0.299838
      1893.00     0.298073
      1894.00     0.296308
      1895.00     0.294542
      1896.00     0.292777
      1897.00     0.290525
      1898.00     0.288274
      1899.00     0.286023
      1900.00     0.283771
      1901.00     0.282951
      1902.00     0.282131
      1903.00     0.281310
      1904.00     0.280490
      1905.00     0.279157
      1906.00     0.277824
      1907.00     0.276491
      1908.00     0.275158
      1909.00     0.274068
      1910.00     0.272979
      1911.00     0.271889
      1912.00     0.270799
      1913.00     0.270321
      1914.00     0.269843
      1915.00     0.269365
      1916.00     0.268887
      1917.00     0.269787
      1918.00     0.270686
      1919.00     0.271586
      1920.00     0.272485
      1921.00     0.273729
      1922.00     0.274974
      1923.00     0.276218
      1924.00     0.277462
      1925.00     0.277510
      1926.00     0.277559
      1927.00     0.277607
      1928.00     0.277655
      1929.00     0.278451
      1930.00     0.279247
      1931.00     0.280042
      1932.00     0.280838
      1933.00     0.281188
      1934.00     0.281538
      1935.00     0.281888
      1936.00     0.282238
      1937.00     0.282950
      1938.00     0.283662
      1939.00     0.284374
      1940.00     0.285086
      1941.00     0.285974
      1942.00     0.286862
      1943.00     0.287749
      1944.00     0.288637
      1945.00     0.289338
      1946.00     0.290038
      1947.00     0.290738
      1948.00     0.291439
      1949.00     0.292358
      1950.00     0.293278
      1951.00     0.294197
      1952.00     0.295116
      1953.00     0.296032
      1954.00     0.296949
      1955.00     0.297866
      1956.00     0.298782
      1957.00     0.299296
      1958.00     0.299810
      1959.00     0.300324
      1960.00     0.300838
      1961.00     0.301647
      1962.00     0.302456
      1963.00     0.303265
      1964.00     0.304074
      1965.00     0.304588
      1966.00     0.305102
      1967.00     0.305617
      1968.00     0.306131
      1969.00     0.306259
      1970.00     0.306387
      1971.00     0.306514
      1972.00     0.306642
      1973.00     0.307000
      1974.00     0.307359
      1975.00     0.307717
      1976.00     0.308075
      1977.00     0.309157
      1978.00     0.310239
      1979.00     0.311320
      1980.00     0.312402
      1981.00     0.312657
      1982.00     0.312912
      1983.00     0.313166
      1984.00     0.313421
      1985.00     0.314378
      1986.00     0.315336
      1987.00     0.316294
      1988.00     0.317251
      1989.00     0.317212
      1990.00     0.317172
      1991.00     0.317133
      1992.00     0.317094
      1993.00     0.317562
      1994.00     0.318029
      1995.00     0.318497
      1996.00     0.318965
      1997.00     0.319544
      1998.00     0.320123
      1999.00     0.320702
      2000.00     0.321281
      2001.00     0.322131
      2002.00     0.322980
      2003.00     0.323830
      2004.00     0.324679
      2005.00     0.324438
      2006.00     0.324196
      2007.00     0.323955
      2008.00     0.323714
      2009.00     0.323182
      2010.00     0.322650
      2011.00     0.322118
      2012.00     0.321586
      2013.00     0.321586
      2014.00     0.321586
      2015.00     0.321586
      2016.00     0.321586
      2017.00     0.321521
      2018.00     0.321456
      2019.00     0.321391
      2020.00     0.321326
      2021.00     0.322503
      2022.00     0.323681
      2023.00     0.324858
      2024.00     0.326035
      2025.00     0.326878
      2026.00     0.327721
      2027.00     0.328565
      2028.00     0.329408
      2029.00     0.328627
      2030.00     0.327845
      2031.00     0.327064
      2032.00     0.326282
      2033.00     0.325901
      2034.00     0.325519
      2035.00     0.325138
      2036.00     0.324756
      2037.00     0.324677
      2038.00     0.324598
      2039.00     0.324519
      2040.00     0.324440
      2041.00     0.324770
      2042.00     0.325100
      2043.00     0.325430
      2044.00     0.325760
      2045.00     0.325351
      2046.00     0.324942
      2047.00     0.324534
      2048.00     0.324125
      2049.00     0.324755
      2050.00     0.325386
      2051.00     0.326016
      2052.00     0.326647
      2053.00     0.326528
      2054.00     0.326409
      2055.00     0.326291
      2056.00     0.326172
      2057.00     0.326263
      2058.00     0.326354
      2059.00     0.326445
      2060.00     0.326536
      2061.00     0.326813
      2062.00     0.327091
      2063.00     0.327368
      2064.00     0.327645
      2065.00     0.327645
      2066.00     0.327645
      2067.00     0.327645
      2068.00     0.327645
      2069.00     0.326886
      2070.00     0.326127
      2071.00     0.325367
      2072.00     0.324608
      2073.00     0.325023
      2074.00     0.325438
      2075.00     0.325853
      2076.00     0.326268
      2077.00     0.325499
      2078.00     0.324730
      2079.00     0.323961
      2080.00     0.323640
      2081.00     0.324723
      2082.00     0.324989
      2083.00     0.324745
      2084.00     0.325037
      2085.00     0.324894
      2086.00     0.325127
      2087.00     0.324441
      2088.00     0.324271
      2089.00     0.324545
      2090.00     0.324440
      2091.00     0.325097
      2092.00     0.324418
      2093.00     0.323552
      2094.00     0.323692
      2095.00     0.323741
      2096.00     0.324767
      2097.00     0.324896
      2098.00     0.324783
      2099.00     0.325153
      2100.00     0.325676
      2101.00     0.325284
      2102.00     0.325671
      2103.00     0.326181
      2104.00     0.325389
      2105.00     0.324282
      2106.00     0.324060
      2107.00     0.324464
      2108.00     0.324819
      2109.00     0.325062
      2110.00     0.325435
      2111.00     0.325751
      2112.00     0.325610
      2113.00     0.324741
      2114.00     0.324360
      2115.00     0.324277
      2116.00     0.323554
      2117.00     0.323532
      2118.00     0.324324
      2119.00     0.325441
      2120.00     0.325987
      2121.00     0.325981
      2122.00     0.325640
      2123.00     0.325041
      2124.00     0.325110
      2125.00     0.325004
      2126.00     0.324612
      2127.00     0.324392
      2128.00     0.323500
      2129.00     0.323609
      2130.00     0.323018
      2131.00     0.323449
      2132.00     0.324007
      2133.00     0.323477
      2134.00     0.323390
      2135.00     0.323680
      2136.00     0.323930
      2137.00     0.324108
      2138.00     0.323944
      2139.00     0.323412
      2140.00     0.323377
      2141.00     0.323833
      2142.00     0.323912
      2143.00     0.323236
      2144.00     0.322271
      2145.00     0.321622
      2146.00     0.321261
      2147.00     0.321866
      2148.00     0.322588
      2149.00     0.323163
      2150.00     0.322616
      2151.00     0.322268
      2152.00     0.322113
      2153.00     0.321352
      2154.00     0.321637
      2155.00     0.322140
      2156.00     0.322092
      2157.00     0.321940
      2158.00     0.321394
      2159.00     0.320681
      2160.00     0.320794
      2161.00     0.321729
      2162.00     0.322113
      2163.00     0.321473
      2164.00     0.321326
      2165.00     0.320763
      2166.00     0.320557
      2167.00     0.320781
      2168.00     0.320718
      2169.00     0.320389
      2170.00     0.320353
      2171.00     0.320400
      2172.00     0.319977
      2173.00     0.319819
      2174.00     0.320595
      2175.00     0.321369
      2176.00     0.321150
      2177.00     0.320758
      2178.00     0.320334
      2179.00     0.319489
      2180.00     0.319441
      2181.00     0.319711
      2182.00     0.319726
      2183.00     0.319606
      2184.00     0.319228
      2185.00     0.318914
      2186.00     0.318923
      2187.00     0.318605
      2188.00     0.318139
      2189.00     0.318073
      2190.00     0.318437
      2191.00     0.318572
      2192.00     0.317640
      2193.00     0.316882
      2194.00     0.316670
      2195.00     0.316523
      2196.00     0.316730
      2197.00     0.316900
      2198.00     0.316424
      2199.00     0.315449
      2200.00     0.314852
      2201.00     0.314728
      2202.00     0.314398
      2203.00     0.314205
      2204.00     0.313904
      2205.00     0.313620
      2206.00     0.313448
      2207.00     0.312854
      2208.00     0.313428
      2209.00     0.314337
      2210.00     0.315154
      2211.00     0.315568
      2212.00     0.316063
      2213.00     0.316505
      2214.00     0.316532
      2215.00     0.316864
      2216.00     0.317922
      2217.00     0.318518
      2218.00     0.319042
      2219.00     0.319556
      2220.00     0.320148
      2221.00     0.320312
      2222.00     0.320178
      2223.00     0.320424
      2224.00     0.320960
      2225.00     0.320972
      2226.00     0.320759
      2227.00     0.320828
      2228.00     0.321261
      2229.00     0.321473
      2230.00     0.321339
      2231.00     0.321064
      2232.00     0.321318
      2233.00     0.321428
      2234.00     0.321281
      2235.00     0.320854
      2236.00     0.320392
      2237.00     0.319913
      2238.00     0.319523
      2239.00     0.319237
      2240.00     0.319804
      2241.00     0.320432
      2242.00     0.319602
      2243.00     0.318709
      2244.00     0.318134
      2245.00     0.317574
      2246.00     0.316863
      2247.00     0.316684
      2248.00     0.317442
      2249.00     0.317639
      2250.00     0.317490
      2251.00     0.317572
      2252.00     0.316603
      2253.00     0.316037
      2254.00     0.315326
      2255.00     0.314330
      2256.00     0.314037
      2257.00     0.313914
      2258.00     0.314312
      2259.00     0.314158
      2260.00     0.313371
      2261.00     0.313099
      2262.00     0.313342
      2263.00     0.313140
      2264.00     0.313173
      2265.00     0.313107
      2266.00     0.312990
      2267.00     0.312806
      2268.00     0.312531
      2269.00     0.312567
      2270.00     0.312528
      2271.00     0.312201
      2272.00     0.312128
      2273.00     0.312358
      2274.00     0.312596
      2275.00     0.312374
      2276.00     0.311761
      2277.00     0.311030
      2278.00     0.310604
      2279.00     0.310601
      2280.00     0.310664
      2281.00     0.310755
      2282.00     0.310481
      2283.00     0.309938
      2284.00     0.309620
      2285.00     0.309458
      2286.00     0.309219
      2287.00     0.308918
      2288.00     0.309048
      2289.00     0.309004
      2290.00     0.308497
      2291.00     0.308195
      2292.00     0.307730
      2293.00     0.307077
      2294.00     0.307432
      2295.00     0.307559
      2296.00     0.306538
      2297.00     0.305864
      2298.00     0.305514
      2299.00     0.305201
      2300.00     0.304590
      2301.00     0.304388
      2302.00     0.304600
      2303.00     0.304301
      2304.00     0.303855
      2305.00     0.303616
      2306.00     0.303501
      2307.00     0.303163
      2308.00     0.302858
      2309.00     0.303181
      2310.00     0.303379
      2311.00     0.303094
      2312.00     0.302732
      2313.00     0.302723
      2314.00     0.302941
      2315.00     0.303131
      2316.00     0.303235
      2317.00     0.303201
      2318.00     0.303303
      2319.00     0.303698
      2320.00     0.303884
      2321.00     0.303683
      2322.00     0.303393
      2323.00     0.303397
      2324.00     0.303657
      2325.00     0.303617
      2326.00     0.303248
      2327.00     0.302871
      2328.00     0.302621
      2329.00     0.302560
      2330.00     0.302415
      2331.00     0.301799
      2332.00     0.301318
      2333.00     0.300916
      2334.00     0.300905
      2335.00     0.300639
      2336.00     0.300440
      2337.00     0.300251
      2338.00     0.300004
      2339.00     0.299467
      2340.00     0.299169
      2341.00     0.299053
      2342.00     0.298758
      2343.00     0.298471
      2344.00     0.298271
      2345.00     0.298087
      2346.00     0.298065
      2347.00     0.297733
      2348.00     0.297059
      2349.00     0.296886
      2350.00     0.297190
      2351.00     0.296459
      2352.00     0.295979
      2353.00     0.295812
      2354.00     0.295938
      2355.00     0.296376
      2356.00     0.297053
      2357.00     0.297986
      2358.00     0.298413
      2359.00     0.298150
      2360.00     0.297901
      2361.00     0.297860
      2362.00     0.297671
      2363.00     0.297554
      2364.00     0.297327
      2365.00     0.296877
      2366.00     0.296639
      2367.00     0.296558
      2368.00     0.296143
      2369.00     0.295793
      2370.00     0.295574
      2371.00     0.295242
      2372.00     0.294974
      2373.00     0.294845
      2374.00     0.294658
      2375.00     0.294571
      2376.00     0.295022
      2377.00     0.295307
      2378.00     0.294366
      2379.00     0.293361
      2380.00     0.293007
      2381.00     0.292718
      2382.00     0.292605
      2383.00     0.292461
      2384.00     0.292087
      2385.00     0.291824
      2386.00     0.292059
      2387.00     0.292521
      2388.00     0.292946
      2389.00     0.292898
      2390.00     0.292123
      2391.00     0.291433
      2392.00     0.290882
      2393.00     0.290517
      2394.00     0.290358
      2395.00     0.290280
      2396.00     0.290240
      2397.00     0.290280
      2398.00     0.290277
      2399.00     0.289878
      2400.00     0.289333
      2401.00     0.288904
      2402.00     0.288652
      2403.00     0.288485
      2404.00     0.288747
      2405.00     0.288996
      2406.00     0.288707
      2407.00     0.288094
      2408.00     0.287703
      2409.00     0.287364
      2410.00     0.287244
      2411.00     0.286969
      2412.00     0.286594
      2413.00     0.286420
      2414.00     0.286206
      2415.00     0.285716
      2416.00     0.285193
      2417.00     0.284895
      2418.00     0.284540
      2419.00     0.283570
      2420.00     0.282814
      2421.00     0.282337
      2422.00     0.282155
      2423.00     0.282005
      2424.00     0.281531
      2425.00     0.280795
      2426.00     0.280268
      2427.00     0.279921
      2428.00     0.279486
      2429.00     0.278672
      2430.00     0.277921
      2431.00     0.277517
      2432.00     0.277343
      2433.00     0.277063
      2434.00     0.276667
      2435.00     0.275925
      2436.00     0.275337
      2437.00     0.274930
      2438.00     0.274311
      2439.00     0.273570
      2440.00     0.272911
      2441.00     0.272382
      2442.00     0.271841
      2443.00     0.271602
      2444.00     0.271259
      2445.00     0.270851
      2446.00     0.270502
      2447.00     0.270051
      2448.00     0.269424
      2449.00     0.268755
      2450.00     0.268173
      2451.00     0.267797
      2452.00     0.267527
      2453.00     0.267023
      2454.00     0.266603
      2455.00     0.266293
      2456.00     0.265835
      2457.00     0.265288
      2458.00     0.265000
      2459.00     0.264796
      2460.00     0.264626
      2461.00     0.264145
      2462.00     0.263299
      2463.00     0.262265
      2464.00     0.261374
      2465.00     0.260849
      2466.00     0.260493
      2467.00     0.260366
      2468.00     0.260344
      2469.00     0.260379
      2470.00     0.260401
      2471.00     0.260120
      2472.00     0.259290
      2473.00     0.258724
      2474.00     0.258480
      2475.00     0.258394
      2476.00     0.258147
      2477.00     0.257577
      2478.00     0.257243
      2479.00     0.256812
      2480.00     0.256411
      2481.00     0.256085
      2482.00     0.255761
      2483.00     0.255412
      2484.00     0.255284
      2485.00     0.255412
      2486.00     0.255014
      2487.00     0.254462
      2488.00     0.253923
      2489.00     0.253383
      2490.00     0.252679
      2491.00     0.252436
      2492.00     0.252482
      2493.00     0.252505
      2494.00     0.252391
      2495.00     0.252224
      2496.00     0.252305
      2497.00     0.252691
      2498.00     0.252691
      2499.00     0.252595
      2500.00     0.252357
