      400.000    0.0559620
      401.000    0.0568940
      402.000    0.0553180
      403.000    0.0588260
      404.000    0.0587880
      405.000    0.0589380
      406.000    0.0592330
      407.000    0.0600490
      408.000    0.0609880
      409.000    0.0628210
      410.000    0.0627570
      411.000    0.0609880
      412.000    0.0619530
      413.000    0.0619840
      414.000    0.0623130
      415.000    0.0631840
      416.000    0.0632690
      417.000    0.0641100
      418.000    0.0642130
      419.000    0.0659770
      420.000    0.0657790
      421.000    0.0659030
      422.000    0.0675850
      423.000    0.0677640
      424.000    0.0691970
      425.000    0.0688110
      426.000    0.0675330
      427.000    0.0682810
      428.000    0.0682610
      429.000    0.0700700
      430.000    0.0700700
      431.000    0.0700340
      432.000    0.0699250
      433.000    0.0691740
      434.000    0.0692430
      435.000    0.0679430
      436.000    0.0727720
      437.000    0.0727970
      438.000    0.0714570
      439.000    0.0723580
      440.000    0.0723100
      441.000    0.0745530
      442.000    0.0733060
      443.000    0.0733680
      444.000    0.0733680
      445.000    0.0719540
      446.000    0.0737240
      447.000    0.0746140
      448.000    0.0762820
      449.000    0.0745510
      450.000    0.0754660
      451.000    0.0746300
      452.000    0.0755310
      453.000    0.0788500
      454.000    0.0788210
      455.000    0.0805310
      456.000    0.0805310
      457.000    0.0805300
      458.000    0.0796970
      459.000    0.0797030
      460.000    0.0796230
      461.000    0.0796230
      462.000    0.0813260
      463.000    0.0813240
      464.000    0.0804710
      465.000    0.0821640
      466.000    0.0821570
      467.000    0.0821640
      468.000    0.0830020
      469.000    0.0804050
      470.000    0.0804140
      471.000    0.0804170
      472.000    0.0804020
      473.000    0.0829970
      474.000    0.0821030
      475.000    0.0864010
      476.000    0.0864010
      477.000    0.0804050
      478.000    0.0837530
      479.000    0.0837460
      480.000    0.0845940
      481.000    0.0837610
      482.000    0.0871780
      483.000    0.0871880
      484.000    0.0879950
      485.000    0.0879950
      486.000    0.0879730
      487.000    0.0888450
      488.000    0.0879730
      489.000    0.0888210
      490.000    0.0895910
      491.000    0.0878490
      492.000    0.0886610
      493.000    0.0886610
      494.000    0.0887960
      495.000    0.0888080
      496.000    0.0887590
      497.000    0.0895640
      498.000    0.0895910
      499.000    0.0908370
      500.000    0.0908660
      501.000    0.0904220
      502.000    0.0917870
      503.000    0.0916500
      504.000    0.0924770
      505.000    0.0924130
      506.000    0.0924450
      507.000    0.0924610
      508.000    0.0915900
      509.000    0.0915440
      510.000    0.0915590
      511.000    0.0925430
      512.000    0.0929690
      513.000    0.0942900
      514.000    0.0950500
      515.000    0.0950860
      516.000    0.0962800
      517.000    0.0949960
      518.000    0.0949780
      519.000    0.0949430
      520.000    0.0950680
      521.000    0.0951030
      522.000    0.0949960
      523.000    0.0966040
      524.000    0.0962980
      525.000    0.0961870
      526.000    0.0977620
      527.000    0.0979070
      528.000     0.100473
      529.000    0.0987860
      530.000    0.0987660
      531.000    0.0987460
      532.000     0.100361
      533.000     0.100361
      534.000     0.100428
      535.000     0.100495
      536.000     0.100495
      537.000     0.103452
      538.000     0.103452
      539.000     0.103401
      540.000     0.104476
      541.000     0.104476
      542.000     0.101594
      543.000     0.103038
      544.000     0.105833
      545.000     0.104476
      546.000     0.104554
      547.000     0.105699
      548.000     0.103976
      549.000     0.108023
      550.000     0.107911
      551.000     0.106233
      552.000     0.107362
      553.000     0.108691
      554.000     0.105533
      555.000     0.107019
      556.000     0.106967
      557.000     0.106708
      558.000     0.106910
      559.000     0.109460
      560.000     0.110986
      561.000     0.111253
      562.000     0.112001
      563.000     0.113232
      564.000     0.112425
      565.000     0.113232
      566.000     0.112693
      567.000     0.113397
      568.000     0.112443
      569.000     0.113365
      570.000     0.112693
      571.000     0.113888
      572.000     0.113984
      573.000     0.115386
      574.000     0.115828
      575.000     0.114746
      576.000     0.116068
      577.000     0.115261
      578.000     0.116310
      579.000     0.116589
      580.000     0.118120
      581.000     0.118931
      582.000     0.117979
      583.000     0.118858
      584.000     0.117944
      585.000     0.118931
      586.000     0.118713
      587.000     0.120109
      588.000     0.119089
      589.000     0.119558
      590.000     0.119631
      591.000     0.121624
      592.000     0.121586
      593.000     0.120557
      594.000     0.120705
      595.000     0.120668
      596.000     0.120337
      597.000     0.121655
      598.000     0.122146
      599.000     0.123883
      600.000     0.123529
      601.000     0.123140
      602.000     0.125465
      603.000     0.125345
      604.000     0.125564
      605.000     0.126234
      606.000     0.126653
      607.000     0.126573
      608.000     0.126533
      609.000     0.128097
      610.000     0.127735
      611.000     0.127776
      612.000     0.128682
      613.000     0.127857
      614.000     0.131382
      615.000     0.130554
      616.000     0.130597
      617.000     0.130639
      618.000     0.130639
      619.000     0.131689
      620.000     0.133026
      621.000     0.133394
      622.000     0.132995
      623.000     0.132951
      624.000     0.134415
      625.000     0.135105
      626.000     0.134921
      627.000     0.135564
      628.000     0.135794
      629.000     0.138562
      630.000     0.139592
      631.000     0.141038
      632.000     0.139854
      633.000     0.139805
      634.000     0.139902
      635.000     0.139902
      636.000     0.140850
      637.000     0.141788
      638.000     0.142507
      639.000     0.141442
      640.000     0.141540
      641.000     0.144197
      642.000     0.145736
      643.000     0.145997
      644.000     0.146050
      645.000     0.145424
      646.000     0.148033
      647.000     0.148194
      648.000     0.148301
      649.000     0.146552
      650.000     0.149421
      651.000     0.149803
      652.000     0.152545
      653.000     0.152432
      654.000     0.153547
      655.000     0.155356
      656.000     0.155415
      657.000     0.155006
      658.000     0.155006
      659.000     0.154637
      660.000     0.156628
      661.000     0.155933
      662.000     0.159179
      663.000     0.156046
      664.000     0.157321
      665.000     0.162288
      666.000     0.161132
      667.000     0.162358
      668.000     0.162112
      669.000     0.164806
      670.000     0.164742
      671.000     0.165963
      672.000     0.163699
      673.000     0.163699
      674.000     0.164975
      675.000     0.168203
      676.000     0.170963
      677.000     0.170762
      678.000     0.170339
      679.000     0.171817
      680.000     0.173233
      681.000     0.173233
      682.000     0.173971
      683.000     0.176247
      684.000     0.176109
      685.000     0.176178
      686.000     0.177730
      687.000     0.179148
      688.000     0.179077
      689.000     0.181875
      690.000     0.182906
      691.000     0.182833
      692.000     0.184183
      693.000     0.183812
      694.000     0.185085
      695.000     0.186659
      696.000     0.187424
      697.000     0.189015
      698.000     0.189954
      699.000     0.189508
      700.000     0.190838
      701.000     0.190761
      702.000     0.191936
      703.000     0.194360
      704.000     0.195371
      705.000     0.195371
      706.000     0.196539
      707.000     0.197787
      708.000     0.198625
      709.000     0.201615
      710.000     0.201866
      711.000     0.202610
      712.000     0.202274
      713.000     0.201667
      714.000     0.202744
      715.000     0.205017
      716.000     0.205275
      717.000     0.206906
      718.000     0.208153
      719.000     0.208153
      720.000     0.209558
      721.000     0.209646
      722.000     0.210293
      723.000     0.212401
      724.000     0.214525
      725.000     0.213979
      726.000     0.216546
      727.000     0.217319
      728.000     0.217598
      729.000     0.217412
      730.000     0.220354
      731.000     0.219778
      732.000     0.221593
      733.000     0.221676
      734.000     0.220622
      735.000     0.221392
      736.000     0.223304
      737.000     0.223871
      738.000     0.226643
      739.000     0.225872
      740.000     0.228160
      741.000     0.228434
      742.000     0.228335
      743.000     0.228041
      744.000     0.229076
      745.000     0.232502
      746.000     0.231942
      747.000     0.233940
      748.000     0.235381
      749.000     0.235396
      750.000     0.235853
      751.000     0.237194
      752.000     0.236986
      753.000     0.240035
      754.000     0.239825
      755.000     0.240427
      756.000     0.240532
      757.000     0.240427
      758.000     0.241658
      759.000     0.242343
      760.000     0.244271
      761.000     0.245500
      762.000     0.245715
      763.000     0.246472
      764.000     0.247592
      765.000     0.248065
      766.000     0.248065
      767.000     0.251614
      768.000     0.251836
      769.000     0.252088
      770.000     0.253648
      771.000     0.253760
      772.000     0.253985
      773.000     0.255212
      774.000     0.255212
      775.000     0.255326
      776.000     0.255781
      777.000     0.259707
      778.000     0.260472
      779.000     0.261350
      780.000     0.260597
      781.000     0.260713
      782.000     0.263052
      783.000     0.262817
      784.000     0.263687
      785.000     0.263689
      786.000     0.264517
      787.000     0.265507
      788.000     0.265626
      789.000     0.265981
      790.000     0.267328
      791.000     0.270283
      792.000     0.270891
      793.000     0.270404
      794.000     0.270040
      795.000     0.271759
      796.000     0.271141
      797.000     0.272007
      798.000     0.272487
      799.000     0.272478
      800.000     0.283546
      801.000     0.284382
      802.000     0.285217
      803.000     0.286052
      804.000     0.286888
      805.000     0.286817
      806.000     0.286747
      807.000     0.286676
      808.000     0.286605
      809.000     0.287496
      810.000     0.288386
      811.000     0.289277
      812.000     0.290168
      813.000     0.290605
      814.000     0.291041
      815.000     0.291478
      816.000     0.291914
      817.000     0.292753
      818.000     0.293592
      819.000     0.294431
      820.000     0.295270
      821.000     0.295920
      822.000     0.296570
      823.000     0.297220
      824.000     0.297870
      825.000     0.298589
      826.000     0.299307
      827.000     0.300025
      828.000     0.300744
      829.000     0.300794
      830.000     0.300845
      831.000     0.300896
      832.000     0.300946
      833.000     0.301563
      834.000     0.302180
      835.000     0.302798
      836.000     0.303415
      837.000     0.304393
      838.000     0.305371
      839.000     0.306348
      840.000     0.307326
      841.000     0.308250
      842.000     0.309173
      843.000     0.310097
      844.000     0.311021
      845.000     0.311306
      846.000     0.311592
      847.000     0.311877
      848.000     0.312162
      849.000     0.312316
      850.000     0.312469
      851.000     0.312622
      852.000     0.312776
      853.000     0.313684
      854.000     0.314592
      855.000     0.315500
      856.000     0.316408
      857.000     0.316269
      858.000     0.316131
      859.000     0.315992
      860.000     0.315853
      861.000     0.317106
      862.000     0.318360
      863.000     0.319614
      864.000     0.320867
      865.000     0.321371
      866.000     0.321876
      867.000     0.322380
      868.000     0.322884
      869.000     0.323171
      870.000     0.323459
      871.000     0.323747
      872.000     0.324034
      873.000     0.324239
      874.000     0.324443
      875.000     0.324647
      876.000     0.324852
      877.000     0.325985
      878.000     0.327118
      879.000     0.328250
      880.000     0.329383
      881.000     0.330236
      882.000     0.331089
      883.000     0.331943
      884.000     0.332796
      885.000     0.332153
      886.000     0.331510
      887.000     0.330868
      888.000     0.330225
      889.000     0.330871
      890.000     0.331517
      891.000     0.332163
      892.000     0.332809
      893.000     0.333108
      894.000     0.333408
      895.000     0.333707
      896.000     0.334006
      897.000     0.335421
      898.000     0.336836
      899.000     0.338250
      900.000     0.339665
      901.000     0.339775
      902.000     0.339884
      903.000     0.339994
      904.000     0.340104
      905.000     0.340549
      906.000     0.340994
      907.000     0.341439
      908.000     0.341884
      909.000     0.341974
      910.000     0.342063
      911.000     0.342153
      912.000     0.342242
      913.000     0.342425
      914.000     0.342609
      915.000     0.342793
      916.000     0.342976
      917.000     0.343097
      918.000     0.343217
      919.000     0.343338
      920.000     0.343459
      921.000     0.344267
      922.000     0.345075
      923.000     0.345884
      924.000     0.346692
      925.000     0.347721
      926.000     0.348749
      927.000     0.349777
      928.000     0.350806
      929.000     0.350747
      930.000     0.350687
      931.000     0.350627
      932.000     0.350568
      933.000     0.350904
      934.000     0.351241
      935.000     0.351577
      936.000     0.351914
      937.000     0.352488
      938.000     0.353061
      939.000     0.353635
      940.000     0.354209
      941.000     0.354846
      942.000     0.355484
      943.000     0.356121
      944.000     0.356759
      945.000     0.357478
      946.000     0.358197
      947.000     0.358916
      948.000     0.359635
      949.000     0.359175
      950.000     0.358714
      951.000     0.358254
      952.000     0.357794
      953.000     0.358270
      954.000     0.358745
      955.000     0.359221
      956.000     0.359697
      957.000     0.359360
      958.000     0.359023
      959.000     0.358686
      960.000     0.358349
      961.000     0.359240
      962.000     0.360131
      963.000     0.361022
      964.000     0.361913
      965.000     0.362265
      966.000     0.362616
      967.000     0.362968
      968.000     0.363320
      969.000     0.363198
      970.000     0.363076
      971.000     0.362954
      972.000     0.362832
      973.000     0.363127
      974.000     0.363423
      975.000     0.363719
      976.000     0.364014
      977.000     0.365065
      978.000     0.366116
      979.000     0.367166
      980.000     0.368217
      981.000     0.368479
      982.000     0.368742
      983.000     0.369004
      984.000     0.369266
      985.000     0.369649
      986.000     0.370032
      987.000     0.370415
      988.000     0.370798
      989.000     0.370551
      990.000     0.370304
      991.000     0.370058
      992.000     0.369811
      993.000     0.370979
      994.000     0.372148
      995.000     0.373316
      996.000     0.374485
      997.000     0.374562
      998.000     0.374638
      999.000     0.374715
      1000.00     0.374792
      1001.00     0.374541
      1002.00     0.374290
      1003.00     0.374039
      1004.00     0.373788
      1005.00     0.374295
      1006.00     0.374801
      1007.00     0.375308
      1008.00     0.375814
      1009.00     0.376489
      1010.00     0.377164
      1011.00     0.377838
      1012.00     0.378513
      1013.00     0.379318
      1014.00     0.380122
      1015.00     0.380927
      1016.00     0.381732
      1017.00     0.381816
      1018.00     0.381900
      1019.00     0.381984
      1020.00     0.382068
      1021.00     0.381518
      1022.00     0.380967
      1023.00     0.380417
      1024.00     0.379867
      1025.00     0.380033
      1026.00     0.380199
      1027.00     0.380365
      1028.00     0.380531
      1029.00     0.381317
      1030.00     0.382104
      1031.00     0.382890
      1032.00     0.383676
      1033.00     0.383591
      1034.00     0.383506
      1035.00     0.383421
      1036.00     0.383336
      1037.00     0.383877
      1038.00     0.384418
      1039.00     0.384960
      1040.00     0.385501
      1041.00     0.385252
      1042.00     0.385002
      1043.00     0.384753
      1044.00     0.384504
      1045.00     0.384333
      1046.00     0.384162
      1047.00     0.383992
      1048.00     0.383821
      1049.00     0.385257
      1050.00     0.386692
      1051.00     0.388128
      1052.00     0.389564
      1053.00     0.389847
      1054.00     0.390130
      1055.00     0.390412
      1056.00     0.390695
      1057.00     0.390355
      1058.00     0.390016
      1059.00     0.389677
      1060.00     0.389337
      1061.00     0.389789
      1062.00     0.390240
      1063.00     0.390692
      1064.00     0.391144
      1065.00     0.391865
      1066.00     0.392585
      1067.00     0.393306
      1068.00     0.394027
      1069.00     0.393263
      1070.00     0.392498
      1071.00     0.391734
      1072.00     0.390970
      1073.00     0.391825
      1074.00     0.392680
      1075.00     0.393534
      1076.00     0.394389
      1077.00     0.394257
      1078.00     0.394126
      1079.00     0.393994
      1080.00     0.393862
      1081.00     0.394380
      1082.00     0.394898
      1083.00     0.395417
      1084.00     0.395935
      1085.00     0.397190
      1086.00     0.398446
      1087.00     0.399701
      1088.00     0.400957
      1089.00     0.401415
      1090.00     0.401873
      1091.00     0.402331
      1092.00     0.402789
      1093.00     0.402698
      1094.00     0.402608
      1095.00     0.402517
      1096.00     0.402427
      1097.00     0.402014
      1098.00     0.401602
      1099.00     0.401190
      1100.00     0.400777
      1101.00     0.400829
      1102.00     0.400881
      1103.00     0.400934
      1104.00     0.400986
      1105.00     0.401218
      1106.00     0.401450
      1107.00     0.401681
      1108.00     0.401913
      1109.00     0.402581
      1110.00     0.403249
      1111.00     0.403917
      1112.00     0.404585
      1113.00     0.404843
      1114.00     0.405101
      1115.00     0.405360
      1116.00     0.405618
      1117.00     0.406015
      1118.00     0.406411
      1119.00     0.406808
      1120.00     0.407204
      1121.00     0.407492
      1122.00     0.407779
      1123.00     0.408067
      1124.00     0.408354
      1125.00     0.407882
      1126.00     0.407411
      1127.00     0.406940
      1128.00     0.406468
      1129.00     0.406514
      1130.00     0.406559
      1131.00     0.406604
      1132.00     0.406650
      1133.00     0.406664
      1134.00     0.406679
      1135.00     0.406694
      1136.00     0.406708
      1137.00     0.407069
      1138.00     0.407430
      1139.00     0.407790
      1140.00     0.408151
      1141.00     0.408863
      1142.00     0.409576
      1143.00     0.410288
      1144.00     0.411000
      1145.00     0.411313
      1146.00     0.411626
      1147.00     0.411940
      1148.00     0.412253
      1149.00     0.412910
      1150.00     0.413566
      1151.00     0.414222
      1152.00     0.414879
      1153.00     0.414939
      1154.00     0.414998
      1155.00     0.415057
      1156.00     0.415117
      1157.00     0.415191
      1158.00     0.415266
      1159.00     0.415340
      1160.00     0.415414
      1161.00     0.415758
      1162.00     0.416101
      1163.00     0.416444
      1164.00     0.416788
      1165.00     0.416696
      1166.00     0.416604
      1167.00     0.416511
      1168.00     0.416419
      1169.00     0.416747
      1170.00     0.417076
      1171.00     0.417404
      1172.00     0.417732
      1173.00     0.417778
      1174.00     0.417825
      1175.00     0.417871
      1176.00     0.417917
      1177.00     0.418329
      1178.00     0.418742
      1179.00     0.419154
      1180.00     0.419567
      1181.00     0.419660
      1182.00     0.419754
      1183.00     0.419847
      1184.00     0.419941
      1185.00     0.420526
      1186.00     0.421111
      1187.00     0.421696
      1188.00     0.422281
      1189.00     0.422489
      1190.00     0.422697
      1191.00     0.422905
      1192.00     0.423113
      1193.00     0.422981
      1194.00     0.422848
      1195.00     0.422716
      1196.00     0.422584
      1197.00     0.422955
      1198.00     0.423325
      1199.00     0.423696
      1200.00     0.424067
      1201.00     0.424447
      1202.00     0.424828
      1203.00     0.425208
      1204.00     0.425588
      1205.00     0.425864
      1206.00     0.426140
      1207.00     0.426415
      1208.00     0.426691
      1209.00     0.426595
      1210.00     0.426498
      1211.00     0.426401
      1212.00     0.426305
      1213.00     0.425929
      1214.00     0.425552
      1215.00     0.425176
      1216.00     0.424800
      1217.00     0.425327
      1218.00     0.425854
      1219.00     0.426381
      1220.00     0.426908
      1221.00     0.427389
      1222.00     0.427869
      1223.00     0.428350
      1224.00     0.428831
      1225.00     0.429926
      1226.00     0.431022
      1227.00     0.432117
      1228.00     0.433212
      1229.00     0.433597
      1230.00     0.433982
      1231.00     0.434368
      1232.00     0.434753
      1233.00     0.434940
      1234.00     0.435126
      1235.00     0.435313
      1236.00     0.435500
      1237.00     0.435400
      1238.00     0.435301
      1239.00     0.435202
      1240.00     0.435102
      1241.00     0.435202
      1242.00     0.435301
      1243.00     0.435400
      1244.00     0.435500
      1245.00     0.435156
      1246.00     0.434812
      1247.00     0.434467
      1248.00     0.434123
      1249.00     0.433428
      1250.00     0.432732
      1251.00     0.432037
      1252.00     0.431341
      1253.00     0.431591
      1254.00     0.431841
      1255.00     0.432091
      1256.00     0.432341
      1257.00     0.432625
      1258.00     0.432909
      1259.00     0.433194
      1260.00     0.433478
      1261.00     0.433551
      1262.00     0.433625
      1263.00     0.433698
      1264.00     0.433771
      1265.00     0.434835
      1266.00     0.435899
      1267.00     0.436964
      1268.00     0.438028
      1269.00     0.438424
      1270.00     0.438819
      1271.00     0.439215
      1272.00     0.439611
      1273.00     0.440586
      1274.00     0.441562
      1275.00     0.442537
      1276.00     0.443512
      1277.00     0.443390
      1278.00     0.443269
      1279.00     0.443148
      1280.00     0.443026
      1281.00     0.443541
      1282.00     0.444057
      1283.00     0.444573
      1284.00     0.445088
      1285.00     0.445281
      1286.00     0.445474
      1287.00     0.445667
      1288.00     0.445860
      1289.00     0.445731
      1290.00     0.445603
      1291.00     0.445474
      1292.00     0.445345
      1293.00     0.445776
      1294.00     0.446206
      1295.00     0.446636
      1296.00     0.447067
      1297.00     0.447195
      1298.00     0.447323
      1299.00     0.447451
      1300.00     0.447579
      1301.00     0.447807
      1302.00     0.448035
      1303.00     0.448263
      1304.00     0.448491
      1305.00     0.448595
      1306.00     0.448700
      1307.00     0.448804
      1308.00     0.448909
      1309.00     0.449035
      1310.00     0.449162
      1311.00     0.449289
      1312.00     0.449415
      1313.00     0.449314
      1314.00     0.449214
      1315.00     0.449113
      1316.00     0.449012
      1317.00     0.449189
      1318.00     0.449365
      1319.00     0.449542
      1320.00     0.449718
      1321.00     0.449720
      1322.00     0.449722
      1323.00     0.449725
      1324.00     0.449727
      1325.00     0.450280
      1326.00     0.450833
      1327.00     0.451387
      1328.00     0.451940
      1329.00     0.451737
      1330.00     0.451533
      1331.00     0.451329
      1332.00     0.451126
      1333.00     0.451752
      1334.00     0.452378
      1335.00     0.453005
      1336.00     0.453631
      1337.00     0.452976
      1338.00     0.452321
      1339.00     0.451666
      1340.00     0.451011
      1341.00     0.451961
      1342.00     0.452911
      1343.00     0.453862
      1344.00     0.454812
      1345.00     0.454967
      1346.00     0.455122
      1347.00     0.455277
      1348.00     0.455432
      1349.00     0.455987
      1350.00     0.456542
      1351.00     0.457097
      1352.00     0.457652
      1353.00     0.457783
      1354.00     0.457915
      1355.00     0.458046
      1356.00     0.458178
      1357.00     0.457175
      1358.00     0.456172
      1359.00     0.455168
      1360.00     0.454165
      1361.00     0.454023
      1362.00     0.453880
      1363.00     0.453738
      1364.00     0.453596
      1365.00     0.453553
      1366.00     0.453511
      1367.00     0.453469
      1368.00     0.453426
      1369.00     0.453761
      1370.00     0.454095
      1371.00     0.454429
      1372.00     0.454764
      1373.00     0.454360
      1374.00     0.453956
      1375.00     0.453552
      1376.00     0.453148
      1377.00     0.452580
      1378.00     0.452013
      1379.00     0.451445
      1380.00     0.450877
      1381.00     0.450415
      1382.00     0.449954
      1383.00     0.449493
      1384.00     0.449031
      1385.00     0.449646
      1386.00     0.450261
      1387.00     0.450876
      1388.00     0.451491
      1389.00     0.451167
      1390.00     0.450844
      1391.00     0.450520
      1392.00     0.450196
      1393.00     0.449940
      1394.00     0.449683
      1395.00     0.449427
      1396.00     0.449171
      1397.00     0.448968
      1398.00     0.448765
      1399.00     0.448563
      1400.00     0.448360
      1401.00     0.448457
      1402.00     0.448554
      1403.00     0.448651
      1404.00     0.448748
      1405.00     0.448194
      1406.00     0.447640
      1407.00     0.447085
      1408.00     0.446531
      1409.00     0.446429
      1410.00     0.446327
      1411.00     0.446225
      1412.00     0.446123
      1413.00     0.445900
      1414.00     0.445677
      1415.00     0.445454
      1416.00     0.445231
      1417.00     0.445333
      1418.00     0.445434
      1419.00     0.445536
      1420.00     0.445637
      1421.00     0.445661
      1422.00     0.445685
      1423.00     0.445709
      1424.00     0.445733
      1425.00     0.445530
      1426.00     0.445328
      1427.00     0.445125
      1428.00     0.444923
      1429.00     0.444796
      1430.00     0.444669
      1431.00     0.444543
      1432.00     0.444416
      1433.00     0.444616
      1434.00     0.444817
      1435.00     0.445018
      1436.00     0.445218
      1437.00     0.445014
      1438.00     0.444809
      1439.00     0.444605
      1440.00     0.444401
      1441.00     0.444428
      1442.00     0.444456
      1443.00     0.444483
      1444.00     0.444510
      1445.00     0.444614
      1446.00     0.444718
      1447.00     0.444822
      1448.00     0.444926
      1449.00     0.444730
      1450.00     0.444533
      1451.00     0.444337
      1452.00     0.444141
      1453.00     0.444042
      1454.00     0.443943
      1455.00     0.443844
      1456.00     0.443745
      1457.00     0.443847
      1458.00     0.443949
      1459.00     0.444051
      1460.00     0.444153
      1461.00     0.444377
      1462.00     0.444601
      1463.00     0.444825
      1464.00     0.445049
      1465.00     0.445323
      1466.00     0.445597
      1467.00     0.445870
      1468.00     0.446144
      1469.00     0.446342
      1470.00     0.446540
      1471.00     0.446738
      1472.00     0.446936
      1473.00     0.447733
      1474.00     0.448529
      1475.00     0.449326
      1476.00     0.450123
      1477.00     0.450648
      1478.00     0.451172
      1479.00     0.451697
      1480.00     0.452222
      1481.00     0.452021
      1482.00     0.451820
      1483.00     0.451620
      1484.00     0.451419
      1485.00     0.451520
      1486.00     0.451621
      1487.00     0.451722
      1488.00     0.451823
      1489.00     0.451976
      1490.00     0.452129
      1491.00     0.452283
      1492.00     0.452436
      1493.00     0.452841
      1494.00     0.453245
      1495.00     0.453649
      1496.00     0.454054
      1497.00     0.454073
      1498.00     0.454093
      1499.00     0.454112
      1500.00     0.454132
      1501.00     0.454757
      1502.00     0.455382
      1503.00     0.456007
      1504.00     0.456632
      1505.00     0.456950
      1506.00     0.457268
      1507.00     0.457586
      1508.00     0.457904
      1509.00     0.458448
      1510.00     0.458992
      1511.00     0.459535
      1512.00     0.460079
      1513.00     0.459778
      1514.00     0.459477
      1515.00     0.459176
      1516.00     0.458875
      1517.00     0.459242
      1518.00     0.459610
      1519.00     0.459978
      1520.00     0.460345
      1521.00     0.460901
      1522.00     0.461457
      1523.00     0.462013
      1524.00     0.462569
      1525.00     0.462904
      1526.00     0.463239
      1527.00     0.463574
      1528.00     0.463909
      1529.00     0.464179
      1530.00     0.464449
      1531.00     0.464719
      1532.00     0.464989
      1533.00     0.465092
      1534.00     0.465196
      1535.00     0.465299
      1536.00     0.465402
      1537.00     0.465776
      1538.00     0.466151
      1539.00     0.466525
      1540.00     0.466899
      1541.00     0.467606
      1542.00     0.468314
      1543.00     0.469021
      1544.00     0.469728
      1545.00     0.469363
      1546.00     0.468998
      1547.00     0.468634
      1548.00     0.468269
      1549.00     0.468559
      1550.00     0.468849
      1551.00     0.469140
      1552.00     0.469430
      1553.00     0.469909
      1554.00     0.470388
      1555.00     0.470867
      1556.00     0.471346
      1557.00     0.471504
      1558.00     0.471662
      1559.00     0.471820
      1560.00     0.471978
      1561.00     0.471949
      1562.00     0.471919
      1563.00     0.471890
      1564.00     0.471860
      1565.00     0.472531
      1566.00     0.473202
      1567.00     0.473873
      1568.00     0.474544
      1569.00     0.474762
      1570.00     0.474980
      1571.00     0.475198
      1572.00     0.475416
      1573.00     0.474659
      1574.00     0.473902
      1575.00     0.473144
      1576.00     0.472387
      1577.00     0.472533
      1578.00     0.472679
      1579.00     0.472825
      1580.00     0.472971
      1581.00     0.473264
      1582.00     0.473556
      1583.00     0.473848
      1584.00     0.474141
      1585.00     0.474088
      1586.00     0.474035
      1587.00     0.473982
      1588.00     0.473929
      1589.00     0.474093
      1590.00     0.474257
      1591.00     0.474421
      1592.00     0.474585
      1593.00     0.474421
      1594.00     0.474257
      1595.00     0.474093
      1596.00     0.473929
      1597.00     0.474146
      1598.00     0.474363
      1599.00     0.474580
      1600.00     0.474797
      1601.00     0.474288
      1602.00     0.473779
      1603.00     0.473270
      1604.00     0.472761
      1605.00     0.472342
      1606.00     0.471922
      1607.00     0.471502
      1608.00     0.471083
      1609.00     0.470770
      1610.00     0.470458
      1611.00     0.470145
      1612.00     0.469833
      1613.00     0.470494
      1614.00     0.471155
      1615.00     0.471816
      1616.00     0.472477
      1617.00     0.473225
      1618.00     0.473974
      1619.00     0.474722
      1620.00     0.475470
      1621.00     0.475397
      1622.00     0.475323
      1623.00     0.475250
      1624.00     0.475177
      1625.00     0.476359
      1626.00     0.477542
      1627.00     0.478725
      1628.00     0.479907
      1629.00     0.479960
      1630.00     0.480013
      1631.00     0.480067
      1632.00     0.480120
      1633.00     0.480280
      1634.00     0.480441
      1635.00     0.480601
      1636.00     0.480762
      1637.00     0.480304
      1638.00     0.479846
      1639.00     0.479388
      1640.00     0.478930
      1641.00     0.478696
      1642.00     0.478462
      1643.00     0.478228
      1644.00     0.477994
      1645.00     0.477745
      1646.00     0.477497
      1647.00     0.477248
      1648.00     0.476999
      1649.00     0.477264
      1650.00     0.477530
      1651.00     0.477795
      1652.00     0.478060
      1653.00     0.477791
      1654.00     0.477522
      1655.00     0.477254
      1656.00     0.476985
      1657.00     0.477124
      1658.00     0.477263
      1659.00     0.477402
      1660.00     0.477541
      1661.00     0.477777
      1662.00     0.478013
      1663.00     0.478250
      1664.00     0.478486
      1665.00     0.477895
      1666.00     0.477304
      1667.00     0.476713
      1668.00     0.476122
      1669.00     0.475524
      1670.00     0.474927
      1671.00     0.474329
      1672.00     0.473731
      1673.00     0.474039
      1674.00     0.474348
      1675.00     0.474656
      1676.00     0.474964
      1677.00     0.475051
      1678.00     0.475138
      1679.00     0.475225
      1680.00     0.475312
      1681.00     0.475417
      1682.00     0.475522
      1683.00     0.475628
      1684.00     0.475733
      1685.00     0.475628
      1686.00     0.475522
      1687.00     0.475417
      1688.00     0.475312
      1689.00     0.475277
      1690.00     0.475243
      1691.00     0.475208
      1692.00     0.475174
      1693.00     0.474680
      1694.00     0.474187
      1695.00     0.473693
      1696.00     0.473200
      1697.00     0.473645
      1698.00     0.474090
      1699.00     0.474534
      1700.00     0.474979
      1701.00     0.474222
      1702.00     0.473466
      1703.00     0.472710
      1704.00     0.471953
      1705.00     0.472334
      1706.00     0.472715
      1707.00     0.473097
      1708.00     0.473478
      1709.00     0.473357
      1710.00     0.473235
      1711.00     0.473113
      1712.00     0.472992
      1713.00     0.473643
      1714.00     0.474294
      1715.00     0.474944
      1716.00     0.475595
      1717.00     0.475262
      1718.00     0.474930
      1719.00     0.474597
      1720.00     0.474264
      1721.00     0.474582
      1722.00     0.474901
      1723.00     0.475219
      1724.00     0.475538
      1725.00     0.475811
      1726.00     0.476083
      1727.00     0.476356
      1728.00     0.476629
      1729.00     0.476186
      1730.00     0.475742
      1731.00     0.475298
      1732.00     0.474855
      1733.00     0.474703
      1734.00     0.474550
      1735.00     0.474397
      1736.00     0.474245
      1737.00     0.474744
      1738.00     0.475243
      1739.00     0.475742
      1740.00     0.476241
      1741.00     0.475457
      1742.00     0.474673
      1743.00     0.473889
      1744.00     0.473105
      1745.00     0.473442
      1746.00     0.473779
      1747.00     0.474117
      1748.00     0.474454
      1749.00     0.475057
      1750.00     0.475659
      1751.00     0.476261
      1752.00     0.476864
      1753.00     0.476915
      1754.00     0.476965
      1755.00     0.477015
      1756.00     0.477066
      1757.00     0.476960
      1758.00     0.476853
      1759.00     0.476746
      1760.00     0.476640
      1761.00     0.476696
      1762.00     0.476752
      1763.00     0.476808
      1764.00     0.476864
      1765.00     0.476867
      1766.00     0.476870
      1767.00     0.476872
      1768.00     0.476875
      1769.00     0.477071
      1770.00     0.477267
      1771.00     0.477463
      1772.00     0.477659
      1773.00     0.478247
      1774.00     0.478835
      1775.00     0.479423
      1776.00     0.480011
      1777.00     0.479710
      1778.00     0.479408
      1779.00     0.479106
      1780.00     0.478805
      1781.00     0.479125
      1782.00     0.479444
      1783.00     0.479764
      1784.00     0.480083
      1785.00     0.480030
      1786.00     0.479977
      1787.00     0.479924
      1788.00     0.479871
      1789.00     0.479447
      1790.00     0.479024
      1791.00     0.478600
      1792.00     0.478177
      1793.00     0.478388
      1794.00     0.478599
      1795.00     0.478811
      1796.00     0.479022
      1797.00     0.479075
      1798.00     0.479128
      1799.00     0.479181
      1800.00     0.479234
      1801.00     0.479553
      1802.00     0.479872
      1803.00     0.480191
      1804.00     0.480510
      1805.00     0.480563
      1806.00     0.480617
      1807.00     0.480670
      1808.00     0.480724
      1809.00     0.481255
      1810.00     0.481786
      1811.00     0.482317
      1812.00     0.482848
      1813.00     0.482423
      1814.00     0.481999
      1815.00     0.481574
      1816.00     0.481149
      1817.00     0.480655
      1818.00     0.480161
      1819.00     0.479668
      1820.00     0.479174
      1821.00     0.479403
      1822.00     0.479631
      1823.00     0.479860
      1824.00     0.480088
      1825.00     0.480495
      1826.00     0.480902
      1827.00     0.481310
      1828.00     0.481717
      1829.00     0.481790
      1830.00     0.481863
      1831.00     0.481937
      1832.00     0.482010
      1833.00     0.482174
      1834.00     0.482337
      1835.00     0.482501
      1836.00     0.482665
      1837.00     0.482432
      1838.00     0.482198
      1839.00     0.481965
      1840.00     0.481732
      1841.00     0.481372
      1842.00     0.481012
      1843.00     0.480652
      1844.00     0.480292
      1845.00     0.480293
      1846.00     0.480294
      1847.00     0.480295
      1848.00     0.480296
      1849.00     0.480244
      1850.00     0.480192
      1851.00     0.480140
      1852.00     0.480088
      1853.00     0.480141
      1854.00     0.480194
      1855.00     0.480247
      1856.00     0.480300
      1857.00     0.479961
      1858.00     0.479622
      1859.00     0.479283
      1860.00     0.478944
      1861.00     0.478018
      1862.00     0.477092
      1863.00     0.476166
      1864.00     0.475240
      1865.00     0.473951
      1866.00     0.472663
      1867.00     0.471374
      1868.00     0.470085
      1869.00     0.468159
      1870.00     0.466234
      1871.00     0.464309
      1872.00     0.462383
      1873.00     0.460595
      1874.00     0.458807
      1875.00     0.457019
      1876.00     0.455231
      1877.00     0.453678
      1878.00     0.452125
      1879.00     0.450572
      1880.00     0.449019
      1881.00     0.446858
      1882.00     0.444696
      1883.00     0.442535
      1884.00     0.440373
      1885.00     0.437640
      1886.00     0.434906
      1887.00     0.432173
      1888.00     0.429439
      1889.00     0.426283
      1890.00     0.423127
      1891.00     0.419971
      1892.00     0.416815
      1893.00     0.413559
      1894.00     0.410303
      1895.00     0.407046
      1896.00     0.403790
      1897.00     0.401098
      1898.00     0.398406
      1899.00     0.395713
      1900.00     0.393021
      1901.00     0.390968
      1902.00     0.388916
      1903.00     0.386863
      1904.00     0.384810
      1905.00     0.383628
      1906.00     0.382446
      1907.00     0.381265
      1908.00     0.380083
      1909.00     0.379396
      1910.00     0.378708
      1911.00     0.378021
      1912.00     0.377334
      1913.00     0.376791
      1914.00     0.376248
      1915.00     0.375706
      1916.00     0.375163
      1917.00     0.374731
      1918.00     0.374298
      1919.00     0.373866
      1920.00     0.373434
      1921.00     0.374112
      1922.00     0.374790
      1923.00     0.375469
      1924.00     0.376147
      1925.00     0.376837
      1926.00     0.377527
      1927.00     0.378217
      1928.00     0.378907
      1929.00     0.379113
      1930.00     0.379320
      1931.00     0.379526
      1932.00     0.379732
      1933.00     0.380360
      1934.00     0.380988
      1935.00     0.381615
      1936.00     0.382243
      1937.00     0.383275
      1938.00     0.384306
      1939.00     0.385338
      1940.00     0.386370
      1941.00     0.387212
      1942.00     0.388054
      1943.00     0.388897
      1944.00     0.389739
      1945.00     0.391369
      1946.00     0.392999
      1947.00     0.394628
      1948.00     0.396258
      1949.00     0.396396
      1950.00     0.396535
      1951.00     0.396673
      1952.00     0.396811
      1953.00     0.397530
      1954.00     0.398250
      1955.00     0.398969
      1956.00     0.399688
      1957.00     0.400003
      1958.00     0.400317
      1959.00     0.400632
      1960.00     0.400947
      1961.00     0.401700
      1962.00     0.402454
      1963.00     0.403208
      1964.00     0.403961
      1965.00     0.405012
      1966.00     0.406064
      1967.00     0.407116
      1968.00     0.408167
      1969.00     0.408592
      1970.00     0.409017
      1971.00     0.409442
      1972.00     0.409867
      1973.00     0.411105
      1974.00     0.412343
      1975.00     0.413581
      1976.00     0.414819
      1977.00     0.415122
      1978.00     0.415425
      1979.00     0.415727
      1980.00     0.416030
      1981.00     0.417212
      1982.00     0.418393
      1983.00     0.419574
      1984.00     0.420756
      1985.00     0.422249
      1986.00     0.423743
      1987.00     0.425236
      1988.00     0.426730
      1989.00     0.427734
      1990.00     0.428738
      1991.00     0.429742
      1992.00     0.430746
      1993.00     0.430808
      1994.00     0.430870
      1995.00     0.430932
      1996.00     0.430994
      1997.00     0.431255
      1998.00     0.431516
      1999.00     0.431778
      2000.00     0.432039
      2001.00     0.431935
      2002.00     0.431831
      2003.00     0.431728
      2004.00     0.431624
      2005.00     0.432407
      2006.00     0.433190
      2007.00     0.433972
      2008.00     0.434755
      2009.00     0.434923
      2010.00     0.435091
      2011.00     0.435260
      2012.00     0.435428
      2013.00     0.435104
      2014.00     0.434781
      2015.00     0.434457
      2016.00     0.434133
      2017.00     0.434172
      2018.00     0.434210
      2019.00     0.434249
      2020.00     0.434288
      2021.00     0.434382
      2022.00     0.434477
      2023.00     0.434572
      2024.00     0.434666
      2025.00     0.434649
      2026.00     0.434632
      2027.00     0.434615
      2028.00     0.434598
      2029.00     0.434598
      2030.00     0.434598
      2031.00     0.434598
      2032.00     0.434598
      2033.00     0.434689
      2034.00     0.434781
      2035.00     0.434873
      2036.00     0.434964
      2037.00     0.435267
      2038.00     0.435570
      2039.00     0.435874
      2040.00     0.436177
      2041.00     0.435479
      2042.00     0.434782
      2043.00     0.434084
      2044.00     0.433387
      2045.00     0.432698
      2046.00     0.432009
      2047.00     0.431321
      2048.00     0.430632
      2049.00     0.430542
      2050.00     0.430452
      2051.00     0.430362
      2052.00     0.430272
      2053.00     0.430944
      2054.00     0.431615
      2055.00     0.432287
      2056.00     0.432959
      2057.00     0.433170
      2058.00     0.433380
      2059.00     0.433591
      2060.00     0.433802
      2061.00     0.433984
      2062.00     0.434166
      2063.00     0.434348
      2064.00     0.434530
      2065.00     0.434964
      2066.00     0.435398
      2067.00     0.435831
      2068.00     0.436265
      2069.00     0.435378
      2070.00     0.434491
      2071.00     0.433603
      2072.00     0.432716
      2073.00     0.433016
      2074.00     0.433317
      2075.00     0.433618
      2076.00     0.433918
      2077.00     0.433225
      2078.00     0.432533
      2079.00     0.431840
      2080.00     0.431438
      2081.00     0.431087
      2082.00     0.432117
      2083.00     0.431697
      2084.00     0.431956
      2085.00     0.432264
      2086.00     0.432345
      2087.00     0.432182
      2088.00     0.432121
      2089.00     0.432069
      2090.00     0.431801
      2091.00     0.431609
      2092.00     0.431126
      2093.00     0.430015
      2094.00     0.429385
      2095.00     0.429258
      2096.00     0.429110
      2097.00     0.429216
      2098.00     0.430016
      2099.00     0.430544
      2100.00     0.430722
      2101.00     0.430701
      2102.00     0.430312
      2103.00     0.429650
      2104.00     0.429251
      2105.00     0.429201
      2106.00     0.429276
      2107.00     0.429516
      2108.00     0.429726
      2109.00     0.429767
      2110.00     0.429564
      2111.00     0.429551
      2112.00     0.429504
      2113.00     0.429518
      2114.00     0.429632
      2115.00     0.429837
      2116.00     0.429887
      2117.00     0.430006
      2118.00     0.430378
      2119.00     0.430401
      2120.00     0.430113
      2121.00     0.429965
      2122.00     0.430001
      2123.00     0.429881
      2124.00     0.429620
      2125.00     0.429418
      2126.00     0.429092
      2127.00     0.428736
      2128.00     0.428591
      2129.00     0.428430
      2130.00     0.427837
      2131.00     0.427263
      2132.00     0.427196
      2133.00     0.427371
      2134.00     0.427472
      2135.00     0.427566
      2136.00     0.427521
      2137.00     0.427221
      2138.00     0.426944
      2139.00     0.426887
      2140.00     0.426951
      2141.00     0.426822
      2142.00     0.426660
      2143.00     0.426707
      2144.00     0.426886
      2145.00     0.426884
      2146.00     0.426883
      2147.00     0.426769
      2148.00     0.426424
      2149.00     0.426085
      2150.00     0.426021
      2151.00     0.426155
      2152.00     0.426245
      2153.00     0.426657
      2154.00     0.427243
      2155.00     0.427571
      2156.00     0.427593
      2157.00     0.427504
      2158.00     0.427269
      2159.00     0.427040
      2160.00     0.427257
      2161.00     0.427858
      2162.00     0.428360
      2163.00     0.428388
      2164.00     0.428385
      2165.00     0.428402
      2166.00     0.428430
      2167.00     0.428638
      2168.00     0.428902
      2169.00     0.429088
      2170.00     0.429047
      2171.00     0.429168
      2172.00     0.429559
      2173.00     0.430050
      2174.00     0.430449
      2175.00     0.430694
      2176.00     0.430866
      2177.00     0.430913
      2178.00     0.430845
      2179.00     0.430668
      2180.00     0.430394
      2181.00     0.430071
      2182.00     0.429949
      2183.00     0.430299
      2184.00     0.430805
      2185.00     0.431270
      2186.00     0.431634
      2187.00     0.431745
      2188.00     0.431626
      2189.00     0.431605
      2190.00     0.431763
      2191.00     0.431802
      2192.00     0.431561
      2193.00     0.431466
      2194.00     0.431571
      2195.00     0.431512
      2196.00     0.431552
      2197.00     0.431721
      2198.00     0.431721
      2199.00     0.431679
      2200.00     0.431873
      2201.00     0.432352
      2202.00     0.432683
      2203.00     0.432776
      2204.00     0.432769
      2205.00     0.432600
      2206.00     0.432603
      2207.00     0.432722
      2208.00     0.433043
      2209.00     0.433312
      2210.00     0.433431
      2211.00     0.433596
      2212.00     0.433907
      2213.00     0.434348
      2214.00     0.434583
      2215.00     0.434675
      2216.00     0.434734
      2217.00     0.434673
      2218.00     0.434633
      2219.00     0.434621
      2220.00     0.434593
      2221.00     0.434494
      2222.00     0.434276
      2223.00     0.434079
      2224.00     0.433954
      2225.00     0.433887
      2226.00     0.433778
      2227.00     0.433659
      2228.00     0.433500
      2229.00     0.433343
      2230.00     0.432971
      2231.00     0.432459
      2232.00     0.431877
      2233.00     0.431343
      2234.00     0.430955
      2235.00     0.430677
      2236.00     0.430445
      2237.00     0.430152
      2238.00     0.429657
      2239.00     0.428889
      2240.00     0.427922
      2241.00     0.427039
      2242.00     0.426250
      2243.00     0.425613
      2244.00     0.425056
      2245.00     0.424399
      2246.00     0.423598
      2247.00     0.422722
      2248.00     0.421837
      2249.00     0.420813
      2250.00     0.419695
      2251.00     0.418606
      2252.00     0.417622
      2253.00     0.416520
      2254.00     0.415441
      2255.00     0.414594
      2256.00     0.413805
      2257.00     0.413124
      2258.00     0.412482
      2259.00     0.411908
      2260.00     0.411386
      2261.00     0.410682
      2262.00     0.409733
      2263.00     0.408926
      2264.00     0.408201
      2265.00     0.407468
      2266.00     0.406692
      2267.00     0.406046
      2268.00     0.405609
      2269.00     0.405108
      2270.00     0.404627
      2271.00     0.404310
      2272.00     0.403930
      2273.00     0.403328
      2274.00     0.402600
      2275.00     0.401998
      2276.00     0.401670
      2277.00     0.401581
      2278.00     0.401705
      2279.00     0.401891
      2280.00     0.401883
      2281.00     0.401556
      2282.00     0.401012
      2283.00     0.400294
      2284.00     0.399553
      2285.00     0.398937
      2286.00     0.398474
      2287.00     0.398101
      2288.00     0.397646
      2289.00     0.397213
      2290.00     0.396876
      2291.00     0.396467
      2292.00     0.396055
      2293.00     0.395626
      2294.00     0.395137
      2295.00     0.394657
      2296.00     0.393948
      2297.00     0.393128
      2298.00     0.392372
      2299.00     0.391715
      2300.00     0.391079
      2301.00     0.390479
      2302.00     0.389871
      2303.00     0.389694
      2304.00     0.389775
      2305.00     0.389804
      2306.00     0.389804
      2307.00     0.389701
      2308.00     0.389412
      2309.00     0.388861
      2310.00     0.388098
      2311.00     0.387637
      2312.00     0.387650
      2313.00     0.388153
      2314.00     0.389016
      2315.00     0.390158
      2316.00     0.391527
      2317.00     0.392797
      2318.00     0.393911
      2319.00     0.394951
      2320.00     0.395844
      2321.00     0.396587
      2322.00     0.397251
      2323.00     0.397811
      2324.00     0.398230
      2325.00     0.398457
      2326.00     0.398508
      2327.00     0.398522
      2328.00     0.398365
      2329.00     0.397893
      2330.00     0.397446
      2331.00     0.397113
      2332.00     0.396882
      2333.00     0.396640
      2334.00     0.396470
      2335.00     0.396352
      2336.00     0.396195
      2337.00     0.395990
      2338.00     0.395746
      2339.00     0.395419
      2340.00     0.395106
      2341.00     0.394793
      2342.00     0.394401
      2343.00     0.394001
      2344.00     0.393673
      2345.00     0.393368
      2346.00     0.392992
      2347.00     0.392553
      2348.00     0.392232
      2349.00     0.392034
      2350.00     0.391922
      2351.00     0.392037
      2352.00     0.392540
      2353.00     0.393419
      2354.00     0.394358
      2355.00     0.395353
      2356.00     0.396459
      2357.00     0.397353
      2358.00     0.397906
      2359.00     0.398209
      2360.00     0.398316
      2361.00     0.398220
      2362.00     0.398040
      2363.00     0.397976
      2364.00     0.398056
      2365.00     0.398217
      2366.00     0.398236
      2367.00     0.398267
      2368.00     0.398353
      2369.00     0.398432
      2370.00     0.398515
      2371.00     0.398660
      2372.00     0.398780
      2373.00     0.398780
      2374.00     0.398662
      2375.00     0.398512
      2376.00     0.398449
      2377.00     0.398432
      2378.00     0.398452
      2379.00     0.398579
      2380.00     0.398547
      2381.00     0.398365
      2382.00     0.398126
      2383.00     0.397851
      2384.00     0.397570
      2385.00     0.397319
      2386.00     0.397102
      2387.00     0.396944
      2388.00     0.396950
      2389.00     0.396989
      2390.00     0.396959
      2391.00     0.397048
      2392.00     0.397188
      2393.00     0.397241
      2394.00     0.397196
      2395.00     0.397118
      2396.00     0.397063
      2397.00     0.397030
      2398.00     0.396964
      2399.00     0.396798
      2400.00     0.396747
      2401.00     0.396686
      2402.00     0.396462
      2403.00     0.396155
      2404.00     0.395936
      2405.00     0.395792
      2406.00     0.395670
      2407.00     0.395586
      2408.00     0.395538
      2409.00     0.395443
      2410.00     0.395165
      2411.00     0.394749
      2412.00     0.394308
      2413.00     0.393898
      2414.00     0.393440
      2415.00     0.392920
      2416.00     0.392447
      2417.00     0.392045
      2418.00     0.391553
      2419.00     0.391034
      2420.00     0.390586
      2421.00     0.390244
      2422.00     0.390008
      2423.00     0.389768
      2424.00     0.389420
      2425.00     0.388970
      2426.00     0.388392
      2427.00     0.387697
      2428.00     0.387005
      2429.00     0.386306
      2430.00     0.385698
      2431.00     0.385166
      2432.00     0.384685
      2433.00     0.384226
      2434.00     0.383757
      2435.00     0.383231
      2436.00     0.382624
      2437.00     0.381847
      2438.00     0.381047
      2439.00     0.380258
      2440.00     0.379536
      2441.00     0.378923
      2442.00     0.378348
      2443.00     0.377874
      2444.00     0.377328
      2445.00     0.376783
      2446.00     0.376176
      2447.00     0.375551
      2448.00     0.374965
      2449.00     0.374411
      2450.00     0.373853
      2451.00     0.373064
      2452.00     0.372346
      2453.00     0.371594
      2454.00     0.370775
      2455.00     0.369927
      2456.00     0.369107
      2457.00     0.368284
      2458.00     0.367576
      2459.00     0.366821
      2460.00     0.365994
      2461.00     0.365255
      2462.00     0.364605
      2463.00     0.363988
      2464.00     0.363445
      2465.00     0.362972
      2466.00     0.362589
      2467.00     0.362167
      2468.00     0.361651
      2469.00     0.361059
      2470.00     0.360445
      2471.00     0.359774
      2472.00     0.359059
      2473.00     0.358481
      2474.00     0.358036
      2475.00     0.357723
      2476.00     0.357475
      2477.00     0.357222
      2478.00     0.356937
      2479.00     0.356654
      2480.00     0.356355
      2481.00     0.355983
      2482.00     0.355550
      2483.00     0.355141
      2484.00     0.354779
      2485.00     0.354520
      2486.00     0.354234
      2487.00     0.353923
      2488.00     0.353622
      2489.00     0.353368
      2490.00     0.353179
      2491.00     0.353091
      2492.00     0.353026
      2493.00     0.352929
      2494.00     0.352845
      2495.00     0.352795
      2496.00     0.352650
      2497.00     0.352391
      2498.00     0.352150
      2499.00     0.351974
      2500.00     0.351907
