      400.000    0.0100930
      401.000    0.0109900
      402.000    0.0132300
      403.000    0.0141130
      404.000    0.0154430
      405.000    0.0141170
      406.000    0.0154480
      407.000    0.0189450
      408.000    0.0198090
      409.000    0.0202460
      410.000    0.0202570
      411.000    0.0211290
      412.000    0.0219780
      413.000    0.0246050
      414.000    0.0263750
      415.000    0.0272460
      416.000    0.0272070
      417.000    0.0280880
      418.000    0.0300190
      419.000    0.0317840
      420.000    0.0319300
      421.000    0.0318390
      422.000    0.0336920
      423.000    0.0335280
      424.000    0.0360710
      425.000    0.0368760
      426.000    0.0381470
      427.000    0.0391710
      428.000    0.0391960
      429.000    0.0435130
      430.000    0.0435130
      431.000    0.0435720
      432.000    0.0450790
      433.000    0.0479060
      434.000    0.0477710
      435.000    0.0477380
      436.000    0.0524130
      437.000    0.0523350
      438.000    0.0510980
      439.000    0.0531580
      440.000    0.0546350
      441.000    0.0552490
      442.000    0.0576100
      443.000    0.0573490
      444.000    0.0573490
      445.000    0.0577840
      446.000    0.0605280
      447.000    0.0611420
      448.000    0.0630310
      449.000    0.0615220
      450.000    0.0645370
      451.000    0.0662410
      452.000    0.0666190
      453.000    0.0703440
      454.000    0.0710200
      455.000    0.0720840
      456.000    0.0735590
      457.000    0.0751610
      458.000    0.0721350
      459.000    0.0730190
      460.000    0.0757430
      461.000    0.0771760
      462.000    0.0786280
      463.000    0.0785640
      464.000    0.0775860
      465.000    0.0792170
      466.000    0.0790860
      467.000    0.0805190
      468.000    0.0812310
      469.000    0.0826000
      470.000    0.0815020
      471.000    0.0828740
      472.000    0.0825320
      473.000    0.0824630
      474.000    0.0869670
      475.000    0.0886620
      476.000    0.0899640
      477.000    0.0865030
      478.000    0.0895130
      479.000    0.0907350
      480.000    0.0916510
      481.000    0.0921840
      482.000    0.0928710
      483.000    0.0929480
      484.000    0.0935530
      485.000    0.0961420
      486.000    0.0972750
      487.000    0.0983560
      488.000    0.0985680
      489.000    0.0994860
      490.000    0.0999050
      491.000    0.0989600
      492.000    0.0997010
      493.000     0.100984
      494.000     0.104488
      495.000     0.105867
      496.000     0.104231
      497.000     0.104890
      498.000     0.106352
      499.000     0.107377
      500.000     0.108842
      501.000     0.109762
      502.000     0.112801
      503.000     0.111975
      504.000     0.114088
      505.000     0.114999
      506.000     0.113902
      507.000     0.116565
      508.000     0.116742
      509.000     0.116459
      510.000     0.119116
      511.000     0.122198
      512.000     0.121172
      513.000     0.122656
      514.000     0.123091
      515.000     0.124577
      516.000     0.126646
      517.000     0.126646
      518.000     0.126545
      519.000     0.128905
      520.000     0.130912
      521.000     0.132408
      522.000     0.134348
      523.000     0.135780
      524.000     0.131885
      525.000     0.133819
      526.000     0.136412
      527.000     0.138453
      528.000     0.139736
      529.000     0.140436
      530.000     0.141607
      531.000     0.142777
      532.000     0.145580
      533.000     0.146859
      534.000     0.145922
      535.000     0.146265
      536.000     0.150116
      537.000     0.151883
      538.000     0.153167
      539.000     0.154210
      540.000     0.153250
      541.000     0.155803
      542.000     0.154293
      543.000     0.157696
      544.000     0.161282
      545.000     0.160909
      546.000     0.161282
      547.000     0.160660
      548.000     0.162363
      549.000     0.164746
      550.000     0.165509
      551.000     0.164799
      552.000     0.167955
      553.000     0.169644
      554.000     0.167637
      555.000     0.170073
      556.000     0.169820
      557.000     0.168513
      558.000     0.172025
      559.000     0.180406
      560.000     0.185185
      561.000     0.184782
      562.000     0.187791
      563.000     0.187503
      564.000     0.188103
      565.000     0.191389
      566.000     0.188991
      567.000     0.190536
      568.000     0.190418
      569.000     0.191678
      570.000     0.195447
      571.000     0.196293
      572.000     0.198029
      573.000     0.200140
      574.000     0.200824
      575.000     0.201909
      576.000     0.203231
      577.000     0.202668
      578.000     0.204331
      579.000     0.206936
      580.000     0.206264
      581.000     0.204174
      582.000     0.205631
      583.000     0.206510
      584.000     0.206798
      585.000     0.210811
      586.000     0.207198
      587.000     0.210165
      588.000     0.209970
      589.000     0.212069
      590.000     0.213729
      591.000     0.213630
      592.000     0.217449
      593.000     0.215908
      594.000     0.217895
      595.000     0.216403
      596.000     0.217563
      597.000     0.218882
      598.000     0.221055
      599.000     0.219919
      600.000     0.222359
      601.000     0.221995
      602.000     0.222132
      603.000     0.222930
      604.000     0.223684
      605.000     0.225139
      606.000     0.225431
      607.000     0.223815
      608.000     0.224934
      609.000     0.227528
      610.000     0.227167
      611.000     0.229900
      612.000     0.234916
      613.000     0.232806
      614.000     0.234147
      615.000     0.233319
      616.000     0.233491
      617.000     0.232374
      618.000     0.233662
      619.000     0.236652
      620.000     0.236827
      621.000     0.235643
      622.000     0.236660
      623.000     0.237770
      624.000     0.238467
      625.000     0.238769
      626.000     0.239352
      627.000     0.240513
      628.000     0.241394
      629.000     0.243394
      630.000     0.247539
      631.000     0.250681
      632.000     0.248562
      633.000     0.249671
      634.000     0.250036
      635.000     0.250036
      636.000     0.248763
      637.000     0.247500
      638.000     0.247960
      639.000     0.246248
      640.000     0.249159
      641.000     0.249520
      642.000     0.254274
      643.000     0.255197
      644.000     0.255383
      645.000     0.254094
      646.000     0.257192
      647.000     0.257750
      648.000     0.255557
      649.000     0.253546
      650.000     0.255003
      651.000     0.260157
      652.000     0.262011
      653.000     0.261632
      654.000     0.261065
      655.000     0.264065
      656.000     0.266842
      657.000     0.265493
      658.000     0.265493
      659.000     0.265124
      660.000     0.263230
      661.000     0.260482
      662.000     0.263728
      663.000     0.260852
      664.000     0.262127
      665.000     0.266719
      666.000     0.267890
      667.000     0.268985
      668.000     0.270782
      669.000     0.268599
      670.000     0.268407
      671.000     0.270782
      672.000     0.267230
      673.000     0.268505
      674.000     0.269781
      675.000     0.272376
      676.000     0.272959
      677.000     0.277494
      678.000     0.275661
      679.000     0.274967
      680.000     0.276640
      681.000     0.277923
      682.000     0.276354
      683.000     0.276848
      684.000     0.276458
      685.000     0.276653
      686.000     0.277434
      687.000     0.277826
      688.000     0.278906
      689.000     0.280054
      690.000     0.282736
      691.000     0.282537
      692.000     0.281459
      693.000     0.280470
      694.000     0.281743
      695.000     0.282537
      696.000     0.283795
      697.000     0.290494
      698.000     0.289089
      699.000     0.286887
      700.000     0.290845
      701.000     0.291897
      702.000     0.290444
      703.000     0.290243
      704.000     0.289644
      705.000     0.289644
      706.000     0.289444
      707.000     0.290692
      708.000     0.289695
      709.000     0.292141
      710.000     0.296499
      711.000     0.292785
      712.000     0.294470
      713.000     0.294099
      714.000     0.294940
      715.000     0.297567
      716.000     0.296932
      717.000     0.297198
      718.000     0.298445
      719.000     0.300940
      720.000     0.297792
      721.000     0.297996
      722.000     0.300118
      723.000     0.301098
      724.000     0.302760
      725.000     0.301524
      726.000     0.301730
      727.000     0.303174
      728.000     0.303792
      729.000     0.303380
      730.000     0.306890
      731.000     0.304736
      732.000     0.306890
      733.000     0.306185
      734.000     0.307844
      735.000     0.306802
      736.000     0.307362
      737.000     0.306802
      738.000     0.308668
      739.000     0.307897
      740.000     0.308391
      741.000     0.308446
      742.000     0.308238
      743.000     0.311315
      744.000     0.310896
      745.000     0.312076
      746.000     0.311735
      747.000     0.314967
      748.000     0.315393
      749.000     0.314499
      750.000     0.315865
      751.000     0.313604
      752.000     0.313181
      753.000     0.317574
      754.000     0.317147
      755.000     0.317104
      756.000     0.317317
      757.000     0.317104
      758.000     0.315874
      759.000     0.318003
      760.000     0.318171
      761.000     0.318171
      762.000     0.318596
      763.000     0.323795
      764.000     0.321597
      765.000     0.320841
      766.000     0.318383
      767.000     0.323473
      768.000     0.322762
      769.000     0.322808
      770.000     0.322226
      771.000     0.323666
      772.000     0.324097
      773.000     0.324097
      774.000     0.324097
      775.000     0.324312
      776.000     0.326409
      777.000     0.325612
      778.000     0.328434
      779.000     0.330234
      780.000     0.327026
      781.000     0.328471
      782.000     0.328253
      783.000     0.327819
      784.000     0.331242
      785.000     0.327169
      786.000     0.328293
      787.000     0.329481
      788.000     0.328471
      789.000     0.327500
      790.000     0.330173
      791.000     0.331315
      792.000     0.329955
      793.000     0.332758
      794.000     0.332101
      795.000     0.334218
      796.000     0.331882
      797.000     0.332211
      798.000     0.334300
      799.000     0.334284
      800.000     0.333055
      801.000     0.333297
      802.000     0.333539
      803.000     0.333781
      804.000     0.334023
      805.000     0.333645
      806.000     0.333266
      807.000     0.332888
      808.000     0.332509
      809.000     0.332456
      810.000     0.332404
      811.000     0.332352
      812.000     0.332299
      813.000     0.332818
      814.000     0.333337
      815.000     0.333857
      816.000     0.334376
      817.000     0.334311
      818.000     0.334246
      819.000     0.334180
      820.000     0.334115
      821.000     0.334477
      822.000     0.334839
      823.000     0.335200
      824.000     0.335562
      825.000     0.335723
      826.000     0.335883
      827.000     0.336043
      828.000     0.336204
      829.000     0.335907
      830.000     0.335609
      831.000     0.335311
      832.000     0.335014
      833.000     0.335014
      834.000     0.335014
      835.000     0.335014
      836.000     0.335014
      837.000     0.335299
      838.000     0.335584
      839.000     0.335869
      840.000     0.336154
      841.000     0.336154
      842.000     0.336154
      843.000     0.336154
      844.000     0.336154
      845.000     0.335752
      846.000     0.335350
      847.000     0.334948
      848.000     0.334546
      849.000     0.334410
      850.000     0.334274
      851.000     0.334138
      852.000     0.334002
      853.000     0.333835
      854.000     0.333668
      855.000     0.333501
      856.000     0.333334
      857.000     0.333162
      858.000     0.332989
      859.000     0.332817
      860.000     0.332644
      861.000     0.332965
      862.000     0.333286
      863.000     0.333606
      864.000     0.333927
      865.000     0.334302
      866.000     0.334676
      867.000     0.335050
      868.000     0.335425
      869.000     0.334995
      870.000     0.334565
      871.000     0.334134
      872.000     0.333704
      873.000     0.333815
      874.000     0.333925
      875.000     0.334036
      876.000     0.334147
      877.000     0.334044
      878.000     0.333941
      879.000     0.333837
      880.000     0.333734
      881.000     0.333941
      882.000     0.334148
      883.000     0.334356
      884.000     0.334563
      885.000     0.333534
      886.000     0.332505
      887.000     0.331476
      888.000     0.330447
      889.000     0.330765
      890.000     0.331084
      891.000     0.331402
      892.000     0.331720
      893.000     0.332020
      894.000     0.332319
      895.000     0.332619
      896.000     0.332918
      897.000     0.333448
      898.000     0.333978
      899.000     0.334508
      900.000     0.335038
      901.000     0.334782
      902.000     0.334526
      903.000     0.334270
      904.000     0.334014
      905.000     0.334108
      906.000     0.334203
      907.000     0.334297
      908.000     0.334391
      909.000     0.334131
      910.000     0.333871
      911.000     0.333611
      912.000     0.333351
      913.000     0.333200
      914.000     0.333048
      915.000     0.332897
      916.000     0.332745
      917.000     0.333163
      918.000     0.333580
      919.000     0.333998
      920.000     0.334415
      921.000     0.334642
      922.000     0.334869
      923.000     0.335096
      924.000     0.335323
      925.000     0.334855
      926.000     0.334386
      927.000     0.333918
      928.000     0.333450
      929.000     0.334317
      930.000     0.335185
      931.000     0.336052
      932.000     0.336919
      933.000     0.336673
      934.000     0.336426
      935.000     0.336180
      936.000     0.335934
      937.000     0.336292
      938.000     0.336649
      939.000     0.337007
      940.000     0.337365
      941.000     0.337416
      942.000     0.337468
      943.000     0.337519
      944.000     0.337571
      945.000     0.338025
      946.000     0.338479
      947.000     0.338932
      948.000     0.339386
      949.000     0.338847
      950.000     0.338309
      951.000     0.337771
      952.000     0.337232
      953.000     0.337674
      954.000     0.338117
      955.000     0.338559
      956.000     0.339001
      957.000     0.338620
      958.000     0.338239
      959.000     0.337857
      960.000     0.337476
      961.000     0.337476
      962.000     0.337476
      963.000     0.337476
      964.000     0.337476
      965.000     0.338389
      966.000     0.339302
      967.000     0.340215
      968.000     0.341128
      969.000     0.340646
      970.000     0.340163
      971.000     0.339681
      972.000     0.339199
      973.000     0.339199
      974.000     0.339199
      975.000     0.339199
      976.000     0.339199
      977.000     0.339699
      978.000     0.340199
      979.000     0.340700
      980.000     0.341200
      981.000     0.341086
      982.000     0.340972
      983.000     0.340859
      984.000     0.340745
      985.000     0.341667
      986.000     0.342588
      987.000     0.343509
      988.000     0.344431
      989.000     0.343244
      990.000     0.342058
      991.000     0.340872
      992.000     0.339685
      993.000     0.340398
      994.000     0.341112
      995.000     0.341825
      996.000     0.342539
      997.000     0.342672
      998.000     0.342806
      999.000     0.342939
      1000.00     0.343073
      1001.00     0.342765
      1002.00     0.342458
      1003.00     0.342150
      1004.00     0.341842
      1005.00     0.342625
      1006.00     0.343408
      1007.00     0.344190
      1008.00     0.344973
      1009.00     0.345372
      1010.00     0.345770
      1011.00     0.346169
      1012.00     0.346567
      1013.00     0.347123
      1014.00     0.347679
      1015.00     0.348235
      1016.00     0.348791
      1017.00     0.349086
      1018.00     0.349381
      1019.00     0.349676
      1020.00     0.349971
      1021.00     0.349952
      1022.00     0.349933
      1023.00     0.349914
      1024.00     0.349895
      1025.00     0.349739
      1026.00     0.349582
      1027.00     0.349426
      1028.00     0.349270
      1029.00     0.348804
      1030.00     0.348339
      1031.00     0.347874
      1032.00     0.347408
      1033.00     0.346464
      1034.00     0.345520
      1035.00     0.344577
      1036.00     0.343633
      1037.00     0.344166
      1038.00     0.344699
      1039.00     0.345232
      1040.00     0.345765
      1041.00     0.346692
      1042.00     0.347619
      1043.00     0.348547
      1044.00     0.349474
      1045.00     0.350142
      1046.00     0.350810
      1047.00     0.351478
      1048.00     0.352146
      1049.00     0.353081
      1050.00     0.354015
      1051.00     0.354950
      1052.00     0.355884
      1053.00     0.355555
      1054.00     0.355226
      1055.00     0.354896
      1056.00     0.354567
      1057.00     0.354475
      1058.00     0.354383
      1059.00     0.354292
      1060.00     0.354200
      1061.00     0.354334
      1062.00     0.354468
      1063.00     0.354603
      1064.00     0.354737
      1065.00     0.354934
      1066.00     0.355132
      1067.00     0.355329
      1068.00     0.355526
      1069.00     0.355276
      1070.00     0.355027
      1071.00     0.354778
      1072.00     0.354528
      1073.00     0.354163
      1074.00     0.353797
      1075.00     0.353432
      1076.00     0.353067
      1077.00     0.352622
      1078.00     0.352177
      1079.00     0.351732
      1080.00     0.351287
      1081.00     0.352167
      1082.00     0.353046
      1083.00     0.353925
      1084.00     0.354805
      1085.00     0.355778
      1086.00     0.356750
      1087.00     0.357723
      1088.00     0.358696
      1089.00     0.358579
      1090.00     0.358463
      1091.00     0.358347
      1092.00     0.358230
      1093.00     0.358125
      1094.00     0.358019
      1095.00     0.357913
      1096.00     0.357808
      1097.00     0.358268
      1098.00     0.358727
      1099.00     0.359187
      1100.00     0.359647
      1101.00     0.359635
      1102.00     0.359623
      1103.00     0.359612
      1104.00     0.359600
      1105.00     0.359792
      1106.00     0.359984
      1107.00     0.360176
      1108.00     0.360368
      1109.00     0.361052
      1110.00     0.361736
      1111.00     0.362420
      1112.00     0.363104
      1113.00     0.363386
      1114.00     0.363668
      1115.00     0.363950
      1116.00     0.364232
      1117.00     0.364378
      1118.00     0.364524
      1119.00     0.364671
      1120.00     0.364817
      1121.00     0.364738
      1122.00     0.364659
      1123.00     0.364579
      1124.00     0.364500
      1125.00     0.363998
      1126.00     0.363496
      1127.00     0.362995
      1128.00     0.362493
      1129.00     0.363122
      1130.00     0.363752
      1131.00     0.364381
      1132.00     0.365011
      1133.00     0.364116
      1134.00     0.363221
      1135.00     0.362327
      1136.00     0.361432
      1137.00     0.360630
      1138.00     0.359828
      1139.00     0.359027
      1140.00     0.358225
      1141.00     0.359820
      1142.00     0.361414
      1143.00     0.363009
      1144.00     0.364604
      1145.00     0.365757
      1146.00     0.366910
      1147.00     0.368062
      1148.00     0.369215
      1149.00     0.369246
      1150.00     0.369277
      1151.00     0.369308
      1152.00     0.369339
      1153.00     0.369887
      1154.00     0.370435
      1155.00     0.370984
      1156.00     0.371532
      1157.00     0.371829
      1158.00     0.372126
      1159.00     0.372424
      1160.00     0.372721
      1161.00     0.372469
      1162.00     0.372218
      1163.00     0.371967
      1164.00     0.371715
      1165.00     0.372172
      1166.00     0.372630
      1167.00     0.373087
      1168.00     0.373544
      1169.00     0.373880
      1170.00     0.374216
      1171.00     0.374551
      1172.00     0.374887
      1173.00     0.374941
      1174.00     0.374995
      1175.00     0.375049
      1176.00     0.375103
      1177.00     0.375248
      1178.00     0.375392
      1179.00     0.375537
      1180.00     0.375682
      1181.00     0.375790
      1182.00     0.375899
      1183.00     0.376007
      1184.00     0.376116
      1185.00     0.376440
      1186.00     0.376764
      1187.00     0.377088
      1188.00     0.377412
      1189.00     0.377627
      1190.00     0.377843
      1191.00     0.378058
      1192.00     0.378274
      1193.00     0.377602
      1194.00     0.376931
      1195.00     0.376260
      1196.00     0.375588
      1197.00     0.375966
      1198.00     0.376344
      1199.00     0.376722
      1200.00     0.377100
      1201.00     0.377210
      1202.00     0.377319
      1203.00     0.377429
      1204.00     0.377539
      1205.00     0.377523
      1206.00     0.377508
      1207.00     0.377492
      1208.00     0.377476
      1209.00     0.375945
      1210.00     0.374414
      1211.00     0.372883
      1212.00     0.371352
      1213.00     0.371285
      1214.00     0.371217
      1215.00     0.371150
      1216.00     0.371082
      1217.00     0.372497
      1218.00     0.373911
      1219.00     0.375326
      1220.00     0.376741
      1221.00     0.376962
      1222.00     0.377183
      1223.00     0.377405
      1224.00     0.377626
      1225.00     0.378143
      1226.00     0.378659
      1227.00     0.379175
      1228.00     0.379692
      1229.00     0.380090
      1230.00     0.380488
      1231.00     0.380886
      1232.00     0.381284
      1233.00     0.380886
      1234.00     0.380488
      1235.00     0.380090
      1236.00     0.379692
      1237.00     0.378724
      1238.00     0.377756
      1239.00     0.376787
      1240.00     0.375819
      1241.00     0.376215
      1242.00     0.376612
      1243.00     0.377008
      1244.00     0.377404
      1245.00     0.377620
      1246.00     0.377836
      1247.00     0.378052
      1248.00     0.378268
      1249.00     0.378113
      1250.00     0.377959
      1251.00     0.377804
      1252.00     0.377649
      1253.00     0.377874
      1254.00     0.378100
      1255.00     0.378325
      1256.00     0.378550
      1257.00     0.378834
      1258.00     0.379119
      1259.00     0.379403
      1260.00     0.379687
      1261.00     0.380038
      1262.00     0.380390
      1263.00     0.380741
      1264.00     0.381092
      1265.00     0.381878
      1266.00     0.382664
      1267.00     0.383450
      1268.00     0.384236
      1269.00     0.385194
      1270.00     0.386152
      1271.00     0.387110
      1272.00     0.388068
      1273.00     0.387907
      1274.00     0.387745
      1275.00     0.387583
      1276.00     0.387422
      1277.00     0.387537
      1278.00     0.387653
      1279.00     0.387768
      1280.00     0.387883
      1281.00     0.388345
      1282.00     0.388808
      1283.00     0.389270
      1284.00     0.389732
      1285.00     0.389878
      1286.00     0.390024
      1287.00     0.390171
      1288.00     0.390317
      1289.00     0.390439
      1290.00     0.390561
      1291.00     0.390682
      1292.00     0.390804
      1293.00     0.390926
      1294.00     0.391048
      1295.00     0.391170
      1296.00     0.391292
      1297.00     0.391124
      1298.00     0.390957
      1299.00     0.390789
      1300.00     0.390621
      1301.00     0.390844
      1302.00     0.391066
      1303.00     0.391288
      1304.00     0.391511
      1305.00     0.391610
      1306.00     0.391708
      1307.00     0.391807
      1308.00     0.391906
      1309.00     0.391738
      1310.00     0.391571
      1311.00     0.391403
      1312.00     0.391235
      1313.00     0.390846
      1314.00     0.390456
      1315.00     0.390067
      1316.00     0.389678
      1317.00     0.389567
      1318.00     0.389456
      1319.00     0.389345
      1320.00     0.389234
      1321.00     0.389498
      1322.00     0.389761
      1323.00     0.390024
      1324.00     0.390288
      1325.00     0.390565
      1326.00     0.390841
      1327.00     0.391118
      1328.00     0.391395
      1329.00     0.391739
      1330.00     0.392083
      1331.00     0.392428
      1332.00     0.392772
      1333.00     0.392273
      1334.00     0.391774
      1335.00     0.391275
      1336.00     0.390776
      1337.00     0.390333
      1338.00     0.389890
      1339.00     0.389448
      1340.00     0.389005
      1341.00     0.389416
      1342.00     0.389827
      1343.00     0.390239
      1344.00     0.390650
      1345.00     0.390295
      1346.00     0.389940
      1347.00     0.389585
      1348.00     0.389230
      1349.00     0.389598
      1350.00     0.389967
      1351.00     0.390335
      1352.00     0.390703
      1353.00     0.390656
      1354.00     0.390610
      1355.00     0.390563
      1356.00     0.390516
      1357.00     0.390064
      1358.00     0.389612
      1359.00     0.389160
      1360.00     0.388708
      1361.00     0.388773
      1362.00     0.388838
      1363.00     0.388904
      1364.00     0.388969
      1365.00     0.388786
      1366.00     0.388604
      1367.00     0.388421
      1368.00     0.388238
      1369.00     0.387784
      1370.00     0.387330
      1371.00     0.386876
      1372.00     0.386422
      1373.00     0.386129
      1374.00     0.385837
      1375.00     0.385544
      1376.00     0.385251
      1377.00     0.384929
      1378.00     0.384606
      1379.00     0.384284
      1380.00     0.383962
      1381.00     0.383152
      1382.00     0.382342
      1383.00     0.381531
      1384.00     0.380721
      1385.00     0.380580
      1386.00     0.380439
      1387.00     0.380297
      1388.00     0.380156
      1389.00     0.380419
      1390.00     0.380682
      1391.00     0.380946
      1392.00     0.381209
      1393.00     0.380653
      1394.00     0.380097
      1395.00     0.379541
      1396.00     0.378985
      1397.00     0.379090
      1398.00     0.379196
      1399.00     0.379301
      1400.00     0.379406
      1401.00     0.377799
      1402.00     0.376193
      1403.00     0.374586
      1404.00     0.372979
      1405.00     0.373493
      1406.00     0.374006
      1407.00     0.374519
      1408.00     0.375033
      1409.00     0.375171
      1410.00     0.375309
      1411.00     0.375448
      1412.00     0.375586
      1413.00     0.376425
      1414.00     0.377264
      1415.00     0.378104
      1416.00     0.378943
      1417.00     0.379315
      1418.00     0.379687
      1419.00     0.380059
      1420.00     0.380431
      1421.00     0.381309
      1422.00     0.382187
      1423.00     0.383065
      1424.00     0.383943
      1425.00     0.383775
      1426.00     0.383607
      1427.00     0.383439
      1428.00     0.383271
      1429.00     0.383436
      1430.00     0.383601
      1431.00     0.383766
      1432.00     0.383931
      1433.00     0.384152
      1434.00     0.384373
      1435.00     0.384594
      1436.00     0.384815
      1437.00     0.385161
      1438.00     0.385507
      1439.00     0.385852
      1440.00     0.386198
      1441.00     0.386475
      1442.00     0.386753
      1443.00     0.387030
      1444.00     0.387307
      1445.00     0.387086
      1446.00     0.386865
      1447.00     0.386643
      1448.00     0.386422
      1449.00     0.387012
      1450.00     0.387603
      1451.00     0.388193
      1452.00     0.388783
      1453.00     0.389495
      1454.00     0.390207
      1455.00     0.390920
      1456.00     0.391632
      1457.00     0.391436
      1458.00     0.391240
      1459.00     0.391044
      1460.00     0.390848
      1461.00     0.390519
      1462.00     0.390190
      1463.00     0.389861
      1464.00     0.389532
      1465.00     0.389805
      1466.00     0.390079
      1467.00     0.390352
      1468.00     0.390626
      1469.00     0.390545
      1470.00     0.390464
      1471.00     0.390383
      1472.00     0.390302
      1473.00     0.390563
      1474.00     0.390823
      1475.00     0.391083
      1476.00     0.391344
      1477.00     0.392153
      1478.00     0.392962
      1479.00     0.393772
      1480.00     0.394581
      1481.00     0.394649
      1482.00     0.394717
      1483.00     0.394784
      1484.00     0.394852
      1485.00     0.394690
      1486.00     0.394528
      1487.00     0.394366
      1488.00     0.394204
      1489.00     0.393840
      1490.00     0.393476
      1491.00     0.393111
      1492.00     0.392747
      1493.00     0.393162
      1494.00     0.393577
      1495.00     0.393992
      1496.00     0.394407
      1497.00     0.394675
      1498.00     0.394944
      1499.00     0.395212
      1500.00     0.395480
      1501.00     0.395743
      1502.00     0.396007
      1503.00     0.396271
      1504.00     0.396534
      1505.00     0.396842
      1506.00     0.397150
      1507.00     0.397457
      1508.00     0.397765
      1509.00     0.397765
      1510.00     0.397765
      1511.00     0.397765
      1512.00     0.397765
      1513.00     0.398264
      1514.00     0.398763
      1515.00     0.399262
      1516.00     0.399761
      1517.00     0.399852
      1518.00     0.399943
      1519.00     0.400034
      1520.00     0.400125
      1521.00     0.400385
      1522.00     0.400646
      1523.00     0.400907
      1524.00     0.401167
      1525.00     0.401213
      1526.00     0.401258
      1527.00     0.401303
      1528.00     0.401349
      1529.00     0.401349
      1530.00     0.401349
      1531.00     0.401349
      1532.00     0.401349
      1533.00     0.401461
      1534.00     0.401574
      1535.00     0.401687
      1536.00     0.401799
      1537.00     0.401641
      1538.00     0.401483
      1539.00     0.401325
      1540.00     0.401167
      1541.00     0.400514
      1542.00     0.399861
      1543.00     0.399208
      1544.00     0.398555
      1545.00     0.398704
      1546.00     0.398852
      1547.00     0.399001
      1548.00     0.399150
      1549.00     0.399710
      1550.00     0.400270
      1551.00     0.400829
      1552.00     0.401389
      1553.00     0.401344
      1554.00     0.401299
      1555.00     0.401255
      1556.00     0.401210
      1557.00     0.401920
      1558.00     0.402629
      1559.00     0.403339
      1560.00     0.404049
      1561.00     0.404853
      1562.00     0.405657
      1563.00     0.406460
      1564.00     0.407264
      1565.00     0.408215
      1566.00     0.409167
      1567.00     0.410118
      1568.00     0.411070
      1569.00     0.411012
      1570.00     0.410954
      1571.00     0.410896
      1572.00     0.410838
      1573.00     0.409513
      1574.00     0.408189
      1575.00     0.406864
      1576.00     0.405539
      1577.00     0.405145
      1578.00     0.404750
      1579.00     0.404355
      1580.00     0.403961
      1581.00     0.403983
      1582.00     0.404005
      1583.00     0.404027
      1584.00     0.404049
      1585.00     0.403992
      1586.00     0.403935
      1587.00     0.403879
      1588.00     0.403822
      1589.00     0.404518
      1590.00     0.405215
      1591.00     0.405912
      1592.00     0.406608
      1593.00     0.405912
      1594.00     0.405215
      1595.00     0.404518
      1596.00     0.403822
      1597.00     0.403495
      1598.00     0.403169
      1599.00     0.402842
      1600.00     0.402516
      1601.00     0.402550
      1602.00     0.402585
      1603.00     0.402619
      1604.00     0.402654
      1605.00     0.401936
      1606.00     0.401217
      1607.00     0.400499
      1608.00     0.399781
      1609.00     0.399715
      1610.00     0.399650
      1611.00     0.399585
      1612.00     0.399519
      1613.00     0.400187
      1614.00     0.400855
      1615.00     0.401524
      1616.00     0.402192
      1617.00     0.403762
      1618.00     0.405333
      1619.00     0.406904
      1620.00     0.408474
      1621.00     0.408127
      1622.00     0.407781
      1623.00     0.407435
      1624.00     0.407088
      1625.00     0.407471
      1626.00     0.407854
      1627.00     0.408236
      1628.00     0.408619
      1629.00     0.408407
      1630.00     0.408195
      1631.00     0.407982
      1632.00     0.407770
      1633.00     0.407941
      1634.00     0.408112
      1635.00     0.408282
      1636.00     0.408453
      1637.00     0.408215
      1638.00     0.407977
      1639.00     0.407738
      1640.00     0.407500
      1641.00     0.407269
      1642.00     0.407039
      1643.00     0.406808
      1644.00     0.406578
      1645.00     0.406597
      1646.00     0.406617
      1647.00     0.406636
      1648.00     0.406655
      1649.00     0.406670
      1650.00     0.406685
      1651.00     0.406700
      1652.00     0.406715
      1653.00     0.407252
      1654.00     0.407790
      1655.00     0.408328
      1656.00     0.408865
      1657.00     0.408747
      1658.00     0.408628
      1659.00     0.408509
      1660.00     0.408391
      1661.00     0.408623
      1662.00     0.408856
      1663.00     0.409088
      1664.00     0.409321
      1665.00     0.408995
      1666.00     0.408669
      1667.00     0.408344
      1668.00     0.408018
      1669.00     0.407911
      1670.00     0.407804
      1671.00     0.407697
      1672.00     0.407590
      1673.00     0.407877
      1674.00     0.408165
      1675.00     0.408452
      1676.00     0.408739
      1677.00     0.408568
      1678.00     0.408396
      1679.00     0.408225
      1680.00     0.408054
      1681.00     0.408434
      1682.00     0.408814
      1683.00     0.409195
      1684.00     0.409575
      1685.00     0.409461
      1686.00     0.409348
      1687.00     0.409235
      1688.00     0.409121
      1689.00     0.409616
      1690.00     0.410111
      1691.00     0.410605
      1692.00     0.411100
      1693.00     0.410589
      1694.00     0.410078
      1695.00     0.409566
      1696.00     0.409055
      1697.00     0.409491
      1698.00     0.409926
      1699.00     0.410362
      1700.00     0.410798
      1701.00     0.410289
      1702.00     0.409781
      1703.00     0.409272
      1704.00     0.408763
      1705.00     0.409443
      1706.00     0.410123
      1707.00     0.410802
      1708.00     0.411482
      1709.00     0.411085
      1710.00     0.410688
      1711.00     0.410290
      1712.00     0.409893
      1713.00     0.410309
      1714.00     0.410725
      1715.00     0.411141
      1716.00     0.411557
      1717.00     0.411825
      1718.00     0.412094
      1719.00     0.412362
      1720.00     0.412630
      1721.00     0.412438
      1722.00     0.412246
      1723.00     0.412053
      1724.00     0.411861
      1725.00     0.412111
      1726.00     0.412361
      1727.00     0.412611
      1728.00     0.412861
      1729.00     0.412649
      1730.00     0.412438
      1731.00     0.412226
      1732.00     0.412015
      1733.00     0.411559
      1734.00     0.411102
      1735.00     0.410646
      1736.00     0.410189
      1737.00     0.410417
      1738.00     0.410645
      1739.00     0.410872
      1740.00     0.411100
      1741.00     0.410320
      1742.00     0.409541
      1743.00     0.408761
      1744.00     0.407981
      1745.00     0.408323
      1746.00     0.408664
      1747.00     0.409006
      1748.00     0.409348
      1749.00     0.409709
      1750.00     0.410069
      1751.00     0.410430
      1752.00     0.410791
      1753.00     0.410598
      1754.00     0.410405
      1755.00     0.410212
      1756.00     0.410019
      1757.00     0.410441
      1758.00     0.410864
      1759.00     0.411286
      1760.00     0.411708
      1761.00     0.411747
      1762.00     0.411785
      1763.00     0.411823
      1764.00     0.411862
      1765.00     0.412644
      1766.00     0.413427
      1767.00     0.414209
      1768.00     0.414992
      1769.00     0.414649
      1770.00     0.414306
      1771.00     0.413963
      1772.00     0.413620
      1773.00     0.414466
      1774.00     0.415312
      1775.00     0.416158
      1776.00     0.417004
      1777.00     0.416689
      1778.00     0.416373
      1779.00     0.416058
      1780.00     0.415743
      1781.00     0.415534
      1782.00     0.415325
      1783.00     0.415117
      1784.00     0.414908
      1785.00     0.414584
      1786.00     0.414261
      1787.00     0.413937
      1788.00     0.413613
      1789.00     0.412626
      1790.00     0.411638
      1791.00     0.410651
      1792.00     0.409664
      1793.00     0.409625
      1794.00     0.409586
      1795.00     0.409547
      1796.00     0.409508
      1797.00     0.409831
      1798.00     0.410153
      1799.00     0.410475
      1800.00     0.410798
      1801.00     0.410855
      1802.00     0.410912
      1803.00     0.410969
      1804.00     0.411026
      1805.00     0.411330
      1806.00     0.411633
      1807.00     0.411937
      1808.00     0.412241
      1809.00     0.411710
      1810.00     0.411179
      1811.00     0.410648
      1812.00     0.410117
      1813.00     0.409965
      1814.00     0.409813
      1815.00     0.409660
      1816.00     0.409508
      1817.00     0.409796
      1818.00     0.410084
      1819.00     0.410372
      1820.00     0.410660
      1821.00     0.410089
      1822.00     0.409519
      1823.00     0.408948
      1824.00     0.408377
      1825.00     0.408819
      1826.00     0.409261
      1827.00     0.409704
      1828.00     0.410146
      1829.00     0.409748
      1830.00     0.409351
      1831.00     0.408953
      1832.00     0.408556
      1833.00     0.408763
      1834.00     0.408970
      1835.00     0.409177
      1836.00     0.409384
      1837.00     0.409397
      1838.00     0.409410
      1839.00     0.409423
      1840.00     0.409436
      1841.00     0.408760
      1842.00     0.408084
      1843.00     0.407408
      1844.00     0.406732
      1845.00     0.407234
      1846.00     0.407735
      1847.00     0.408237
      1848.00     0.408739
      1849.00     0.408648
      1850.00     0.408558
      1851.00     0.408468
      1852.00     0.408377
      1853.00     0.409229
      1854.00     0.410082
      1855.00     0.410934
      1856.00     0.411786
      1857.00     0.410423
      1858.00     0.409060
      1859.00     0.407697
      1860.00     0.406334
      1861.00     0.405775
      1862.00     0.405215
      1863.00     0.404656
      1864.00     0.404096
      1865.00     0.403093
      1866.00     0.402090
      1867.00     0.401087
      1868.00     0.400084
      1869.00     0.399196
      1870.00     0.398308
      1871.00     0.397419
      1872.00     0.396531
      1873.00     0.395413
      1874.00     0.394296
      1875.00     0.393178
      1876.00     0.392060
      1877.00     0.391254
      1878.00     0.390449
      1879.00     0.389643
      1880.00     0.388837
      1881.00     0.387727
      1882.00     0.386617
      1883.00     0.385507
      1884.00     0.384397
      1885.00     0.382444
      1886.00     0.380491
      1887.00     0.378538
      1888.00     0.376585
      1889.00     0.375032
      1890.00     0.373479
      1891.00     0.371925
      1892.00     0.370372
      1893.00     0.368223
      1894.00     0.366074
      1895.00     0.363925
      1896.00     0.361776
      1897.00     0.359994
      1898.00     0.358213
      1899.00     0.356431
      1900.00     0.354649
      1901.00     0.354033
      1902.00     0.353418
      1903.00     0.352803
      1904.00     0.352187
      1905.00     0.352144
      1906.00     0.352101
      1907.00     0.352058
      1908.00     0.352015
      1909.00     0.352706
      1910.00     0.353397
      1911.00     0.354089
      1912.00     0.354780
      1913.00     0.355620
      1914.00     0.356459
      1915.00     0.357299
      1916.00     0.358139
      1917.00     0.358205
      1918.00     0.358270
      1919.00     0.358336
      1920.00     0.358402
      1921.00     0.358885
      1922.00     0.359369
      1923.00     0.359852
      1924.00     0.360335
      1925.00     0.360992
      1926.00     0.361650
      1927.00     0.362308
      1928.00     0.362965
      1929.00     0.364276
      1930.00     0.365588
      1931.00     0.366899
      1932.00     0.368210
      1933.00     0.368984
      1934.00     0.369757
      1935.00     0.370530
      1936.00     0.371304
      1937.00     0.371677
      1938.00     0.372050
      1939.00     0.372422
      1940.00     0.372795
      1941.00     0.373284
      1942.00     0.373772
      1943.00     0.374260
      1944.00     0.374749
      1945.00     0.375517
      1946.00     0.376285
      1947.00     0.377052
      1948.00     0.377820
      1949.00     0.377928
      1950.00     0.378035
      1951.00     0.378143
      1952.00     0.378251
      1953.00     0.378096
      1954.00     0.377940
      1955.00     0.377785
      1956.00     0.377630
      1957.00     0.377632
      1958.00     0.377635
      1959.00     0.377638
      1960.00     0.377640
      1961.00     0.377539
      1962.00     0.377437
      1963.00     0.377336
      1964.00     0.377234
      1965.00     0.378022
      1966.00     0.378811
      1967.00     0.379600
      1968.00     0.380388
      1969.00     0.380533
      1970.00     0.380677
      1971.00     0.380822
      1972.00     0.380967
      1973.00     0.381138
      1974.00     0.381308
      1975.00     0.381479
      1976.00     0.381650
      1977.00     0.381912
      1978.00     0.382173
      1979.00     0.382435
      1980.00     0.382697
      1981.00     0.383379
      1982.00     0.384061
      1983.00     0.384742
      1984.00     0.385424
      1985.00     0.386663
      1986.00     0.387903
      1987.00     0.389143
      1988.00     0.390382
      1989.00     0.390877
      1990.00     0.391371
      1991.00     0.391865
      1992.00     0.392360
      1993.00     0.392608
      1994.00     0.392855
      1995.00     0.393103
      1996.00     0.393351
      1997.00     0.393351
      1998.00     0.393351
      1999.00     0.393351
      2000.00     0.393351
      2001.00     0.393232
      2002.00     0.393113
      2003.00     0.392995
      2004.00     0.392876
      2005.00     0.393137
      2006.00     0.393398
      2007.00     0.393659
      2008.00     0.393920
      2009.00     0.394334
      2010.00     0.394749
      2011.00     0.395163
      2012.00     0.395577
      2013.00     0.395721
      2014.00     0.395866
      2015.00     0.396010
      2016.00     0.396155
      2017.00     0.396156
      2018.00     0.396157
      2019.00     0.396158
      2020.00     0.396159
      2021.00     0.395670
      2022.00     0.395181
      2023.00     0.394692
      2024.00     0.394203
      2025.00     0.394400
      2026.00     0.394598
      2027.00     0.394795
      2028.00     0.394992
      2029.00     0.394992
      2030.00     0.394992
      2031.00     0.394992
      2032.00     0.394992
      2033.00     0.395613
      2034.00     0.396234
      2035.00     0.396855
      2036.00     0.397476
      2037.00     0.397787
      2038.00     0.398098
      2039.00     0.398409
      2040.00     0.398720
      2041.00     0.399021
      2042.00     0.399321
      2043.00     0.399622
      2044.00     0.399922
      2045.00     0.400022
      2046.00     0.400122
      2047.00     0.400221
      2048.00     0.400321
      2049.00     0.400214
      2050.00     0.400107
      2051.00     0.400000
      2052.00     0.399893
      2053.00     0.399473
      2054.00     0.399053
      2055.00     0.398634
      2056.00     0.398214
      2057.00     0.398161
      2058.00     0.398108
      2059.00     0.398055
      2060.00     0.398002
      2061.00     0.398471
      2062.00     0.398941
      2063.00     0.399410
      2064.00     0.399879
      2065.00     0.400834
      2066.00     0.401789
      2067.00     0.402744
      2068.00     0.403699
      2069.00     0.402723
      2070.00     0.401746
      2071.00     0.400770
      2072.00     0.399793
      2073.00     0.400102
      2074.00     0.400411
      2075.00     0.400719
      2076.00     0.401028
      2077.00     0.400900
      2078.00     0.400772
      2079.00     0.400644
      2080.00     0.401849
      2081.00     0.400701
      2082.00     0.398374
      2083.00     0.399218
      2084.00     0.399054
      2085.00     0.399488
      2086.00     0.399688
      2087.00     0.399972
      2088.00     0.400167
      2089.00     0.400349
      2090.00     0.400481
      2091.00     0.400546
      2092.00     0.400568
      2093.00     0.400573
      2094.00     0.400514
      2095.00     0.400341
      2096.00     0.400066
      2097.00     0.399726
      2098.00     0.399462
      2099.00     0.399368
      2100.00     0.399489
      2101.00     0.399757
      2102.00     0.400022
      2103.00     0.400204
      2104.00     0.400225
      2105.00     0.400145
      2106.00     0.400086
      2107.00     0.400154
      2108.00     0.400309
      2109.00     0.400378
      2110.00     0.400258
      2111.00     0.399844
      2112.00     0.399239
      2113.00     0.398563
      2114.00     0.398086
      2115.00     0.397850
      2116.00     0.397943
      2117.00     0.398361
      2118.00     0.398775
      2119.00     0.398992
      2120.00     0.398922
      2121.00     0.398665
      2122.00     0.398329
      2123.00     0.398188
      2124.00     0.398266
      2125.00     0.398523
      2126.00     0.398920
      2127.00     0.399430
      2128.00     0.400102
      2129.00     0.400751
      2130.00     0.401240
      2131.00     0.401380
      2132.00     0.401039
      2133.00     0.400365
      2134.00     0.399539
      2135.00     0.398771
      2136.00     0.398226
      2137.00     0.398197
      2138.00     0.398535
      2139.00     0.399108
      2140.00     0.399806
      2141.00     0.400389
      2142.00     0.400638
      2143.00     0.400481
      2144.00     0.399909
      2145.00     0.399032
      2146.00     0.398116
      2147.00     0.397447
      2148.00     0.397226
      2149.00     0.397346
      2150.00     0.397613
      2151.00     0.397831
      2152.00     0.397904
      2153.00     0.397825
      2154.00     0.397657
      2155.00     0.397436
      2156.00     0.397169
      2157.00     0.396826
      2158.00     0.396407
      2159.00     0.395963
      2160.00     0.395539
      2161.00     0.395170
      2162.00     0.394866
      2163.00     0.394652
      2164.00     0.394481
      2165.00     0.394297
      2166.00     0.394100
      2167.00     0.393895
      2168.00     0.393697
      2169.00     0.393535
      2170.00     0.393468
      2171.00     0.393490
      2172.00     0.393547
      2173.00     0.393616
      2174.00     0.393631
      2175.00     0.393526
      2176.00     0.393269
      2177.00     0.392904
      2178.00     0.392503
      2179.00     0.392152
      2180.00     0.391901
      2181.00     0.391759
      2182.00     0.391611
      2183.00     0.391397
      2184.00     0.391052
      2185.00     0.390576
      2186.00     0.390002
      2187.00     0.389348
      2188.00     0.388769
      2189.00     0.388381
      2190.00     0.388141
      2191.00     0.388008
      2192.00     0.387874
      2193.00     0.387653
      2194.00     0.387232
      2195.00     0.386662
      2196.00     0.386039
      2197.00     0.385432
      2198.00     0.384803
      2199.00     0.384224
      2200.00     0.383643
      2201.00     0.383020
      2202.00     0.382447
      2203.00     0.381913
      2204.00     0.381511
      2205.00     0.381326
      2206.00     0.381330
      2207.00     0.381496
      2208.00     0.381770
      2209.00     0.382037
      2210.00     0.382253
      2211.00     0.382450
      2212.00     0.382617
      2213.00     0.382796
      2214.00     0.383023
      2215.00     0.383334
      2216.00     0.383748
      2217.00     0.384314
      2218.00     0.384955
      2219.00     0.385657
      2220.00     0.386218
      2221.00     0.386592
      2222.00     0.386694
      2223.00     0.386593
      2224.00     0.386374
      2225.00     0.386217
      2226.00     0.386276
      2227.00     0.386540
      2228.00     0.386968
      2229.00     0.387420
      2230.00     0.387840
      2231.00     0.388067
      2232.00     0.388074
      2233.00     0.387864
      2234.00     0.387549
      2235.00     0.387229
      2236.00     0.387026
      2237.00     0.386980
      2238.00     0.387067
      2239.00     0.387177
      2240.00     0.387202
      2241.00     0.387077
      2242.00     0.386858
      2243.00     0.386654
      2244.00     0.386572
      2245.00     0.386702
      2246.00     0.387008
      2247.00     0.387426
      2248.00     0.387758
      2249.00     0.387921
      2250.00     0.387899
      2251.00     0.387753
      2252.00     0.387616
      2253.00     0.387560
      2254.00     0.387621
      2255.00     0.387794
      2256.00     0.388072
      2257.00     0.388301
      2258.00     0.388460
      2259.00     0.388568
      2260.00     0.388654
      2261.00     0.388740
      2262.00     0.388857
      2263.00     0.389025
      2264.00     0.389247
      2265.00     0.389455
      2266.00     0.389586
      2267.00     0.389612
      2268.00     0.389506
      2269.00     0.389253
      2270.00     0.388895
      2271.00     0.388533
      2272.00     0.388260
      2273.00     0.388105
      2274.00     0.388056
      2275.00     0.388088
      2276.00     0.388115
      2277.00     0.388043
      2278.00     0.387836
      2279.00     0.387549
      2280.00     0.387261
      2281.00     0.386995
      2282.00     0.386821
      2283.00     0.386760
      2284.00     0.386761
      2285.00     0.386728
      2286.00     0.386620
      2287.00     0.386452
      2288.00     0.386262
      2289.00     0.386090
      2290.00     0.385963
      2291.00     0.385883
      2292.00     0.385806
      2293.00     0.385700
      2294.00     0.385561
      2295.00     0.385432
      2296.00     0.385348
      2297.00     0.385328
      2298.00     0.385371
      2299.00     0.385431
      2300.00     0.385424
      2301.00     0.385287
      2302.00     0.385053
      2303.00     0.384770
      2304.00     0.384556
      2305.00     0.384460
      2306.00     0.384551
      2307.00     0.384773
      2308.00     0.384982
      2309.00     0.385131
      2310.00     0.385165
      2311.00     0.385089
      2312.00     0.384959
      2313.00     0.384847
      2314.00     0.384791
      2315.00     0.384759
      2316.00     0.384720
      2317.00     0.384668
      2318.00     0.384606
      2319.00     0.384544
      2320.00     0.384514
      2321.00     0.384527
      2322.00     0.384560
      2323.00     0.384564
      2324.00     0.384519
      2325.00     0.384408
      2326.00     0.384228
      2327.00     0.383934
      2328.00     0.383577
      2329.00     0.383136
      2330.00     0.382721
      2331.00     0.382325
      2332.00     0.382064
      2333.00     0.381901
      2334.00     0.381834
      2335.00     0.381754
      2336.00     0.381608
      2337.00     0.381349
      2338.00     0.381004
      2339.00     0.380590
      2340.00     0.380172
      2341.00     0.379789
      2342.00     0.379491
      2343.00     0.379306
      2344.00     0.379245
      2345.00     0.379303
      2346.00     0.379450
      2347.00     0.379618
      2348.00     0.379697
      2349.00     0.379630
      2350.00     0.379375
      2351.00     0.379066
      2352.00     0.378793
      2353.00     0.378633
      2354.00     0.378664
      2355.00     0.378846
      2356.00     0.379123
      2357.00     0.379400
      2358.00     0.379637
      2359.00     0.379850
      2360.00     0.380046
      2361.00     0.380215
      2362.00     0.380318
      2363.00     0.380356
      2364.00     0.380312
      2365.00     0.380141
      2366.00     0.379932
      2367.00     0.379756
      2368.00     0.379641
      2369.00     0.379570
      2370.00     0.379510
      2371.00     0.379452
      2372.00     0.379376
      2373.00     0.379256
      2374.00     0.379082
      2375.00     0.378867
      2376.00     0.378623
      2377.00     0.378341
      2378.00     0.377999
      2379.00     0.377599
      2380.00     0.377260
      2381.00     0.376998
      2382.00     0.376814
      2383.00     0.376695
      2384.00     0.376625
      2385.00     0.376579
      2386.00     0.376532
      2387.00     0.376479
      2388.00     0.376439
      2389.00     0.376457
      2390.00     0.376561
      2391.00     0.376709
      2392.00     0.376838
      2393.00     0.376901
      2394.00     0.376871
      2395.00     0.376753
      2396.00     0.376589
      2397.00     0.376449
      2398.00     0.376390
      2399.00     0.376464
      2400.00     0.376670
      2401.00     0.376909
      2402.00     0.377085
      2403.00     0.377129
      2404.00     0.377009
      2405.00     0.376729
      2406.00     0.376346
      2407.00     0.375932
      2408.00     0.375515
      2409.00     0.375182
      2410.00     0.374945
      2411.00     0.374767
      2412.00     0.374632
      2413.00     0.374515
      2414.00     0.374412
      2415.00     0.374321
      2416.00     0.374238
      2417.00     0.374156
      2418.00     0.374042
      2419.00     0.373862
      2420.00     0.373604
      2421.00     0.373309
      2422.00     0.372984
      2423.00     0.372660
      2424.00     0.372379
      2425.00     0.372140
      2426.00     0.371903
      2427.00     0.371664
      2428.00     0.371412
      2429.00     0.371106
      2430.00     0.370782
      2431.00     0.370437
      2432.00     0.370083
      2433.00     0.369767
      2434.00     0.369513
      2435.00     0.369311
      2436.00     0.369215
      2437.00     0.369185
      2438.00     0.369203
      2439.00     0.369217
      2440.00     0.369178
      2441.00     0.369056
      2442.00     0.368809
      2443.00     0.368484
      2444.00     0.368082
      2445.00     0.367709
      2446.00     0.367364
      2447.00     0.367082
      2448.00     0.366857
      2449.00     0.366656
      2450.00     0.366469
      2451.00     0.366247
      2452.00     0.366039
      2453.00     0.365844
      2454.00     0.365652
      2455.00     0.365470
      2456.00     0.365303
      2457.00     0.365128
      2458.00     0.364934
      2459.00     0.364685
      2460.00     0.364374
      2461.00     0.364050
      2462.00     0.363741
      2463.00     0.363456
      2464.00     0.363212
      2465.00     0.363030
      2466.00     0.362929
      2467.00     0.362865
      2468.00     0.362807
      2469.00     0.362733
      2470.00     0.362630
      2471.00     0.362482
      2472.00     0.362287
      2473.00     0.362072
      2474.00     0.361842
      2475.00     0.361623
      2476.00     0.361425
      2477.00     0.361228
      2478.00     0.361016
      2479.00     0.360774
      2480.00     0.360506
      2481.00     0.360223
      2482.00     0.359958
      2483.00     0.359747
      2484.00     0.359584
      2485.00     0.359506
      2486.00     0.359480
      2487.00     0.359480
      2488.00     0.359491
      2489.00     0.359500
      2490.00     0.359496
      2491.00     0.359443
      2492.00     0.359316
      2493.00     0.359104
      2494.00     0.358814
      2495.00     0.358458
      2496.00     0.358051
      2497.00     0.357638
      2498.00     0.357292
      2499.00     0.357045
      2500.00     0.356906
