      400.000     0.000000
      401.000     0.000000
      402.000     0.000000
      403.000     0.000000
      404.000     0.000000
      405.000     0.000000
      406.000     0.000000
      407.000     0.000000
      408.000     0.000000
      409.000     0.000000
      410.000     0.000000
      411.000     0.000000
      412.000     0.000000
      413.000     0.000000
      414.000     0.000000
      415.000     0.000000
      416.000     0.000000
      417.000     0.000000
      418.000     0.000000
      419.000   0.00333900
      420.000   0.00336500
      421.000   0.00338400
      422.000   0.00466800
      423.000   0.00630900
      424.000   0.00792400
      425.000   0.00754500
      426.000   0.00929200
      427.000    0.0105500
      428.000   0.00882600
      429.000    0.0130500
      430.000    0.0146640
      431.000    0.0159340
      432.000    0.0176920
      433.000    0.0188990
      434.000    0.0188360
      435.000    0.0220660
      436.000    0.0234790
      437.000    0.0235830
      438.000    0.0235310
      439.000    0.0249960
      440.000    0.0262210
      441.000    0.0288750
      442.000    0.0285710
      443.000    0.0303610
      444.000    0.0302630
      445.000    0.0314740
      446.000    0.0314410
      447.000    0.0344500
      448.000    0.0339220
      449.000    0.0354330
      450.000    0.0357650
      451.000    0.0345230
      452.000    0.0375530
      453.000    0.0373530
      454.000    0.0363970
      455.000    0.0375530
      456.000    0.0392190
      457.000    0.0391350
      458.000    0.0386730
      459.000    0.0397680
      460.000    0.0413320
      461.000    0.0411040
      462.000    0.0411500
      463.000    0.0413320
      464.000    0.0430120
      465.000    0.0426790
      466.000    0.0437590
      467.000    0.0428210
      468.000    0.0427740
      469.000    0.0426790
      470.000    0.0441450
      471.000    0.0471900
      472.000    0.0471900
      473.000    0.0471900
      474.000    0.0485160
      475.000    0.0486760
      476.000    0.0498620
      477.000    0.0524580
      478.000    0.0498070
      479.000    0.0521190
      480.000    0.0522880
      481.000    0.0537850
      482.000    0.0534990
      483.000    0.0532710
      484.000    0.0544200
      485.000    0.0554490
      486.000    0.0559160
      487.000    0.0588440
      488.000    0.0614400
      489.000    0.0623240
      490.000    0.0605470
      491.000    0.0631390
      492.000    0.0616830
      493.000    0.0648490
      494.000    0.0676410
      495.000    0.0683670
      496.000    0.0684340
      497.000    0.0710020
      498.000    0.0724000
      499.000    0.0743760
      500.000    0.0738730
      501.000    0.0744500
      502.000    0.0775070
      503.000    0.0784690
      504.000    0.0798750
      505.000    0.0797250
      506.000    0.0823130
      507.000    0.0833380
      508.000    0.0847490
      509.000    0.0852980
      510.000    0.0879010
      511.000    0.0899360
      512.000    0.0914400
      513.000    0.0909470
      514.000    0.0935410
      515.000    0.0993860
      516.000    0.0956280
      517.000    0.0978740
      518.000     0.101977
      519.000     0.100637
      520.000     0.104602
      521.000     0.103949
      522.000     0.106284
      523.000     0.110320
      524.000     0.110748
      525.000     0.110654
      526.000     0.111528
      527.000     0.115996
      528.000     0.116947
      529.000     0.116947
      530.000     0.119240
      531.000     0.121426
      532.000     0.119576
      533.000     0.126100
      534.000     0.129785
      535.000     0.130826
      536.000     0.133934
      537.000     0.135968
      538.000     0.135075
      539.000     0.137692
      540.000     0.139515
      541.000     0.141667
      542.000     0.140032
      543.000     0.143319
      544.000     0.147778
      545.000     0.145463
      546.000     0.148999
      547.000     0.149352
      548.000     0.153467
      549.000     0.158114
      550.000     0.159853
      551.000     0.161579
      552.000     0.162059
      553.000     0.163575
      554.000     0.167710
      555.000     0.168501
      556.000     0.173997
      557.000     0.175496
      558.000     0.176710
      559.000     0.176669
      560.000     0.178348
      561.000     0.181816
      562.000     0.184871
      563.000     0.185544
      564.000     0.186487
      565.000     0.189538
      566.000     0.190925
      567.000     0.192313
      568.000     0.194948
      569.000     0.198980
      570.000     0.203332
      571.000     0.204590
      572.000     0.203366
      573.000     0.203659
      574.000     0.204413
      575.000     0.206604
      576.000     0.208481
      577.000     0.215822
      578.000     0.218758
      579.000     0.219870
      580.000     0.222577
      581.000     0.222675
      582.000     0.222170
      583.000     0.224548
      584.000     0.226250
      585.000     0.230572
      586.000     0.231139
      587.000     0.232248
      588.000     0.231548
      589.000     0.232424
      590.000     0.235575
      591.000     0.236318
      592.000     0.236318
      593.000     0.237420
      594.000     0.237985
      595.000     0.240500
      596.000     0.241438
      597.000     0.243633
      598.000     0.242346
      599.000     0.244533
      600.000     0.244546
      601.000     0.243642
      602.000     0.243646
      603.000     0.246523
      604.000     0.247418
      605.000     0.249334
      606.000     0.248969
      607.000     0.249307
      608.000     0.249702
      609.000     0.251310
      610.000     0.251492
      611.000     0.254170
      612.000     0.254170
      613.000     0.255924
      614.000     0.258599
      615.000     0.258599
      616.000     0.260526
      617.000     0.260526
      618.000     0.260939
      619.000     0.258145
      620.000     0.259257
      621.000     0.260761
      622.000     0.263498
      623.000     0.265799
      624.000     0.265035
      625.000     0.260761
      626.000     0.262181
      627.000     0.268265
      628.000     0.271818
      629.000     0.270857
      630.000     0.269033
      631.000     0.270469
      632.000     0.271518
      633.000     0.270743
      634.000     0.270743
      635.000     0.270550
      636.000     0.271306
      637.000     0.273027
      638.000     0.277530
      639.000     0.276800
      640.000     0.277192
      641.000     0.281097
      642.000     0.278822
      643.000     0.278822
      644.000     0.280501
      645.000     0.281934
      646.000     0.281735
      647.000     0.280347
      648.000     0.279167
      649.000     0.281576
      650.000     0.285034
      651.000     0.284805
      652.000     0.284805
      653.000     0.284776
      654.000     0.288278
      655.000     0.287873
      656.000     0.286862
      657.000     0.289329
      658.000     0.288528
      659.000     0.289137
      660.000     0.289570
      661.000     0.294701
      662.000     0.296973
      663.000     0.296540
      664.000     0.297583
      665.000     0.297793
      666.000     0.300270
      667.000     0.298243
      668.000     0.301116
      669.000     0.300270
      670.000     0.299848
      671.000     0.303133
      672.000     0.299456
      673.000     0.299456
      674.000     0.300499
      675.000     0.302788
      676.000     0.302367
      677.000     0.303423
      678.000     0.305269
      679.000     0.304633
      680.000     0.304356
      681.000     0.304988
      682.000     0.306430
      683.000     0.306430
      684.000     0.306854
      685.000     0.311141
      686.000     0.313020
      687.000     0.313236
      688.000     0.313886
      689.000     0.314539
      690.000     0.314470
      691.000     0.313236
      692.000     0.314470
      693.000     0.316140
      694.000     0.317235
      695.000     0.318034
      696.000     0.318916
      697.000     0.320916
      698.000     0.321684
      699.000     0.325355
      700.000     0.325468
      701.000     0.323382
      702.000     0.326023
      703.000     0.326464
      704.000     0.328786
      705.000     0.328461
      706.000     0.328684
      707.000     0.331348
      708.000     0.331667
      709.000     0.331443
      710.000     0.333876
      711.000     0.334102
      712.000     0.333737
      713.000     0.335936
      714.000     0.337602
      715.000     0.339342
      716.000     0.338204
      717.000     0.336016
      718.000     0.340096
      719.000     0.341241
      720.000     0.344184
      721.000     0.341076
      722.000     0.342514
      723.000     0.341597
      724.000     0.345165
      725.000     0.345198
      726.000     0.346919
      727.000     0.348171
      728.000     0.348224
      729.000     0.343947
      730.000     0.343663
      731.000     0.347166
      732.000     0.350005
      733.000     0.352190
      734.000     0.351484
      735.000     0.352486
      736.000     0.353689
      737.000     0.355354
      738.000     0.355354
      739.000     0.355354
      740.000     0.357033
      741.000     0.356796
      742.000     0.358025
      743.000     0.355405
      744.000     0.356839
      745.000     0.362351
      746.000     0.358510
      747.000     0.358274
      748.000     0.362110
      749.000     0.362824
      750.000     0.362832
      751.000     0.361878
      752.000     0.360908
      753.000     0.364511
      754.000     0.364513
      755.000     0.363787
      756.000     0.363787
      757.000     0.364992
      758.000     0.365231
      759.000     0.368596
      760.000     0.369060
      761.000     0.367856
      762.000     0.367137
      763.000     0.370242
      764.000     0.371210
      765.000     0.371453
      766.000     0.369301
      767.000     0.369060
      768.000     0.369760
      769.000     0.370213
      770.000     0.372385
      771.000     0.372385
      772.000     0.373577
      773.000     0.372640
      774.000     0.372882
      775.000     0.375515
      776.000     0.375229
      777.000     0.373334
      778.000     0.374065
      779.000     0.375229
      780.000     0.376710
      781.000     0.374055
      782.000     0.374985
      783.000     0.378385
      784.000     0.377400
      785.000     0.377609
      786.000     0.381025
      787.000     0.378385
      788.000     0.377609
      789.000     0.378839
      790.000     0.378063
      791.000     0.377364
      792.000     0.375506
      793.000     0.377170
      794.000     0.374082
      795.000     0.377415
      796.000     0.379100
      797.000     0.378610
      798.000     0.379970
      799.000     0.379986
      800.000     0.374004
      801.000     0.374479
      802.000     0.374954
      803.000     0.375429
      804.000     0.375904
      805.000     0.375715
      806.000     0.375526
      807.000     0.375336
      808.000     0.375147
      809.000     0.375675
      810.000     0.376203
      811.000     0.376731
      812.000     0.377259
      813.000     0.376720
      814.000     0.376181
      815.000     0.375642
      816.000     0.375103
      817.000     0.375102
      818.000     0.375102
      819.000     0.375101
      820.000     0.375100
      821.000     0.374687
      822.000     0.374274
      823.000     0.373862
      824.000     0.373449
      825.000     0.373322
      826.000     0.373196
      827.000     0.373069
      828.000     0.372943
      829.000     0.373172
      830.000     0.373402
      831.000     0.373631
      832.000     0.373860
      833.000     0.374056
      834.000     0.374252
      835.000     0.374448
      836.000     0.374644
      837.000     0.373919
      838.000     0.373194
      839.000     0.372468
      840.000     0.371743
      841.000     0.372169
      842.000     0.372596
      843.000     0.373022
      844.000     0.373449
      845.000     0.373462
      846.000     0.373474
      847.000     0.373487
      848.000     0.373500
      849.000     0.372849
      850.000     0.372197
      851.000     0.371545
      852.000     0.370894
      853.000     0.371261
      854.000     0.371628
      855.000     0.371995
      856.000     0.372362
      857.000     0.371729
      858.000     0.371097
      859.000     0.370465
      860.000     0.369832
      861.000     0.370238
      862.000     0.370645
      863.000     0.371051
      864.000     0.371457
      865.000     0.370899
      866.000     0.370341
      867.000     0.369783
      868.000     0.369225
      869.000     0.369225
      870.000     0.369225
      871.000     0.369225
      872.000     0.369225
      873.000     0.369074
      874.000     0.368923
      875.000     0.368773
      876.000     0.368622
      877.000     0.368528
      878.000     0.368433
      879.000     0.368339
      880.000     0.368244
      881.000     0.368299
      882.000     0.368354
      883.000     0.368410
      884.000     0.368465
      885.000     0.367911
      886.000     0.367357
      887.000     0.366803
      888.000     0.366249
      889.000     0.366450
      890.000     0.366651
      891.000     0.366853
      892.000     0.367054
      893.000     0.366825
      894.000     0.366595
      895.000     0.366365
      896.000     0.366136
      897.000     0.366028
      898.000     0.365920
      899.000     0.365812
      900.000     0.365704
      901.000     0.365328
      902.000     0.364951
      903.000     0.364574
      904.000     0.364198
      905.000     0.364380
      906.000     0.364561
      907.000     0.364743
      908.000     0.364925
      909.000     0.365160
      910.000     0.365395
      911.000     0.365631
      912.000     0.365866
      913.000     0.366155
      914.000     0.366444
      915.000     0.366733
      916.000     0.367022
      917.000     0.367275
      918.000     0.367528
      919.000     0.367782
      920.000     0.368035
      921.000     0.367299
      922.000     0.366562
      923.000     0.365826
      924.000     0.365090
      925.000     0.366456
      926.000     0.367823
      927.000     0.369190
      928.000     0.370556
      929.000     0.370376
      930.000     0.370196
      931.000     0.370017
      932.000     0.369837
      933.000     0.369783
      934.000     0.369729
      935.000     0.369674
      936.000     0.369620
      937.000     0.369612
      938.000     0.369603
      939.000     0.369595
      940.000     0.369586
      941.000     0.369424
      942.000     0.369262
      943.000     0.369099
      944.000     0.368937
      945.000     0.369902
      946.000     0.370868
      947.000     0.371834
      948.000     0.372799
      949.000     0.372754
      950.000     0.372709
      951.000     0.372664
      952.000     0.372619
      953.000     0.373048
      954.000     0.373477
      955.000     0.373905
      956.000     0.374334
      957.000     0.374567
      958.000     0.374800
      959.000     0.375033
      960.000     0.375266
      961.000     0.376049
      962.000     0.376833
      963.000     0.377616
      964.000     0.378400
      965.000     0.378082
      966.000     0.377764
      967.000     0.377445
      968.000     0.377127
      969.000     0.378318
      970.000     0.379509
      971.000     0.380700
      972.000     0.381891
      973.000     0.381682
      974.000     0.381473
      975.000     0.381265
      976.000     0.381056
      977.000     0.381001
      978.000     0.380946
      979.000     0.380890
      980.000     0.380835
      981.000     0.380406
      982.000     0.379978
      983.000     0.379550
      984.000     0.379121
      985.000     0.378769
      986.000     0.378417
      987.000     0.378065
      988.000     0.377713
      989.000     0.379877
      990.000     0.382041
      991.000     0.384204
      992.000     0.386368
      993.000     0.386542
      994.000     0.386715
      995.000     0.386889
      996.000     0.387063
      997.000     0.386499
      998.000     0.385935
      999.000     0.385372
      1000.00     0.384808
      1001.00     0.385617
      1002.00     0.386426
      1003.00     0.387234
      1004.00     0.388043
      1005.00     0.388384
      1006.00     0.388725
      1007.00     0.389067
      1008.00     0.389408
      1009.00     0.389474
      1010.00     0.389540
      1011.00     0.389607
      1012.00     0.389673
      1013.00     0.389049
      1014.00     0.388426
      1015.00     0.387803
      1016.00     0.387179
      1017.00     0.388082
      1018.00     0.388985
      1019.00     0.389889
      1020.00     0.390792
      1021.00     0.390736
      1022.00     0.390680
      1023.00     0.390624
      1024.00     0.390568
      1025.00     0.391594
      1026.00     0.392619
      1027.00     0.393644
      1028.00     0.394670
      1029.00     0.394954
      1030.00     0.395238
      1031.00     0.395523
      1032.00     0.395807
      1033.00     0.396644
      1034.00     0.397481
      1035.00     0.398318
      1036.00     0.399155
      1037.00     0.398546
      1038.00     0.397936
      1039.00     0.397326
      1040.00     0.396717
      1041.00     0.396434
      1042.00     0.396150
      1043.00     0.395867
      1044.00     0.395584
      1045.00     0.396150
      1046.00     0.396716
      1047.00     0.397283
      1048.00     0.397849
      1049.00     0.398849
      1050.00     0.399848
      1051.00     0.400848
      1052.00     0.401848
      1053.00     0.401414
      1054.00     0.400979
      1055.00     0.400544
      1056.00     0.400110
      1057.00     0.401016
      1058.00     0.401921
      1059.00     0.402826
      1060.00     0.403732
      1061.00     0.403785
      1062.00     0.403838
      1063.00     0.403890
      1064.00     0.403943
      1065.00     0.403151
      1066.00     0.402358
      1067.00     0.401566
      1068.00     0.400774
      1069.00     0.401660
      1070.00     0.402546
      1071.00     0.403433
      1072.00     0.404319
      1073.00     0.405232
      1074.00     0.406146
      1075.00     0.407059
      1076.00     0.407973
      1077.00     0.409153
      1078.00     0.410334
      1079.00     0.411515
      1080.00     0.412695
      1081.00     0.412376
      1082.00     0.412056
      1083.00     0.411737
      1084.00     0.411417
      1085.00     0.412019
      1086.00     0.412621
      1087.00     0.413224
      1088.00     0.413826
      1089.00     0.413414
      1090.00     0.413003
      1091.00     0.412591
      1092.00     0.412180
      1093.00     0.412625
      1094.00     0.413071
      1095.00     0.413516
      1096.00     0.413962
      1097.00     0.414243
      1098.00     0.414525
      1099.00     0.414806
      1100.00     0.415088
      1101.00     0.415547
      1102.00     0.416005
      1103.00     0.416463
      1104.00     0.416922
      1105.00     0.416952
      1106.00     0.416983
      1107.00     0.417013
      1108.00     0.417043
      1109.00     0.418046
      1110.00     0.419048
      1111.00     0.420051
      1112.00     0.421054
      1113.00     0.421633
      1114.00     0.422211
      1115.00     0.422790
      1116.00     0.423369
      1117.00     0.423629
      1118.00     0.423888
      1119.00     0.424147
      1120.00     0.424407
      1121.00     0.425353
      1122.00     0.426300
      1123.00     0.427247
      1124.00     0.428193
      1125.00     0.429320
      1126.00     0.430447
      1127.00     0.431574
      1128.00     0.432701
      1129.00     0.431894
      1130.00     0.431086
      1131.00     0.430279
      1132.00     0.429472
      1133.00     0.429817
      1134.00     0.430161
      1135.00     0.430506
      1136.00     0.430851
      1137.00     0.431412
      1138.00     0.431974
      1139.00     0.432535
      1140.00     0.433097
      1141.00     0.432948
      1142.00     0.432799
      1143.00     0.432651
      1144.00     0.432502
      1145.00     0.433751
      1146.00     0.435001
      1147.00     0.436251
      1148.00     0.437500
      1149.00     0.438307
      1150.00     0.439115
      1151.00     0.439922
      1152.00     0.440729
      1153.00     0.441377
      1154.00     0.442024
      1155.00     0.442672
      1156.00     0.443319
      1157.00     0.443410
      1158.00     0.443501
      1159.00     0.443592
      1160.00     0.443683
      1161.00     0.443926
      1162.00     0.444170
      1163.00     0.444413
      1164.00     0.444656
      1165.00     0.444685
      1166.00     0.444713
      1167.00     0.444742
      1168.00     0.444771
      1169.00     0.445259
      1170.00     0.445747
      1171.00     0.446236
      1172.00     0.446724
      1173.00     0.447338
      1174.00     0.447951
      1175.00     0.448565
      1176.00     0.449178
      1177.00     0.449946
      1178.00     0.450715
      1179.00     0.451483
      1180.00     0.452251
      1181.00     0.452348
      1182.00     0.452446
      1183.00     0.452543
      1184.00     0.452640
      1185.00     0.453902
      1186.00     0.455163
      1187.00     0.456425
      1188.00     0.457687
      1189.00     0.456955
      1190.00     0.456222
      1191.00     0.455490
      1192.00     0.454758
      1193.00     0.455320
      1194.00     0.455882
      1195.00     0.456445
      1196.00     0.457007
      1197.00     0.457690
      1198.00     0.458374
      1199.00     0.459058
      1200.00     0.459741
      1201.00     0.459677
      1202.00     0.459612
      1203.00     0.459548
      1204.00     0.459484
      1205.00     0.459632
      1206.00     0.459781
      1207.00     0.459929
      1208.00     0.460078
      1209.00     0.459054
      1210.00     0.458031
      1211.00     0.457007
      1212.00     0.455984
      1213.00     0.456449
      1214.00     0.456914
      1215.00     0.457379
      1216.00     0.457844
      1217.00     0.457740
      1218.00     0.457636
      1219.00     0.457532
      1220.00     0.457428
      1221.00     0.457901
      1222.00     0.458373
      1223.00     0.458846
      1224.00     0.459319
      1225.00     0.459468
      1226.00     0.459616
      1227.00     0.459764
      1228.00     0.459913
      1229.00     0.460108
      1230.00     0.460303
      1231.00     0.460499
      1232.00     0.460694
      1233.00     0.461269
      1234.00     0.461843
      1235.00     0.462417
      1236.00     0.462992
      1237.00     0.463417
      1238.00     0.463842
      1239.00     0.464268
      1240.00     0.464693
      1241.00     0.464774
      1242.00     0.464856
      1243.00     0.464937
      1244.00     0.465019
      1245.00     0.464823
      1246.00     0.464627
      1247.00     0.464431
      1248.00     0.464235
      1249.00     0.464200
      1250.00     0.464164
      1251.00     0.464129
      1252.00     0.464094
      1253.00     0.463983
      1254.00     0.463871
      1255.00     0.463759
      1256.00     0.463648
      1257.00     0.464137
      1258.00     0.464626
      1259.00     0.465116
      1260.00     0.465605
      1261.00     0.466305
      1262.00     0.467005
      1263.00     0.467704
      1264.00     0.468404
      1265.00     0.468694
      1266.00     0.468984
      1267.00     0.469275
      1268.00     0.469565
      1269.00     0.470291
      1270.00     0.471016
      1271.00     0.471741
      1272.00     0.472467
      1273.00     0.472687
      1274.00     0.472908
      1275.00     0.473128
      1276.00     0.473348
      1277.00     0.474183
      1278.00     0.475018
      1279.00     0.475852
      1280.00     0.476687
      1281.00     0.476912
      1282.00     0.477136
      1283.00     0.477360
      1284.00     0.477585
      1285.00     0.477881
      1286.00     0.478177
      1287.00     0.478474
      1288.00     0.478770
      1289.00     0.478777
      1290.00     0.478785
      1291.00     0.478792
      1292.00     0.478800
      1293.00     0.479232
      1294.00     0.479665
      1295.00     0.480098
      1296.00     0.480530
      1297.00     0.479646
      1298.00     0.478761
      1299.00     0.477877
      1300.00     0.476993
      1301.00     0.476862
      1302.00     0.476732
      1303.00     0.476601
      1304.00     0.476471
      1305.00     0.476051
      1306.00     0.475631
      1307.00     0.475211
      1308.00     0.474791
      1309.00     0.474597
      1310.00     0.474403
      1311.00     0.474209
      1312.00     0.474015
      1313.00     0.473950
      1314.00     0.473885
      1315.00     0.473821
      1316.00     0.473756
      1317.00     0.474174
      1318.00     0.474593
      1319.00     0.475011
      1320.00     0.475429
      1321.00     0.475559
      1322.00     0.475690
      1323.00     0.475820
      1324.00     0.475950
      1325.00     0.476198
      1326.00     0.476447
      1327.00     0.476696
      1328.00     0.476944
      1329.00     0.477437
      1330.00     0.477930
      1331.00     0.478424
      1332.00     0.478917
      1333.00     0.479192
      1334.00     0.479468
      1335.00     0.479744
      1336.00     0.480019
      1337.00     0.479635
      1338.00     0.479250
      1339.00     0.478866
      1340.00     0.478482
      1341.00     0.478370
      1342.00     0.478258
      1343.00     0.478146
      1344.00     0.478034
      1345.00     0.477890
      1346.00     0.477746
      1347.00     0.477602
      1348.00     0.477458
      1349.00     0.477120
      1350.00     0.476782
      1351.00     0.476444
      1352.00     0.476106
      1353.00     0.476353
      1354.00     0.476600
      1355.00     0.476847
      1356.00     0.477094
      1357.00     0.476629
      1358.00     0.476165
      1359.00     0.475701
      1360.00     0.475236
      1361.00     0.474393
      1362.00     0.473549
      1363.00     0.472705
      1364.00     0.471862
      1365.00     0.470503
      1366.00     0.469144
      1367.00     0.467784
      1368.00     0.466425
      1369.00     0.466122
      1370.00     0.465820
      1371.00     0.465517
      1372.00     0.465214
      1373.00     0.463749
      1374.00     0.462283
      1375.00     0.460817
      1376.00     0.459352
      1377.00     0.457312
      1378.00     0.455271
      1379.00     0.453231
      1380.00     0.451191
      1381.00     0.449785
      1382.00     0.448379
      1383.00     0.446974
      1384.00     0.445568
      1385.00     0.444802
      1386.00     0.444036
      1387.00     0.443271
      1388.00     0.442505
      1389.00     0.440966
      1390.00     0.439427
      1391.00     0.437888
      1392.00     0.436349
      1393.00     0.435258
      1394.00     0.434166
      1395.00     0.433075
      1396.00     0.431984
      1397.00     0.431409
      1398.00     0.430833
      1399.00     0.430258
      1400.00     0.429683
      1401.00     0.429893
      1402.00     0.430102
      1403.00     0.430312
      1404.00     0.430522
      1405.00     0.430894
      1406.00     0.431267
      1407.00     0.431639
      1408.00     0.432012
      1409.00     0.435189
      1410.00     0.438367
      1411.00     0.441545
      1412.00     0.444722
      1413.00     0.447249
      1414.00     0.449777
      1415.00     0.452304
      1416.00     0.454831
      1417.00     0.456210
      1418.00     0.457589
      1419.00     0.458968
      1420.00     0.460347
      1421.00     0.460202
      1422.00     0.460056
      1423.00     0.459911
      1424.00     0.459765
      1425.00     0.460033
      1426.00     0.460301
      1427.00     0.460569
      1428.00     0.460837
      1429.00     0.461153
      1430.00     0.461468
      1431.00     0.461784
      1432.00     0.462100
      1433.00     0.462913
      1434.00     0.463726
      1435.00     0.464538
      1436.00     0.465351
      1437.00     0.465556
      1438.00     0.465760
      1439.00     0.465965
      1440.00     0.466170
      1441.00     0.466367
      1442.00     0.466565
      1443.00     0.466762
      1444.00     0.466959
      1445.00     0.467130
      1446.00     0.467301
      1447.00     0.467473
      1448.00     0.467644
      1449.00     0.467274
      1450.00     0.466904
      1451.00     0.466533
      1452.00     0.466163
      1453.00     0.466516
      1454.00     0.466868
      1455.00     0.467221
      1456.00     0.467574
      1457.00     0.468964
      1458.00     0.470354
      1459.00     0.471744
      1460.00     0.473134
      1461.00     0.473456
      1462.00     0.473777
      1463.00     0.474099
      1464.00     0.474420
      1465.00     0.474428
      1466.00     0.474436
      1467.00     0.474444
      1468.00     0.474452
      1469.00     0.474676
      1470.00     0.474901
      1471.00     0.475125
      1472.00     0.475349
      1473.00     0.475133
      1474.00     0.474917
      1475.00     0.474700
      1476.00     0.474484
      1477.00     0.474806
      1478.00     0.475128
      1479.00     0.475450
      1480.00     0.475772
      1481.00     0.476498
      1482.00     0.477224
      1483.00     0.477949
      1484.00     0.478675
      1485.00     0.478888
      1486.00     0.479100
      1487.00     0.479313
      1488.00     0.479526
      1489.00     0.479366
      1490.00     0.479207
      1491.00     0.479048
      1492.00     0.478888
      1493.00     0.479371
      1494.00     0.479854
      1495.00     0.480336
      1496.00     0.480819
      1497.00     0.481807
      1498.00     0.482796
      1499.00     0.483784
      1500.00     0.484772
      1501.00     0.485725
      1502.00     0.486679
      1503.00     0.487632
      1504.00     0.488585
      1505.00     0.488982
      1506.00     0.489379
      1507.00     0.489775
      1508.00     0.490172
      1509.00     0.490767
      1510.00     0.491362
      1511.00     0.491957
      1512.00     0.492552
      1513.00     0.492997
      1514.00     0.493442
      1515.00     0.493887
      1516.00     0.494332
      1517.00     0.495004
      1518.00     0.495675
      1519.00     0.496347
      1520.00     0.497018
      1521.00     0.496691
      1522.00     0.496364
      1523.00     0.496038
      1524.00     0.495711
      1525.00     0.495048
      1526.00     0.494386
      1527.00     0.493723
      1528.00     0.493061
      1529.00     0.493775
      1530.00     0.494490
      1531.00     0.495204
      1532.00     0.495919
      1533.00     0.496183
      1534.00     0.496447
      1535.00     0.496711
      1536.00     0.496975
      1537.00     0.497590
      1538.00     0.498205
      1539.00     0.498820
      1540.00     0.499435
      1541.00     0.499099
      1542.00     0.498762
      1543.00     0.498426
      1544.00     0.498090
      1545.00     0.497675
      1546.00     0.497259
      1547.00     0.496844
      1548.00     0.496429
      1549.00     0.497089
      1550.00     0.497749
      1551.00     0.498409
      1552.00     0.499069
      1553.00     0.499021
      1554.00     0.498973
      1555.00     0.498925
      1556.00     0.498877
      1557.00     0.498747
      1558.00     0.498618
      1559.00     0.498488
      1560.00     0.498358
      1561.00     0.497893
      1562.00     0.497428
      1563.00     0.496964
      1564.00     0.496499
      1565.00     0.496362
      1566.00     0.496225
      1567.00     0.496088
      1568.00     0.495951
      1569.00     0.496539
      1570.00     0.497127
      1571.00     0.497715
      1572.00     0.498303
      1573.00     0.498627
      1574.00     0.498951
      1575.00     0.499276
      1576.00     0.499600
      1577.00     0.499806
      1578.00     0.500013
      1579.00     0.500219
      1580.00     0.500426
      1581.00     0.501607
      1582.00     0.502788
      1583.00     0.503969
      1584.00     0.505150
      1585.00     0.504969
      1586.00     0.504788
      1587.00     0.504606
      1588.00     0.504425
      1589.00     0.504561
      1590.00     0.504696
      1591.00     0.504832
      1592.00     0.504968
      1593.00     0.505104
      1594.00     0.505240
      1595.00     0.505377
      1596.00     0.505513
      1597.00     0.505633
      1598.00     0.505752
      1599.00     0.505871
      1600.00     0.505991
      1601.00     0.505815
      1602.00     0.505639
      1603.00     0.505464
      1604.00     0.505288
      1605.00     0.505523
      1606.00     0.505759
      1607.00     0.505994
      1608.00     0.506229
      1609.00     0.506551
      1610.00     0.506873
      1611.00     0.507196
      1612.00     0.507518
      1613.00     0.507713
      1614.00     0.507908
      1615.00     0.508102
      1616.00     0.508297
      1617.00     0.507962
      1618.00     0.507626
      1619.00     0.507290
      1620.00     0.506955
      1621.00     0.507300
      1622.00     0.507645
      1623.00     0.507991
      1624.00     0.508336
      1625.00     0.508132
      1626.00     0.507927
      1627.00     0.507722
      1628.00     0.507518
      1629.00     0.506984
      1630.00     0.506450
      1631.00     0.505916
      1632.00     0.505382
      1633.00     0.505306
      1634.00     0.505231
      1635.00     0.505156
      1636.00     0.505080
      1637.00     0.505147
      1638.00     0.505215
      1639.00     0.505283
      1640.00     0.505350
      1641.00     0.505080
      1642.00     0.504811
      1643.00     0.504542
      1644.00     0.504272
      1645.00     0.504347
      1646.00     0.504422
      1647.00     0.504497
      1648.00     0.504572
      1649.00     0.504437
      1650.00     0.504303
      1651.00     0.504168
      1652.00     0.504033
      1653.00     0.503831
      1654.00     0.503630
      1655.00     0.503428
      1656.00     0.503226
      1657.00     0.502691
      1658.00     0.502156
      1659.00     0.501622
      1660.00     0.501087
      1661.00     0.500827
      1662.00     0.500566
      1663.00     0.500306
      1664.00     0.500046
      1665.00     0.500707
      1666.00     0.501368
      1667.00     0.502029
      1668.00     0.502690
      1669.00     0.502750
      1670.00     0.502810
      1671.00     0.502870
      1672.00     0.502930
      1673.00     0.503645
      1674.00     0.504359
      1675.00     0.505074
      1676.00     0.505789
      1677.00     0.505994
      1678.00     0.506199
      1679.00     0.506405
      1680.00     0.506610
      1681.00     0.506002
      1682.00     0.505395
      1683.00     0.504788
      1684.00     0.504180
      1685.00     0.504834
      1686.00     0.505488
      1687.00     0.506142
      1688.00     0.506796
      1689.00     0.506662
      1690.00     0.506528
      1691.00     0.506393
      1692.00     0.506259
      1693.00     0.506904
      1694.00     0.507548
      1695.00     0.508192
      1696.00     0.508837
      1697.00     0.509839
      1698.00     0.510842
      1699.00     0.511845
      1700.00     0.512847
      1701.00     0.512834
      1702.00     0.512821
      1703.00     0.512809
      1704.00     0.512796
      1705.00     0.512371
      1706.00     0.511945
      1707.00     0.511520
      1708.00     0.511095
      1709.00     0.511174
      1710.00     0.511253
      1711.00     0.511331
      1712.00     0.511410
      1713.00     0.511693
      1714.00     0.511975
      1715.00     0.512258
      1716.00     0.512540
      1717.00     0.512120
      1718.00     0.511700
      1719.00     0.511279
      1720.00     0.510859
      1721.00     0.511075
      1722.00     0.511292
      1723.00     0.511508
      1724.00     0.511724
      1725.00     0.512471
      1726.00     0.513218
      1727.00     0.513964
      1728.00     0.514711
      1729.00     0.513805
      1730.00     0.512900
      1731.00     0.511994
      1732.00     0.511088
      1733.00     0.511746
      1734.00     0.512405
      1735.00     0.513063
      1736.00     0.513721
      1737.00     0.513233
      1738.00     0.512746
      1739.00     0.512259
      1740.00     0.511771
      1741.00     0.511500
      1742.00     0.511229
      1743.00     0.510957
      1744.00     0.510686
      1745.00     0.510898
      1746.00     0.511111
      1747.00     0.511324
      1748.00     0.511536
      1749.00     0.511492
      1750.00     0.511449
      1751.00     0.511405
      1752.00     0.511361
      1753.00     0.511579
      1754.00     0.511796
      1755.00     0.512014
      1756.00     0.512232
      1757.00     0.512163
      1758.00     0.512094
      1759.00     0.512026
      1760.00     0.511957
      1761.00     0.511547
      1762.00     0.511137
      1763.00     0.510728
      1764.00     0.510318
      1765.00     0.510442
      1766.00     0.510567
      1767.00     0.510691
      1768.00     0.510816
      1769.00     0.509878
      1770.00     0.508940
      1771.00     0.508003
      1772.00     0.507065
      1773.00     0.507065
      1774.00     0.507065
      1775.00     0.507065
      1776.00     0.507065
      1777.00     0.507336
      1778.00     0.507607
      1779.00     0.507877
      1780.00     0.508148
      1781.00     0.508983
      1782.00     0.509817
      1783.00     0.510652
      1784.00     0.511487
      1785.00     0.510996
      1786.00     0.510505
      1787.00     0.510014
      1788.00     0.509523
      1789.00     0.510366
      1790.00     0.511209
      1791.00     0.512051
      1792.00     0.512894
      1793.00     0.513838
      1794.00     0.514783
      1795.00     0.515727
      1796.00     0.516672
      1797.00     0.515567
      1798.00     0.514462
      1799.00     0.513357
      1800.00     0.512252
      1801.00     0.510862
      1802.00     0.509471
      1803.00     0.508080
      1804.00     0.506690
      1805.00     0.506106
      1806.00     0.505522
      1807.00     0.504939
      1808.00     0.504355
      1809.00     0.504156
      1810.00     0.503956
      1811.00     0.503757
      1812.00     0.503558
      1813.00     0.503036
      1814.00     0.502514
      1815.00     0.501991
      1816.00     0.501469
      1817.00     0.503090
      1818.00     0.504712
      1819.00     0.506333
      1820.00     0.507954
      1821.00     0.507839
      1822.00     0.507723
      1823.00     0.507608
      1824.00     0.507493
      1825.00     0.507735
      1826.00     0.507977
      1827.00     0.508219
      1828.00     0.508461
      1829.00     0.508310
      1830.00     0.508160
      1831.00     0.508009
      1832.00     0.507858
      1833.00     0.508280
      1834.00     0.508702
      1835.00     0.509124
      1836.00     0.509546
      1837.00     0.508862
      1838.00     0.508177
      1839.00     0.507493
      1840.00     0.506808
      1841.00     0.506376
      1842.00     0.505944
      1843.00     0.505512
      1844.00     0.505080
      1845.00     0.505530
      1846.00     0.505980
      1847.00     0.506430
      1848.00     0.506880
      1849.00     0.505808
      1850.00     0.504736
      1851.00     0.503665
      1852.00     0.502593
      1853.00     0.501358
      1854.00     0.500122
      1855.00     0.498887
      1856.00     0.497652
      1857.00     0.496893
      1858.00     0.496133
      1859.00     0.495374
      1860.00     0.494614
      1861.00     0.493659
      1862.00     0.492703
      1863.00     0.491748
      1864.00     0.490793
      1865.00     0.489941
      1866.00     0.489089
      1867.00     0.488237
      1868.00     0.487385
      1869.00     0.485523
      1870.00     0.483661
      1871.00     0.481799
      1872.00     0.479937
      1873.00     0.478471
      1874.00     0.477006
      1875.00     0.475541
      1876.00     0.474075
      1877.00     0.472442
      1878.00     0.470809
      1879.00     0.469175
      1880.00     0.467542
      1881.00     0.464422
      1882.00     0.461303
      1883.00     0.458183
      1884.00     0.455063
      1885.00     0.452382
      1886.00     0.449700
      1887.00     0.447019
      1888.00     0.444337
      1889.00     0.441041
      1890.00     0.437746
      1891.00     0.434450
      1892.00     0.431154
      1893.00     0.429048
      1894.00     0.426941
      1895.00     0.424835
      1896.00     0.422729
      1897.00     0.419767
      1898.00     0.416805
      1899.00     0.413843
      1900.00     0.410881
      1901.00     0.409652
      1902.00     0.408423
      1903.00     0.407193
      1904.00     0.405964
      1905.00     0.404895
      1906.00     0.403826
      1907.00     0.402757
      1908.00     0.401688
      1909.00     0.401369
      1910.00     0.401050
      1911.00     0.400731
      1912.00     0.400412
      1913.00     0.400481
      1914.00     0.400551
      1915.00     0.400620
      1916.00     0.400690
      1917.00     0.400192
      1918.00     0.399695
      1919.00     0.399197
      1920.00     0.398700
      1921.00     0.399905
      1922.00     0.401110
      1923.00     0.402315
      1924.00     0.403520
      1925.00     0.404238
      1926.00     0.404955
      1927.00     0.405673
      1928.00     0.406390
      1929.00     0.407570
      1930.00     0.408750
      1931.00     0.409930
      1932.00     0.411110
      1933.00     0.411741
      1934.00     0.412372
      1935.00     0.413003
      1936.00     0.413634
      1937.00     0.414167
      1938.00     0.414700
      1939.00     0.415233
      1940.00     0.415766
      1941.00     0.416317
      1942.00     0.416867
      1943.00     0.417418
      1944.00     0.417969
      1945.00     0.418373
      1946.00     0.418776
      1947.00     0.419180
      1948.00     0.419583
      1949.00     0.420187
      1950.00     0.420790
      1951.00     0.421393
      1952.00     0.421997
      1953.00     0.422599
      1954.00     0.423201
      1955.00     0.423803
      1956.00     0.424405
      1957.00     0.426204
      1958.00     0.428002
      1959.00     0.429801
      1960.00     0.431600
      1961.00     0.433200
      1962.00     0.434801
      1963.00     0.436401
      1964.00     0.438001
      1965.00     0.438515
      1966.00     0.439029
      1967.00     0.439544
      1968.00     0.440058
      1969.00     0.439612
      1970.00     0.439166
      1971.00     0.438720
      1972.00     0.438274
      1973.00     0.439182
      1974.00     0.440090
      1975.00     0.440998
      1976.00     0.441906
      1977.00     0.442888
      1978.00     0.443870
      1979.00     0.444853
      1980.00     0.445835
      1981.00     0.446854
      1982.00     0.447873
      1983.00     0.448892
      1984.00     0.449911
      1985.00     0.449946
      1986.00     0.449981
      1987.00     0.450016
      1988.00     0.450051
      1989.00     0.452529
      1990.00     0.455006
      1991.00     0.457484
      1992.00     0.459961
      1993.00     0.460154
      1994.00     0.460348
      1995.00     0.460541
      1996.00     0.460734
      1997.00     0.460086
      1998.00     0.459437
      1999.00     0.458789
      2000.00     0.458141
      2001.00     0.459539
      2002.00     0.460937
      2003.00     0.462335
      2004.00     0.463733
      2005.00     0.464129
      2006.00     0.464526
      2007.00     0.464922
      2008.00     0.465318
      2009.00     0.465398
      2010.00     0.465479
      2011.00     0.465559
      2012.00     0.465640
      2013.00     0.465892
      2014.00     0.466145
      2015.00     0.466397
      2016.00     0.466650
      2017.00     0.466920
      2018.00     0.467191
      2019.00     0.467461
      2020.00     0.467731
      2021.00     0.467358
      2022.00     0.466986
      2023.00     0.466613
      2024.00     0.466241
      2025.00     0.466501
      2026.00     0.466761
      2027.00     0.467022
      2028.00     0.467282
      2029.00     0.466611
      2030.00     0.465939
      2031.00     0.465268
      2032.00     0.464596
      2033.00     0.465526
      2034.00     0.466456
      2035.00     0.467387
      2036.00     0.468317
      2037.00     0.468197
      2038.00     0.468076
      2039.00     0.467955
      2040.00     0.467835
      2041.00     0.468707
      2042.00     0.469579
      2043.00     0.470450
      2044.00     0.471322
      2045.00     0.470580
      2046.00     0.469838
      2047.00     0.469096
      2048.00     0.468354
      2049.00     0.468174
      2050.00     0.467994
      2051.00     0.467814
      2052.00     0.467634
      2053.00     0.467704
      2054.00     0.467773
      2055.00     0.467842
      2056.00     0.467912
      2057.00     0.468419
      2058.00     0.468925
      2059.00     0.469432
      2060.00     0.469939
      2061.00     0.470360
      2062.00     0.470782
      2063.00     0.471203
      2064.00     0.471625
      2065.00     0.472124
      2066.00     0.472622
      2067.00     0.473121
      2068.00     0.473620
      2069.00     0.472095
      2070.00     0.470569
      2071.00     0.469044
      2072.00     0.467519
      2073.00     0.467645
      2074.00     0.467772
      2075.00     0.467899
      2076.00     0.468025
      2077.00     0.467566
      2078.00     0.467106
      2079.00     0.466647
      2080.00     0.465555
      2081.00     0.462660
      2082.00     0.460062
      2083.00     0.461508
      2084.00     0.461632
      2085.00     0.461905
      2086.00     0.461900
      2087.00     0.462120
      2088.00     0.462621
      2089.00     0.462477
      2090.00     0.461467
      2091.00     0.460440
      2092.00     0.459452
      2093.00     0.458573
      2094.00     0.458628
      2095.00     0.458733
      2096.00     0.458623
      2097.00     0.458998
      2098.00     0.459401
      2099.00     0.459291
      2100.00     0.459007
      2101.00     0.458984
      2102.00     0.458971
      2103.00     0.458766
      2104.00     0.458436
      2105.00     0.457938
      2106.00     0.457419
      2107.00     0.456955
      2108.00     0.456411
      2109.00     0.455339
      2110.00     0.454493
      2111.00     0.454536
      2112.00     0.454736
      2113.00     0.454851
      2114.00     0.455196
      2115.00     0.455206
      2116.00     0.454471
      2117.00     0.454179
      2118.00     0.454312
      2119.00     0.454058
      2120.00     0.453721
      2121.00     0.453570
      2122.00     0.453080
      2123.00     0.452731
      2124.00     0.453104
      2125.00     0.453544
      2126.00     0.453368
      2127.00     0.452957
      2128.00     0.452670
      2129.00     0.452318
      2130.00     0.452215
      2131.00     0.452128
      2132.00     0.451601
      2133.00     0.450856
      2134.00     0.450379
      2135.00     0.450668
      2136.00     0.450946
      2137.00     0.450256
      2138.00     0.449095
      2139.00     0.448037
      2140.00     0.446819
      2141.00     0.445731
      2142.00     0.445080
      2143.00     0.444325
      2144.00     0.442980
      2145.00     0.441359
      2146.00     0.439825
      2147.00     0.438299
      2148.00     0.436913
      2149.00     0.435418
      2150.00     0.433481
      2151.00     0.431387
      2152.00     0.429264
      2153.00     0.427298
      2154.00     0.425691
      2155.00     0.424219
      2156.00     0.422824
      2157.00     0.421229
      2158.00     0.419906
      2159.00     0.418832
      2160.00     0.417930
      2161.00     0.417038
      2162.00     0.416038
      2163.00     0.415141
      2164.00     0.413998
      2165.00     0.412997
      2166.00     0.412155
      2167.00     0.411583
      2168.00     0.411292
      2169.00     0.411390
      2170.00     0.411593
      2171.00     0.411286
      2172.00     0.410829
      2173.00     0.410261
      2174.00     0.409545
      2175.00     0.408806
      2176.00     0.408238
      2177.00     0.407349
      2178.00     0.406331
      2179.00     0.405720
      2180.00     0.404704
      2181.00     0.403578
      2182.00     0.402354
      2183.00     0.400949
      2184.00     0.399093
      2185.00     0.397217
      2186.00     0.395905
      2187.00     0.394390
      2188.00     0.392805
      2189.00     0.391479
      2190.00     0.389752
      2191.00     0.387329
      2192.00     0.384484
      2193.00     0.382377
      2194.00     0.380607
      2195.00     0.379350
      2196.00     0.378752
      2197.00     0.378412
      2198.00     0.377761
      2199.00     0.376530
      2200.00     0.375052
      2201.00     0.373344
      2202.00     0.371069
      2203.00     0.367952
      2204.00     0.364212
      2205.00     0.360468
      2206.00     0.356483
      2207.00     0.353693
      2208.00     0.352638
      2209.00     0.354014
      2210.00     0.357569
      2211.00     0.363568
      2212.00     0.370302
      2213.00     0.377114
      2214.00     0.383225
      2215.00     0.388289
      2216.00     0.392189
      2217.00     0.395798
      2218.00     0.399060
      2219.00     0.402285
      2220.00     0.405127
      2221.00     0.407990
      2222.00     0.410246
      2223.00     0.411659
      2224.00     0.412875
      2225.00     0.413810
      2226.00     0.414358
      2227.00     0.414777
      2228.00     0.415498
      2229.00     0.416011
      2230.00     0.416221
      2231.00     0.416299
      2232.00     0.416239
      2233.00     0.415932
      2234.00     0.415482
      2235.00     0.415221
      2236.00     0.415257
      2237.00     0.415270
      2238.00     0.414952
      2239.00     0.414589
      2240.00     0.414326
      2241.00     0.414066
      2242.00     0.413906
      2243.00     0.413998
      2244.00     0.414320
      2245.00     0.414564
      2246.00     0.414568
      2247.00     0.414828
      2248.00     0.415064
      2249.00     0.415067
      2250.00     0.414902
      2251.00     0.414660
      2252.00     0.414494
      2253.00     0.414591
      2254.00     0.414975
      2255.00     0.415458
      2256.00     0.415520
      2257.00     0.415166
      2258.00     0.414585
      2259.00     0.414196
      2260.00     0.414131
      2261.00     0.414136
      2262.00     0.413986
      2263.00     0.413533
      2264.00     0.412941
      2265.00     0.412517
      2266.00     0.412446
      2267.00     0.412392
      2268.00     0.412198
      2269.00     0.411646
      2270.00     0.410646
      2271.00     0.409595
      2272.00     0.408939
      2273.00     0.408756
      2274.00     0.408780
      2275.00     0.408586
      2276.00     0.408316
      2277.00     0.408037
      2278.00     0.407638
      2279.00     0.407273
      2280.00     0.406837
      2281.00     0.406168
      2282.00     0.405406
      2283.00     0.404600
      2284.00     0.403960
      2285.00     0.403605
      2286.00     0.403399
      2287.00     0.403078
      2288.00     0.402509
      2289.00     0.402050
      2290.00     0.401551
      2291.00     0.400794
      2292.00     0.399996
      2293.00     0.399372
      2294.00     0.398604
      2295.00     0.397546
      2296.00     0.396728
      2297.00     0.396375
      2298.00     0.395898
      2299.00     0.395321
      2300.00     0.394499
      2301.00     0.393930
      2302.00     0.393515
      2303.00     0.392875
      2304.00     0.392478
      2305.00     0.392174
      2306.00     0.391668
      2307.00     0.391127
      2308.00     0.390424
      2309.00     0.389612
      2310.00     0.388847
      2311.00     0.387881
      2312.00     0.386845
      2313.00     0.386318
      2314.00     0.385991
      2315.00     0.385566
      2316.00     0.384942
      2317.00     0.384282
      2318.00     0.383807
      2319.00     0.383462
      2320.00     0.383094
      2321.00     0.382816
      2322.00     0.382532
      2323.00     0.381916
      2324.00     0.381008
      2325.00     0.379880
      2326.00     0.379079
      2327.00     0.378753
      2328.00     0.378571
      2329.00     0.378263
      2330.00     0.378009
      2331.00     0.377868
      2332.00     0.377714
      2333.00     0.377100
      2334.00     0.376379
      2335.00     0.375900
      2336.00     0.375659
      2337.00     0.375349
      2338.00     0.374910
      2339.00     0.374456
      2340.00     0.374003
      2341.00     0.373280
      2342.00     0.372314
      2343.00     0.371454
      2344.00     0.370794
      2345.00     0.370242
      2346.00     0.369678
      2347.00     0.369081
      2348.00     0.368552
      2349.00     0.368007
      2350.00     0.367270
      2351.00     0.366881
      2352.00     0.366687
      2353.00     0.366576
      2354.00     0.366574
      2355.00     0.366516
      2356.00     0.366246
      2357.00     0.365871
      2358.00     0.365640
      2359.00     0.365655
      2360.00     0.365821
      2361.00     0.365967
      2362.00     0.366113
      2363.00     0.366153
      2364.00     0.365951
      2365.00     0.365551
      2366.00     0.365096
      2367.00     0.364818
      2368.00     0.364584
      2369.00     0.364204
      2370.00     0.363726
      2371.00     0.363282
      2372.00     0.362873
      2373.00     0.362415
      2374.00     0.361823
      2375.00     0.361087
      2376.00     0.360347
      2377.00     0.359403
      2378.00     0.358349
      2379.00     0.357336
      2380.00     0.356488
      2381.00     0.355711
      2382.00     0.355015
      2383.00     0.354633
      2384.00     0.354685
      2385.00     0.354936
      2386.00     0.355136
      2387.00     0.355379
      2388.00     0.355610
      2389.00     0.355421
      2390.00     0.354986
      2391.00     0.354527
      2392.00     0.354313
      2393.00     0.354466
      2394.00     0.354912
      2395.00     0.355490
      2396.00     0.356028
      2397.00     0.356355
      2398.00     0.356407
      2399.00     0.356442
      2400.00     0.356357
      2401.00     0.356148
      2402.00     0.355868
      2403.00     0.355630
      2404.00     0.355416
      2405.00     0.355237
      2406.00     0.355080
      2407.00     0.354925
      2408.00     0.354840
      2409.00     0.354643
      2410.00     0.354194
      2411.00     0.353382
      2412.00     0.352696
      2413.00     0.352161
      2414.00     0.351640
      2415.00     0.351035
      2416.00     0.350444
      2417.00     0.349983
      2418.00     0.349535
      2419.00     0.349113
      2420.00     0.348568
      2421.00     0.348139
      2422.00     0.347615
      2423.00     0.346856
      2424.00     0.345980
      2425.00     0.345162
      2426.00     0.344387
      2427.00     0.343705
      2428.00     0.342985
      2429.00     0.342072
      2430.00     0.341255
      2431.00     0.340505
      2432.00     0.339750
      2433.00     0.338983
      2434.00     0.338214
      2435.00     0.337348
      2436.00     0.336481
      2437.00     0.335548
      2438.00     0.334723
      2439.00     0.334103
      2440.00     0.333751
      2441.00     0.333605
      2442.00     0.333581
      2443.00     0.333563
      2444.00     0.333230
      2445.00     0.332747
      2446.00     0.332307
      2447.00     0.331959
      2448.00     0.331683
      2449.00     0.331483
      2450.00     0.331335
      2451.00     0.331263
      2452.00     0.331172
      2453.00     0.330947
      2454.00     0.330623
      2455.00     0.330276
      2456.00     0.329941
      2457.00     0.329532
      2458.00     0.329165
      2459.00     0.328785
      2460.00     0.328443
      2461.00     0.328162
      2462.00     0.327912
      2463.00     0.327658
      2464.00     0.327389
      2465.00     0.327287
      2466.00     0.327176
      2467.00     0.326965
      2468.00     0.326736
      2469.00     0.326575
      2470.00     0.326471
      2471.00     0.326335
      2472.00     0.325972
      2473.00     0.325480
      2474.00     0.325129
      2475.00     0.324870
      2476.00     0.324459
      2477.00     0.323730
      2478.00     0.322851
      2479.00     0.322113
      2480.00     0.321543
      2481.00     0.321051
      2482.00     0.320579
      2483.00     0.320130
      2484.00     0.319721
      2485.00     0.319316
      2486.00     0.318778
      2487.00     0.318214
      2488.00     0.317792
      2489.00     0.317614
      2490.00     0.317590
      2491.00     0.317728
      2492.00     0.317808
      2493.00     0.317665
      2494.00     0.317359
      2495.00     0.317011
      2496.00     0.316657
      2497.00     0.316274
      2498.00     0.316065
      2499.00     0.315968
      2500.00     0.315932
