      400.000    0.0674810
      401.000    0.0675620
      402.000    0.0705620
      403.000    0.0706100
      404.000    0.0706230
      405.000    0.0706030
      406.000    0.0719290
      407.000    0.0706420
      408.000    0.0753440
      409.000    0.0740490
      410.000    0.0753530
      411.000    0.0740490
      412.000    0.0753440
      413.000    0.0757400
      414.000    0.0757390
      415.000    0.0757380
      416.000    0.0774300
      417.000    0.0761290
      418.000    0.0774480
      419.000    0.0778770
      420.000    0.0778970
      421.000    0.0778870
      422.000    0.0813290
      423.000    0.0812580
      424.000    0.0842470
      425.000    0.0825010
      426.000    0.0837810
      427.000    0.0841800
      428.000    0.0841800
      429.000    0.0829630
      430.000    0.0846440
      431.000    0.0858820
      432.000    0.0876040
      433.000    0.0876190
      434.000    0.0888890
      435.000    0.0893690
      436.000    0.0892270
      437.000    0.0891560
      438.000    0.0890850
      439.000    0.0936240
      440.000    0.0937380
      441.000    0.0936240
      442.000    0.0903030
      443.000    0.0935780
      444.000    0.0978610
      445.000    0.0952340
      446.000    0.0951090
      447.000    0.0967820
      448.000    0.0995500
      449.000    0.0995220
      450.000    0.0983430
      451.000     0.100844
      452.000     0.100752
      453.000     0.100813
      454.000     0.100721
      455.000     0.100691
      456.000     0.105256
      457.000     0.105363
      458.000     0.105609
      459.000     0.103772
      460.000     0.105719
      461.000     0.107277
      462.000     0.105499
      463.000     0.107354
      464.000     0.108554
      465.000     0.110102
      466.000     0.110060
      467.000     0.109977
      468.000     0.108356
      469.000     0.109977
      470.000     0.109935
      471.000     0.109977
      472.000     0.110018
      473.000     0.110102
      474.000     0.111250
      475.000     0.111292
      476.000     0.111511
      477.000     0.112694
      478.000     0.111381
      479.000     0.115775
      480.000     0.115968
      481.000     0.117238
      482.000     0.116994
      483.000     0.117043
      484.000     0.118360
      485.000     0.118013
      486.000     0.117964
      487.000     0.119505
      488.000     0.119454
      489.000     0.118062
      490.000     0.119403
      491.000     0.120285
      492.000     0.121817
      493.000     0.123450
      494.000     0.125495
      495.000     0.125382
      496.000     0.124991
      497.000     0.123665
      498.000     0.125102
      499.000     0.124713
      500.000     0.124713
      501.000     0.126032
      502.000     0.125977
      503.000     0.125536
      504.000     0.124333
      505.000     0.125427
      506.000     0.129983
      507.000     0.129573
      508.000     0.129690
      509.000     0.130948
      510.000     0.132838
      511.000     0.134162
      512.000     0.133913
      513.000     0.133603
      514.000     0.133665
      515.000     0.135488
      516.000     0.135362
      517.000     0.135552
      518.000     0.134907
      519.000     0.137428
      520.000     0.139279
      521.000     0.138952
      522.000     0.137175
      523.000     0.138369
      524.000     0.139554
      525.000     0.139489
      526.000     0.139685
      527.000     0.140740
      528.000     0.141925
      529.000     0.141925
      530.000     0.144562
      531.000     0.144699
      532.000     0.144836
      533.000     0.146650
      534.000     0.146440
      535.000     0.146022
      536.000     0.147206
      537.000     0.148743
      538.000     0.148601
      539.000     0.148815
      540.000     0.149029
      541.000     0.149928
      542.000     0.152513
      543.000     0.153918
      544.000     0.153621
      545.000     0.153177
      546.000     0.154353
      547.000     0.158332
      548.000     0.158332
      549.000     0.159197
      550.000     0.159669
      551.000     0.160366
      552.000     0.159904
      553.000     0.161057
      554.000     0.163596
      555.000     0.164826
      556.000     0.166379
      557.000     0.166460
      558.000     0.166703
      559.000     0.168082
      560.000     0.168847
      561.000     0.169605
      562.000     0.173705
      563.000     0.172789
      564.000     0.177122
      565.000     0.177122
      566.000     0.174048
      567.000     0.178563
      568.000     0.179637
      569.000     0.176034
      570.000     0.177110
      571.000     0.176580
      572.000     0.179523
      573.000     0.182241
      574.000     0.182180
      575.000     0.186012
      576.000     0.187687
      577.000     0.184209
      578.000     0.187488
      579.000     0.186899
      580.000     0.190996
      581.000     0.186647
      582.000     0.187546
      583.000     0.190717
      584.000     0.187741
      585.000     0.194159
      586.000     0.194368
      587.000     0.194928
      588.000     0.193912
      589.000     0.193606
      590.000     0.193402
      591.000     0.195106
      592.000     0.195003
      593.000     0.195678
      594.000     0.195268
      595.000     0.198468
      596.000     0.198783
      597.000     0.202659
      598.000     0.201278
      599.000     0.202988
      600.000     0.206530
      601.000     0.206916
      602.000     0.202878
      603.000     0.203714
      604.000     0.203189
      605.000     0.207130
      606.000     0.207021
      607.000     0.207021
      608.000     0.206513
      609.000     0.207975
      610.000     0.207975
      611.000     0.212905
      612.000     0.210094
      613.000     0.210094
      614.000     0.210094
      615.000     0.210313
      616.000     0.211083
      617.000     0.214268
      618.000     0.212792
      619.000     0.213244
      620.000     0.214499
      621.000     0.217915
      622.000     0.213747
      623.000     0.215001
      624.000     0.214889
      625.000     0.217915
      626.000     0.216256
      627.000     0.220106
      628.000     0.221602
      629.000     0.217852
      630.000     0.217852
      631.000     0.221910
      632.000     0.218879
      633.000     0.226036
      634.000     0.226157
      635.000     0.226278
      636.000     0.226766
      637.000     0.225323
      638.000     0.224965
      639.000     0.223663
      640.000     0.221480
      641.000     0.223623
      642.000     0.227955
      643.000     0.228315
      644.000     0.228195
      645.000     0.227596
      646.000     0.229083
      647.000     0.230331
      648.000     0.232572
      649.000     0.230939
      650.000     0.234074
      651.000     0.232314
      652.000     0.232314
      653.000     0.232314
      654.000     0.232560
      655.000     0.231701
      656.000     0.230089
      657.000     0.233829
      658.000     0.232883
      659.000     0.236197
      660.000     0.237829
      661.000     0.239596
      662.000     0.238958
      663.000     0.236759
      664.000     0.236883
      665.000     0.238814
      666.000     0.237809
      667.000     0.238185
      668.000     0.240163
      669.000     0.240516
      670.000     0.243027
      671.000     0.243800
      672.000     0.244449
      673.000     0.243284
      674.000     0.244398
      675.000     0.246100
      676.000     0.246491
      677.000     0.245986
      678.000     0.249184
      679.000     0.248918
      680.000     0.249104
      681.000     0.248085
      682.000     0.252660
      683.000     0.253337
      684.000     0.253337
      685.000     0.255428
      686.000     0.252525
      687.000     0.251452
      688.000     0.253798
      689.000     0.254767
      690.000     0.256141
      691.000     0.256961
      692.000     0.257787
      693.000     0.257649
      694.000     0.257236
      695.000     0.256561
      696.000     0.259013
      697.000     0.260251
      698.000     0.261930
      699.000     0.259432
      700.000     0.261189
      701.000     0.263489
      702.000     0.262141
      703.000     0.263086
      704.000     0.262811
      705.000     0.263890
      706.000     0.264442
      707.000     0.266347
      708.000     0.266347
      709.000     0.269440
      710.000     0.268519
      711.000     0.267831
      712.000     0.269740
      713.000     0.270251
      714.000     0.270110
      715.000     0.270477
      716.000     0.270335
      717.000     0.270195
      718.000     0.271973
      719.000     0.273069
      720.000     0.274687
      721.000     0.273826
      722.000     0.273683
      723.000     0.274893
      724.000     0.275037
      725.000     0.275325
      726.000     0.276972
      727.000     0.278332
      728.000     0.278995
      729.000     0.279770
      730.000     0.281268
      731.000     0.280355
      732.000     0.279670
      733.000     0.279960
      734.000     0.281415
      735.000     0.280251
      736.000     0.282666
      737.000     0.282961
      738.000     0.286290
      739.000     0.285082
      740.000     0.286439
      741.000     0.286888
      742.000     0.287647
      743.000     0.289309
      744.000     0.287497
      745.000     0.287505
      746.000     0.287058
      747.000     0.287505
      748.000     0.286601
      749.000     0.287505
      750.000     0.290960
      751.000     0.290665
      752.000     0.291870
      753.000     0.292923
      754.000     0.292373
      755.000     0.293515
      756.000     0.295332
      757.000     0.297121
      758.000     0.294759
      759.000     0.294759
      760.000     0.294759
      761.000     0.295217
      762.000     0.294759
      763.000     0.295651
      764.000     0.295957
      765.000     0.298198
      766.000     0.297890
      767.000     0.297271
      768.000     0.300281
      769.000     0.300126
      770.000     0.302672
      771.000     0.301165
      772.000     0.301580
      773.000     0.301424
      774.000     0.302359
      775.000     0.302986
      776.000     0.302986
      777.000     0.304183
      778.000     0.303396
      779.000     0.303553
      780.000     0.304747
      781.000     0.304905
      782.000     0.306659
      783.000     0.308330
      784.000     0.309524
      785.000     0.308245
      786.000     0.309043
      787.000     0.306045
      788.000     0.306765
      789.000     0.308513
      790.000     0.308828
      791.000     0.306922
      792.000     0.307079
      793.000     0.313648
      794.000     0.311682
      795.000     0.310171
      796.000     0.308135
      797.000     0.309857
      798.000     0.311289
      799.000     0.311346
      800.000     0.314908
      801.000     0.314830
      802.000     0.314753
      803.000     0.314675
      804.000     0.314597
      805.000     0.315841
      806.000     0.317084
      807.000     0.318328
      808.000     0.319572
      809.000     0.319871
      810.000     0.320171
      811.000     0.320471
      812.000     0.320770
      813.000     0.320692
      814.000     0.320614
      815.000     0.320537
      816.000     0.320459
      817.000     0.321037
      818.000     0.321615
      819.000     0.322194
      820.000     0.322772
      821.000     0.324009
      822.000     0.325247
      823.000     0.326484
      824.000     0.327721
      825.000     0.327941
      826.000     0.328161
      827.000     0.328382
      828.000     0.328602
      829.000     0.328862
      830.000     0.329121
      831.000     0.329381
      832.000     0.329641
      833.000     0.329803
      834.000     0.329965
      835.000     0.330126
      836.000     0.330288
      837.000     0.330904
      838.000     0.331520
      839.000     0.332137
      840.000     0.332753
      841.000     0.332916
      842.000     0.333080
      843.000     0.333243
      844.000     0.333406
      845.000     0.333760
      846.000     0.334114
      847.000     0.334467
      848.000     0.334821
      849.000     0.334744
      850.000     0.334666
      851.000     0.334589
      852.000     0.334512
      853.000     0.335164
      854.000     0.335817
      855.000     0.336470
      856.000     0.337122
      857.000     0.337298
      858.000     0.337474
      859.000     0.337649
      860.000     0.337825
      861.000     0.338282
      862.000     0.338739
      863.000     0.339195
      864.000     0.339652
      865.000     0.339663
      866.000     0.339675
      867.000     0.339686
      868.000     0.339698
      869.000     0.339872
      870.000     0.340045
      871.000     0.340219
      872.000     0.340393
      873.000     0.341464
      874.000     0.342536
      875.000     0.343607
      876.000     0.344679
      877.000     0.344766
      878.000     0.344854
      879.000     0.344941
      880.000     0.345029
      881.000     0.345323
      882.000     0.345618
      883.000     0.345912
      884.000     0.346206
      885.000     0.346493
      886.000     0.346780
      887.000     0.347067
      888.000     0.347354
      889.000     0.347564
      890.000     0.347775
      891.000     0.347985
      892.000     0.348195
      893.000     0.348438
      894.000     0.348680
      895.000     0.348923
      896.000     0.349166
      897.000     0.349802
      898.000     0.350439
      899.000     0.351076
      900.000     0.351712
      901.000     0.352506
      902.000     0.353301
      903.000     0.354095
      904.000     0.354889
      905.000     0.355224
      906.000     0.355560
      907.000     0.355895
      908.000     0.356230
      909.000     0.356553
      910.000     0.356875
      911.000     0.357197
      912.000     0.357520
      913.000     0.358024
      914.000     0.358528
      915.000     0.359033
      916.000     0.359537
      917.000     0.359991
      918.000     0.360444
      919.000     0.360898
      920.000     0.361352
      921.000     0.361433
      922.000     0.361514
      923.000     0.361595
      924.000     0.361676
      925.000     0.362259
      926.000     0.362843
      927.000     0.363426
      928.000     0.364009
      929.000     0.364888
      930.000     0.365768
      931.000     0.366647
      932.000     0.367526
      933.000     0.367478
      934.000     0.367429
      935.000     0.367380
      936.000     0.367332
      937.000     0.367464
      938.000     0.367595
      939.000     0.367727
      940.000     0.367859
      941.000     0.368753
      942.000     0.369648
      943.000     0.370542
      944.000     0.371437
      945.000     0.371641
      946.000     0.371845
      947.000     0.372048
      948.000     0.372252
      949.000     0.372590
      950.000     0.372927
      951.000     0.373264
      952.000     0.373602
      953.000     0.374007
      954.000     0.374413
      955.000     0.374819
      956.000     0.375224
      957.000     0.376238
      958.000     0.377251
      959.000     0.378264
      960.000     0.379278
      961.000     0.378800
      962.000     0.378321
      963.000     0.377843
      964.000     0.377365
      965.000     0.378044
      966.000     0.378724
      967.000     0.379404
      968.000     0.380083
      969.000     0.379380
      970.000     0.378677
      971.000     0.377974
      972.000     0.377271
      973.000     0.378208
      974.000     0.379145
      975.000     0.380082
      976.000     0.381019
      977.000     0.381083
      978.000     0.381146
      979.000     0.381209
      980.000     0.381273
      981.000     0.381761
      982.000     0.382248
      983.000     0.382735
      984.000     0.383223
      985.000     0.383528
      986.000     0.383832
      987.000     0.384137
      988.000     0.384442
      989.000     0.385097
      990.000     0.385752
      991.000     0.386408
      992.000     0.387063
      993.000     0.387352
      994.000     0.387642
      995.000     0.387932
      996.000     0.388221
      997.000     0.388499
      998.000     0.388777
      999.000     0.389056
      1000.00     0.389334
      1001.00     0.390401
      1002.00     0.391468
      1003.00     0.392535
      1004.00     0.393602
      1005.00     0.393415
      1006.00     0.393227
      1007.00     0.393040
      1008.00     0.392853
      1009.00     0.393627
      1010.00     0.394401
      1011.00     0.395174
      1012.00     0.395948
      1013.00     0.396235
      1014.00     0.396522
      1015.00     0.396809
      1016.00     0.397096
      1017.00     0.396145
      1018.00     0.395194
      1019.00     0.394242
      1020.00     0.393291
      1021.00     0.394155
      1022.00     0.395019
      1023.00     0.395882
      1024.00     0.396746
      1025.00     0.397129
      1026.00     0.397511
      1027.00     0.397894
      1028.00     0.398277
      1029.00     0.398294
      1030.00     0.398311
      1031.00     0.398329
      1032.00     0.398346
      1033.00     0.399338
      1034.00     0.400329
      1035.00     0.401321
      1036.00     0.402313
      1037.00     0.402848
      1038.00     0.403384
      1039.00     0.403920
      1040.00     0.404455
      1041.00     0.405608
      1042.00     0.406760
      1043.00     0.407912
      1044.00     0.409065
      1045.00     0.409785
      1046.00     0.410505
      1047.00     0.411225
      1048.00     0.411945
      1049.00     0.411551
      1050.00     0.411157
      1051.00     0.410764
      1052.00     0.410370
      1053.00     0.409216
      1054.00     0.408063
      1055.00     0.406909
      1056.00     0.405755
      1057.00     0.405707
      1058.00     0.405658
      1059.00     0.405610
      1060.00     0.405562
      1061.00     0.406715
      1062.00     0.407868
      1063.00     0.409021
      1064.00     0.410174
      1065.00     0.410749
      1066.00     0.411325
      1067.00     0.411900
      1068.00     0.412475
      1069.00     0.412871
      1070.00     0.413267
      1071.00     0.413662
      1072.00     0.414058
      1073.00     0.413613
      1074.00     0.413168
      1075.00     0.412723
      1076.00     0.412278
      1077.00     0.412646
      1078.00     0.413014
      1079.00     0.413381
      1080.00     0.413749
      1081.00     0.414237
      1082.00     0.414724
      1083.00     0.415212
      1084.00     0.415700
      1085.00     0.416244
      1086.00     0.416789
      1087.00     0.417333
      1088.00     0.417877
      1089.00     0.418252
      1090.00     0.418627
      1091.00     0.419002
      1092.00     0.419377
      1093.00     0.419420
      1094.00     0.419464
      1095.00     0.419507
      1096.00     0.419550
      1097.00     0.419686
      1098.00     0.419823
      1099.00     0.419959
      1100.00     0.420095
      1101.00     0.419715
      1102.00     0.419335
      1103.00     0.418955
      1104.00     0.418575
      1105.00     0.419411
      1106.00     0.420246
      1107.00     0.421082
      1108.00     0.421918
      1109.00     0.422338
      1110.00     0.422757
      1111.00     0.423176
      1112.00     0.423596
      1113.00     0.424065
      1114.00     0.424534
      1115.00     0.425004
      1116.00     0.425473
      1117.00     0.424427
      1118.00     0.423382
      1119.00     0.422336
      1120.00     0.421290
      1121.00     0.422774
      1122.00     0.424258
      1123.00     0.425742
      1124.00     0.427226
      1125.00     0.427409
      1126.00     0.427592
      1127.00     0.427775
      1128.00     0.427958
      1129.00     0.426913
      1130.00     0.425867
      1131.00     0.424822
      1132.00     0.423777
      1133.00     0.424242
      1134.00     0.424707
      1135.00     0.425172
      1136.00     0.425637
      1137.00     0.426480
      1138.00     0.427323
      1139.00     0.428165
      1140.00     0.429008
      1141.00     0.428287
      1142.00     0.427566
      1143.00     0.426844
      1144.00     0.426123
      1145.00     0.426068
      1146.00     0.426012
      1147.00     0.425956
      1148.00     0.425901
      1149.00     0.425774
      1150.00     0.425647
      1151.00     0.425521
      1152.00     0.425394
      1153.00     0.425663
      1154.00     0.425932
      1155.00     0.426202
      1156.00     0.426471
      1157.00     0.426349
      1158.00     0.426228
      1159.00     0.426106
      1160.00     0.425984
      1161.00     0.426139
      1162.00     0.426293
      1163.00     0.426448
      1164.00     0.426603
      1165.00     0.427055
      1166.00     0.427507
      1167.00     0.427959
      1168.00     0.428411
      1169.00     0.428686
      1170.00     0.428962
      1171.00     0.429237
      1172.00     0.429513
      1173.00     0.429864
      1174.00     0.430216
      1175.00     0.430568
      1176.00     0.430919
      1177.00     0.431121
      1178.00     0.431323
      1179.00     0.431524
      1180.00     0.431726
      1181.00     0.431777
      1182.00     0.431828
      1183.00     0.431878
      1184.00     0.431929
      1185.00     0.432030
      1186.00     0.432131
      1187.00     0.432233
      1188.00     0.432334
      1189.00     0.432815
      1190.00     0.433297
      1191.00     0.433778
      1192.00     0.434260
      1193.00     0.434084
      1194.00     0.433908
      1195.00     0.433731
      1196.00     0.433555
      1197.00     0.433657
      1198.00     0.433760
      1199.00     0.433862
      1200.00     0.433964
      1201.00     0.434709
      1202.00     0.435453
      1203.00     0.436197
      1204.00     0.436942
      1205.00     0.437605
      1206.00     0.438267
      1207.00     0.438930
      1208.00     0.439593
      1209.00     0.440589
      1210.00     0.441586
      1211.00     0.442582
      1212.00     0.443578
      1213.00     0.444407
      1214.00     0.445237
      1215.00     0.446066
      1216.00     0.446895
      1217.00     0.447025
      1218.00     0.447155
      1219.00     0.447284
      1220.00     0.447414
      1221.00     0.447374
      1222.00     0.447334
      1223.00     0.447295
      1224.00     0.447255
      1225.00     0.447515
      1226.00     0.447775
      1227.00     0.448035
      1228.00     0.448295
      1229.00     0.448362
      1230.00     0.448429
      1231.00     0.448497
      1232.00     0.448564
      1233.00     0.448438
      1234.00     0.448312
      1235.00     0.448185
      1236.00     0.448059
      1237.00     0.447060
      1238.00     0.446062
      1239.00     0.445064
      1240.00     0.444065
      1241.00     0.443122
      1242.00     0.442179
      1243.00     0.441236
      1244.00     0.440293
      1245.00     0.440520
      1246.00     0.440746
      1247.00     0.440973
      1248.00     0.441200
      1249.00     0.442743
      1250.00     0.444287
      1251.00     0.445830
      1252.00     0.447374
      1253.00     0.448251
      1254.00     0.449129
      1255.00     0.450006
      1256.00     0.450883
      1257.00     0.451338
      1258.00     0.451794
      1259.00     0.452249
      1260.00     0.452705
      1261.00     0.452768
      1262.00     0.452832
      1263.00     0.452895
      1264.00     0.452958
      1265.00     0.453411
      1266.00     0.453865
      1267.00     0.454318
      1268.00     0.454772
      1269.00     0.455334
      1270.00     0.455897
      1271.00     0.456460
      1272.00     0.457022
      1273.00     0.457512
      1274.00     0.458002
      1275.00     0.458492
      1276.00     0.458982
      1277.00     0.459099
      1278.00     0.459216
      1279.00     0.459333
      1280.00     0.459450
      1281.00     0.459648
      1282.00     0.459846
      1283.00     0.460043
      1284.00     0.460241
      1285.00     0.460633
      1286.00     0.461025
      1287.00     0.461416
      1288.00     0.461808
      1289.00     0.461478
      1290.00     0.461148
      1291.00     0.460818
      1292.00     0.460488
      1293.00     0.460767
      1294.00     0.461047
      1295.00     0.461326
      1296.00     0.461605
      1297.00     0.461770
      1298.00     0.461936
      1299.00     0.462102
      1300.00     0.462267
      1301.00     0.462158
      1302.00     0.462049
      1303.00     0.461940
      1304.00     0.461831
      1305.00     0.462351
      1306.00     0.462870
      1307.00     0.463390
      1308.00     0.463910
      1309.00     0.463636
      1310.00     0.463362
      1311.00     0.463088
      1312.00     0.462814
      1313.00     0.462814
      1314.00     0.462814
      1315.00     0.462814
      1316.00     0.462814
      1317.00     0.462705
      1318.00     0.462595
      1319.00     0.462486
      1320.00     0.462377
      1321.00     0.462431
      1322.00     0.462486
      1323.00     0.462541
      1324.00     0.462595
      1325.00     0.461967
      1326.00     0.461339
      1327.00     0.460711
      1328.00     0.460083
      1329.00     0.459817
      1330.00     0.459550
      1331.00     0.459283
      1332.00     0.459017
      1333.00     0.459534
      1334.00     0.460051
      1335.00     0.460569
      1336.00     0.461086
      1337.00     0.460742
      1338.00     0.460398
      1339.00     0.460054
      1340.00     0.459710
      1341.00     0.460001
      1342.00     0.460293
      1343.00     0.460585
      1344.00     0.460876
      1345.00     0.460602
      1346.00     0.460328
      1347.00     0.460053
      1348.00     0.459779
      1349.00     0.459015
      1350.00     0.458250
      1351.00     0.457485
      1352.00     0.456721
      1353.00     0.457299
      1354.00     0.457878
      1355.00     0.458456
      1356.00     0.459034
      1357.00     0.459752
      1358.00     0.460469
      1359.00     0.461187
      1360.00     0.461905
      1361.00     0.461577
      1362.00     0.461248
      1363.00     0.460920
      1364.00     0.460592
      1365.00     0.460247
      1366.00     0.459902
      1367.00     0.459556
      1368.00     0.459211
      1369.00     0.459047
      1370.00     0.458883
      1371.00     0.458718
      1372.00     0.458554
      1373.00     0.457758
      1374.00     0.456963
      1375.00     0.456168
      1376.00     0.455372
      1377.00     0.454985
      1378.00     0.454599
      1379.00     0.454212
      1380.00     0.453826
      1381.00     0.452971
      1382.00     0.452116
      1383.00     0.451262
      1384.00     0.450407
      1385.00     0.449844
      1386.00     0.449281
      1387.00     0.448718
      1388.00     0.448155
      1389.00     0.447737
      1390.00     0.447320
      1391.00     0.446902
      1392.00     0.446485
      1393.00     0.445624
      1394.00     0.444763
      1395.00     0.443903
      1396.00     0.443042
      1397.00     0.442490
      1398.00     0.441938
      1399.00     0.441385
      1400.00     0.440833
      1401.00     0.440057
      1402.00     0.439281
      1403.00     0.438504
      1404.00     0.437728
      1405.00     0.437056
      1406.00     0.436384
      1407.00     0.435712
      1408.00     0.435040
      1409.00     0.435246
      1410.00     0.435452
      1411.00     0.435657
      1412.00     0.435863
      1413.00     0.436117
      1414.00     0.436371
      1415.00     0.436625
      1416.00     0.436879
      1417.00     0.437217
      1418.00     0.437554
      1419.00     0.437891
      1420.00     0.438229
      1421.00     0.438536
      1422.00     0.438844
      1423.00     0.439151
      1424.00     0.439459
      1425.00     0.439768
      1426.00     0.440077
      1427.00     0.440387
      1428.00     0.440696
      1429.00     0.440451
      1430.00     0.440206
      1431.00     0.439960
      1432.00     0.439715
      1433.00     0.440167
      1434.00     0.440620
      1435.00     0.441073
      1436.00     0.441525
      1437.00     0.441798
      1438.00     0.442071
      1439.00     0.442343
      1440.00     0.442616
      1441.00     0.442253
      1442.00     0.441890
      1443.00     0.441527
      1444.00     0.441164
      1445.00     0.440818
      1446.00     0.440471
      1447.00     0.440124
      1448.00     0.439778
      1449.00     0.440177
      1450.00     0.440576
      1451.00     0.440976
      1452.00     0.441375
      1453.00     0.441683
      1454.00     0.441992
      1455.00     0.442300
      1456.00     0.442608
      1457.00     0.443126
      1458.00     0.443644
      1459.00     0.444161
      1460.00     0.444679
      1461.00     0.445044
      1462.00     0.445410
      1463.00     0.445776
      1464.00     0.446141
      1465.00     0.446308
      1466.00     0.446476
      1467.00     0.446644
      1468.00     0.446811
      1469.00     0.447188
      1470.00     0.447565
      1471.00     0.447943
      1472.00     0.448320
      1473.00     0.448592
      1474.00     0.448864
      1475.00     0.449137
      1476.00     0.449409
      1477.00     0.449924
      1478.00     0.450440
      1479.00     0.450955
      1480.00     0.451471
      1481.00     0.452398
      1482.00     0.453326
      1483.00     0.454253
      1484.00     0.455181
      1485.00     0.455450
      1486.00     0.455719
      1487.00     0.455987
      1488.00     0.456256
      1489.00     0.456364
      1490.00     0.456472
      1491.00     0.456580
      1492.00     0.456688
      1493.00     0.456796
      1494.00     0.456904
      1495.00     0.457012
      1496.00     0.457120
      1497.00     0.455216
      1498.00     0.453313
      1499.00     0.451409
      1500.00     0.449505
      1501.00     0.450228
      1502.00     0.450951
      1503.00     0.451673
      1504.00     0.452396
      1505.00     0.452989
      1506.00     0.453582
      1507.00     0.454174
      1508.00     0.454767
      1509.00     0.455942
      1510.00     0.457118
      1511.00     0.458293
      1512.00     0.459469
      1513.00     0.459736
      1514.00     0.460004
      1515.00     0.460272
      1516.00     0.460539
      1517.00     0.459479
      1518.00     0.458418
      1519.00     0.457358
      1520.00     0.456298
      1521.00     0.456367
      1522.00     0.456436
      1523.00     0.456505
      1524.00     0.456574
      1525.00     0.457904
      1526.00     0.459233
      1527.00     0.460562
      1528.00     0.461892
      1529.00     0.463282
      1530.00     0.464673
      1531.00     0.466063
      1532.00     0.467454
      1533.00     0.468000
      1534.00     0.468546
      1535.00     0.469092
      1536.00     0.469638
      1537.00     0.469245
      1538.00     0.468853
      1539.00     0.468461
      1540.00     0.468068
      1541.00     0.467431
      1542.00     0.466794
      1543.00     0.466157
      1544.00     0.465520
      1545.00     0.465949
      1546.00     0.466379
      1547.00     0.466808
      1548.00     0.467237
      1549.00     0.467432
      1550.00     0.467626
      1551.00     0.467820
      1552.00     0.468015
      1553.00     0.467535
      1554.00     0.467055
      1555.00     0.466576
      1556.00     0.466096
      1557.00     0.466327
      1558.00     0.466558
      1559.00     0.466789
      1560.00     0.467020
      1561.00     0.466857
      1562.00     0.466695
      1563.00     0.466533
      1564.00     0.466370
      1565.00     0.466262
      1566.00     0.466154
      1567.00     0.466046
      1568.00     0.465938
      1569.00     0.465884
      1570.00     0.465830
      1571.00     0.465776
      1572.00     0.465722
      1573.00     0.466254
      1574.00     0.466787
      1575.00     0.467319
      1576.00     0.467851
      1577.00     0.468868
      1578.00     0.469885
      1579.00     0.470902
      1580.00     0.471919
      1581.00     0.471488
      1582.00     0.471058
      1583.00     0.470627
      1584.00     0.470197
      1585.00     0.470306
      1586.00     0.470416
      1587.00     0.470525
      1588.00     0.470634
      1589.00     0.470422
      1590.00     0.470210
      1591.00     0.469998
      1592.00     0.469786
      1593.00     0.469514
      1594.00     0.469242
      1595.00     0.468970
      1596.00     0.468698
      1597.00     0.468638
      1598.00     0.468579
      1599.00     0.468520
      1600.00     0.468460
      1601.00     0.468514
      1602.00     0.468569
      1603.00     0.468623
      1604.00     0.468677
      1605.00     0.468780
      1606.00     0.468883
      1607.00     0.468985
      1608.00     0.469088
      1609.00     0.469423
      1610.00     0.469758
      1611.00     0.470093
      1612.00     0.470428
      1613.00     0.470833
      1614.00     0.471238
      1615.00     0.471643
      1616.00     0.472048
      1617.00     0.473134
      1618.00     0.474219
      1619.00     0.475304
      1620.00     0.476390
      1621.00     0.475733
      1622.00     0.475076
      1623.00     0.474420
      1624.00     0.473763
      1625.00     0.473770
      1626.00     0.473777
      1627.00     0.473783
      1628.00     0.473790
      1629.00     0.474120
      1630.00     0.474449
      1631.00     0.474779
      1632.00     0.475108
      1633.00     0.475484
      1634.00     0.475859
      1635.00     0.476235
      1636.00     0.476611
      1637.00     0.476766
      1638.00     0.476920
      1639.00     0.477075
      1640.00     0.477230
      1641.00     0.477369
      1642.00     0.477507
      1643.00     0.477646
      1644.00     0.477785
      1645.00     0.477454
      1646.00     0.477124
      1647.00     0.476794
      1648.00     0.476463
      1649.00     0.476683
      1650.00     0.476903
      1651.00     0.477123
      1652.00     0.477343
      1653.00     0.477774
      1654.00     0.478204
      1655.00     0.478635
      1656.00     0.479066
      1657.00     0.478860
      1658.00     0.478655
      1659.00     0.478449
      1660.00     0.478243
      1661.00     0.477270
      1662.00     0.476296
      1663.00     0.475322
      1664.00     0.474349
      1665.00     0.474185
      1666.00     0.474022
      1667.00     0.473858
      1668.00     0.473695
      1669.00     0.473919
      1670.00     0.474142
      1671.00     0.474366
      1672.00     0.474590
      1673.00     0.474475
      1674.00     0.474361
      1675.00     0.474246
      1676.00     0.474131
      1677.00     0.474495
      1678.00     0.474859
      1679.00     0.475223
      1680.00     0.475587
      1681.00     0.475632
      1682.00     0.475677
      1683.00     0.475721
      1684.00     0.475766
      1685.00     0.476128
      1686.00     0.476490
      1687.00     0.476852
      1688.00     0.477214
      1689.00     0.476897
      1690.00     0.476580
      1691.00     0.476262
      1692.00     0.475945
      1693.00     0.475195
      1694.00     0.474445
      1695.00     0.473695
      1696.00     0.472945
      1697.00     0.473251
      1698.00     0.473558
      1699.00     0.473864
      1700.00     0.474171
      1701.00     0.474333
      1702.00     0.474495
      1703.00     0.474658
      1704.00     0.474820
      1705.00     0.474351
      1706.00     0.473882
      1707.00     0.473414
      1708.00     0.472945
      1709.00     0.473314
      1710.00     0.473684
      1711.00     0.474054
      1712.00     0.474423
      1713.00     0.474923
      1714.00     0.475423
      1715.00     0.475922
      1716.00     0.476422
      1717.00     0.476342
      1718.00     0.476263
      1719.00     0.476184
      1720.00     0.476104
      1721.00     0.476342
      1722.00     0.476579
      1723.00     0.476817
      1724.00     0.477054
      1725.00     0.476817
      1726.00     0.476579
      1727.00     0.476342
      1728.00     0.476104
      1729.00     0.476348
      1730.00     0.476592
      1731.00     0.476836
      1732.00     0.477080
      1733.00     0.477665
      1734.00     0.478251
      1735.00     0.478836
      1736.00     0.479421
      1737.00     0.479506
      1738.00     0.479590
      1739.00     0.479674
      1740.00     0.479759
      1741.00     0.479869
      1742.00     0.479979
      1743.00     0.480090
      1744.00     0.480200
      1745.00     0.480421
      1746.00     0.480642
      1747.00     0.480864
      1748.00     0.481085
      1749.00     0.481184
      1750.00     0.481283
      1751.00     0.481381
      1752.00     0.481480
      1753.00     0.481440
      1754.00     0.481399
      1755.00     0.481359
      1756.00     0.481318
      1757.00     0.480912
      1758.00     0.480506
      1759.00     0.480100
      1760.00     0.479694
      1761.00     0.479736
      1762.00     0.479778
      1763.00     0.479821
      1764.00     0.479863
      1765.00     0.479532
      1766.00     0.479201
      1767.00     0.478870
      1768.00     0.478539
      1769.00     0.478844
      1770.00     0.479149
      1771.00     0.479454
      1772.00     0.479759
      1773.00     0.479746
      1774.00     0.479733
      1775.00     0.479720
      1776.00     0.479707
      1777.00     0.479610
      1778.00     0.479513
      1779.00     0.479416
      1780.00     0.479319
      1781.00     0.478826
      1782.00     0.478333
      1783.00     0.477839
      1784.00     0.477346
      1785.00     0.477237
      1786.00     0.477129
      1787.00     0.477020
      1788.00     0.476911
      1789.00     0.477227
      1790.00     0.477543
      1791.00     0.477858
      1792.00     0.478174
      1793.00     0.478393
      1794.00     0.478612
      1795.00     0.478830
      1796.00     0.479049
      1797.00     0.479214
      1798.00     0.479378
      1799.00     0.479542
      1800.00     0.479707
      1801.00     0.479269
      1802.00     0.478831
      1803.00     0.478394
      1804.00     0.477956
      1805.00     0.478436
      1806.00     0.478917
      1807.00     0.479397
      1808.00     0.479877
      1809.00     0.480317
      1810.00     0.480757
      1811.00     0.481197
      1812.00     0.481637
      1813.00     0.481362
      1814.00     0.481086
      1815.00     0.480811
      1816.00     0.480536
      1817.00     0.480577
      1818.00     0.480618
      1819.00     0.480658
      1820.00     0.480699
      1821.00     0.480919
      1822.00     0.481140
      1823.00     0.481360
      1824.00     0.481580
      1825.00     0.481831
      1826.00     0.482081
      1827.00     0.482332
      1828.00     0.482582
      1829.00     0.482319
      1830.00     0.482056
      1831.00     0.481794
      1832.00     0.481531
      1833.00     0.481643
      1834.00     0.481755
      1835.00     0.481868
      1836.00     0.481980
      1837.00     0.482078
      1838.00     0.482175
      1839.00     0.482273
      1840.00     0.482371
      1841.00     0.482718
      1842.00     0.483065
      1843.00     0.483413
      1844.00     0.483760
      1845.00     0.483562
      1846.00     0.483364
      1847.00     0.483165
      1848.00     0.482967
      1849.00     0.481975
      1850.00     0.480984
      1851.00     0.479993
      1852.00     0.479001
      1853.00     0.479481
      1854.00     0.479960
      1855.00     0.480440
      1856.00     0.480919
      1857.00     0.480794
      1858.00     0.480670
      1859.00     0.480545
      1860.00     0.480421
      1861.00     0.480004
      1862.00     0.479588
      1863.00     0.479171
      1864.00     0.478755
      1865.00     0.476970
      1866.00     0.475184
      1867.00     0.473399
      1868.00     0.471613
      1869.00     0.470161
      1870.00     0.468710
      1871.00     0.467259
      1872.00     0.465807
      1873.00     0.464364
      1874.00     0.462921
      1875.00     0.461478
      1876.00     0.460035
      1877.00     0.457840
      1878.00     0.455645
      1879.00     0.453449
      1880.00     0.451254
      1881.00     0.448976
      1882.00     0.446698
      1883.00     0.444421
      1884.00     0.442143
      1885.00     0.439776
      1886.00     0.437410
      1887.00     0.435043
      1888.00     0.432676
      1889.00     0.429655
      1890.00     0.426634
      1891.00     0.423614
      1892.00     0.420593
      1893.00     0.417143
      1894.00     0.413693
      1895.00     0.410243
      1896.00     0.406793
      1897.00     0.404196
      1898.00     0.401599
      1899.00     0.399002
      1900.00     0.396405
      1901.00     0.394905
      1902.00     0.393405
      1903.00     0.391905
      1904.00     0.390405
      1905.00     0.391384
      1906.00     0.392364
      1907.00     0.393344
      1908.00     0.394323
      1909.00     0.393344
      1910.00     0.392366
      1911.00     0.391388
      1912.00     0.390409
      1913.00     0.389873
      1914.00     0.389338
      1915.00     0.388802
      1916.00     0.388266
      1917.00     0.388444
      1918.00     0.388623
      1919.00     0.388802
      1920.00     0.388980
      1921.00     0.389293
      1922.00     0.389605
      1923.00     0.389917
      1924.00     0.390230
      1925.00     0.391071
      1926.00     0.391913
      1927.00     0.392754
      1928.00     0.393595
      1929.00     0.393678
      1930.00     0.393760
      1931.00     0.393843
      1932.00     0.393925
      1933.00     0.395316
      1934.00     0.396708
      1935.00     0.398099
      1936.00     0.399490
      1937.00     0.400281
      1938.00     0.401071
      1939.00     0.401862
      1940.00     0.402653
      1941.00     0.403219
      1942.00     0.403785
      1943.00     0.404350
      1944.00     0.404916
      1945.00     0.405650
      1946.00     0.406384
      1947.00     0.407118
      1948.00     0.407852
      1949.00     0.408799
      1950.00     0.409745
      1951.00     0.410692
      1952.00     0.411639
      1953.00     0.411852
      1954.00     0.412066
      1955.00     0.412279
      1956.00     0.412493
      1957.00     0.413603
      1958.00     0.414713
      1959.00     0.415823
      1960.00     0.416933
      1961.00     0.417686
      1962.00     0.418439
      1963.00     0.419193
      1964.00     0.419946
      1965.00     0.420571
      1966.00     0.421196
      1967.00     0.421820
      1968.00     0.422445
      1969.00     0.423571
      1970.00     0.424698
      1971.00     0.425824
      1972.00     0.426950
      1973.00     0.427588
      1974.00     0.428226
      1975.00     0.428864
      1976.00     0.429502
      1977.00     0.430026
      1978.00     0.430551
      1979.00     0.431076
      1980.00     0.431600
      1981.00     0.432018
      1982.00     0.432435
      1983.00     0.432853
      1984.00     0.433270
      1985.00     0.433735
      1986.00     0.434200
      1987.00     0.434666
      1988.00     0.435131
      1989.00     0.435339
      1990.00     0.435547
      1991.00     0.435755
      1992.00     0.435963
      1993.00     0.436788
      1994.00     0.437613
      1995.00     0.438439
      1996.00     0.439264
      1997.00     0.440291
      1998.00     0.441317
      1999.00     0.442344
      2000.00     0.443370
      2001.00     0.443429
      2002.00     0.443487
      2003.00     0.443546
      2004.00     0.443604
      2005.00     0.443860
      2006.00     0.444116
      2007.00     0.444372
      2008.00     0.444628
      2009.00     0.444991
      2010.00     0.445355
      2011.00     0.445718
      2012.00     0.446081
      2013.00     0.445940
      2014.00     0.445799
      2015.00     0.445658
      2016.00     0.445517
      2017.00     0.444870
      2018.00     0.444222
      2019.00     0.443574
      2020.00     0.442927
      2021.00     0.442419
      2022.00     0.441911
      2023.00     0.441404
      2024.00     0.440896
      2025.00     0.441551
      2026.00     0.442205
      2027.00     0.442859
      2028.00     0.443514
      2029.00     0.443412
      2030.00     0.443310
      2031.00     0.443208
      2032.00     0.443106
      2033.00     0.443022
      2034.00     0.442937
      2035.00     0.442852
      2036.00     0.442768
      2037.00     0.442972
      2038.00     0.443177
      2039.00     0.443381
      2040.00     0.443585
      2041.00     0.443781
      2042.00     0.443976
      2043.00     0.444172
      2044.00     0.444368
      2045.00     0.444618
      2046.00     0.444868
      2047.00     0.445117
      2048.00     0.445367
      2049.00     0.445677
      2050.00     0.445988
      2051.00     0.446298
      2052.00     0.446608
      2053.00     0.445810
      2054.00     0.445012
      2055.00     0.444214
      2056.00     0.443416
      2057.00     0.443513
      2058.00     0.443610
      2059.00     0.443708
      2060.00     0.443805
      2061.00     0.444416
      2062.00     0.445026
      2063.00     0.445636
      2064.00     0.446247
      2065.00     0.446606
      2066.00     0.446965
      2067.00     0.447323
      2068.00     0.447682
      2069.00     0.447477
      2070.00     0.447272
      2071.00     0.447068
      2072.00     0.446863
      2073.00     0.446457
      2074.00     0.446051
      2075.00     0.445645
      2076.00     0.445239
      2077.00     0.445193
      2078.00     0.445146
      2079.00     0.445100
      2080.00     0.444862
      2081.00     0.443702
      2082.00     0.444357
      2083.00     0.444328
      2084.00     0.444562
      2085.00     0.444601
      2086.00     0.444723
      2087.00     0.445252
      2088.00     0.445504
      2089.00     0.445929
      2090.00     0.446176
      2091.00     0.445807
      2092.00     0.445653
      2093.00     0.445940
      2094.00     0.445841
      2095.00     0.445462
      2096.00     0.445330
      2097.00     0.445335
      2098.00     0.445525
      2099.00     0.446182
      2100.00     0.446327
      2101.00     0.445764
      2102.00     0.444982
      2103.00     0.444596
      2104.00     0.444788
      2105.00     0.445189
      2106.00     0.445582
      2107.00     0.445905
      2108.00     0.446032
      2109.00     0.445894
      2110.00     0.445797
      2111.00     0.445655
      2112.00     0.445783
      2113.00     0.445968
      2114.00     0.446150
      2115.00     0.446328
      2116.00     0.446607
      2117.00     0.446624
      2118.00     0.446488
      2119.00     0.446403
      2120.00     0.446045
      2121.00     0.445846
      2122.00     0.445891
      2123.00     0.446264
      2124.00     0.446284
      2125.00     0.446286
      2126.00     0.446347
      2127.00     0.446440
      2128.00     0.446629
      2129.00     0.446390
      2130.00     0.446261
      2131.00     0.446090
      2132.00     0.445775
      2133.00     0.445480
      2134.00     0.445301
      2135.00     0.444904
      2136.00     0.444496
      2137.00     0.444733
      2138.00     0.444976
      2139.00     0.445246
      2140.00     0.445721
      2141.00     0.445772
      2142.00     0.445194
      2143.00     0.444715
      2144.00     0.444259
      2145.00     0.443416
      2146.00     0.442891
      2147.00     0.442683
      2148.00     0.442090
      2149.00     0.441493
      2150.00     0.441386
      2151.00     0.441550
      2152.00     0.441692
      2153.00     0.441835
      2154.00     0.441870
      2155.00     0.441052
      2156.00     0.440092
      2157.00     0.439550
      2158.00     0.439009
      2159.00     0.438590
      2160.00     0.438261
      2161.00     0.437888
      2162.00     0.437488
      2163.00     0.437324
      2164.00     0.437322
      2165.00     0.437158
      2166.00     0.436847
      2167.00     0.436389
      2168.00     0.436031
      2169.00     0.435997
      2170.00     0.436227
      2171.00     0.436264
      2172.00     0.436017
      2173.00     0.435625
      2174.00     0.435147
      2175.00     0.434879
      2176.00     0.434677
      2177.00     0.434268
      2178.00     0.433791
      2179.00     0.433187
      2180.00     0.432595
      2181.00     0.432234
      2182.00     0.432216
      2183.00     0.432230
      2184.00     0.431874
      2185.00     0.431349
      2186.00     0.430819
      2187.00     0.430146
      2188.00     0.429400
      2189.00     0.428982
      2190.00     0.428803
      2191.00     0.428485
      2192.00     0.427959
      2193.00     0.427471
      2194.00     0.426744
      2195.00     0.425805
      2196.00     0.425029
      2197.00     0.424569
      2198.00     0.424019
      2199.00     0.423155
      2200.00     0.422109
      2201.00     0.421084
      2202.00     0.420149
      2203.00     0.419162
      2204.00     0.418313
      2205.00     0.417535
      2206.00     0.416836
      2207.00     0.416441
      2208.00     0.416531
      2209.00     0.417095
      2210.00     0.417872
      2211.00     0.419093
      2212.00     0.420429
      2213.00     0.421833
      2214.00     0.423436
      2215.00     0.425084
      2216.00     0.426355
      2217.00     0.427224
      2218.00     0.427959
      2219.00     0.428656
      2220.00     0.429058
      2221.00     0.429463
      2222.00     0.429933
      2223.00     0.430452
      2224.00     0.430930
      2225.00     0.431304
      2226.00     0.431640
      2227.00     0.431814
      2228.00     0.431827
      2229.00     0.431955
      2230.00     0.432223
      2231.00     0.432428
      2232.00     0.432470
      2233.00     0.432553
      2234.00     0.432751
      2235.00     0.432982
      2236.00     0.433219
      2237.00     0.433473
      2238.00     0.433651
      2239.00     0.433646
      2240.00     0.433602
      2241.00     0.433627
      2242.00     0.433687
      2243.00     0.433852
      2244.00     0.434044
      2245.00     0.434322
      2246.00     0.434584
      2247.00     0.434583
      2248.00     0.434499
      2249.00     0.434223
      2250.00     0.433791
      2251.00     0.433462
      2252.00     0.433411
      2253.00     0.433699
      2254.00     0.433933
      2255.00     0.434193
      2256.00     0.434830
      2257.00     0.435233
      2258.00     0.435265
      2259.00     0.435024
      2260.00     0.434765
      2261.00     0.434519
      2262.00     0.434261
      2263.00     0.434244
      2264.00     0.434384
      2265.00     0.434725
      2266.00     0.434930
      2267.00     0.434793
      2268.00     0.434660
      2269.00     0.434572
      2270.00     0.434414
      2271.00     0.434316
      2272.00     0.434453
      2273.00     0.434785
      2274.00     0.434829
      2275.00     0.434718
      2276.00     0.434729
      2277.00     0.434628
      2278.00     0.434349
      2279.00     0.434012
      2280.00     0.433762
      2281.00     0.433603
      2282.00     0.433477
      2283.00     0.433446
      2284.00     0.433481
      2285.00     0.433444
      2286.00     0.433360
      2287.00     0.433078
      2288.00     0.432763
      2289.00     0.432592
      2290.00     0.432527
      2291.00     0.432278
      2292.00     0.431855
      2293.00     0.431443
      2294.00     0.431171
      2295.00     0.430954
      2296.00     0.430791
      2297.00     0.430730
      2298.00     0.430750
      2299.00     0.430639
      2300.00     0.430322
      2301.00     0.429909
      2302.00     0.429760
      2303.00     0.429767
      2304.00     0.429748
      2305.00     0.429547
      2306.00     0.429161
      2307.00     0.428768
      2308.00     0.428410
      2309.00     0.427916
      2310.00     0.427738
      2311.00     0.427940
      2312.00     0.428097
      2313.00     0.427925
      2314.00     0.427680
      2315.00     0.427460
      2316.00     0.427207
      2317.00     0.426926
      2318.00     0.426811
      2319.00     0.426977
      2320.00     0.427127
      2321.00     0.427051
      2322.00     0.426862
      2323.00     0.426644
      2324.00     0.426308
      2325.00     0.426006
      2326.00     0.425842
      2327.00     0.425632
      2328.00     0.425319
      2329.00     0.425028
      2330.00     0.424917
      2331.00     0.424690
      2332.00     0.424239
      2333.00     0.423963
      2334.00     0.423970
      2335.00     0.423999
      2336.00     0.423952
      2337.00     0.423939
      2338.00     0.423911
      2339.00     0.423477
      2340.00     0.422649
      2341.00     0.421804
      2342.00     0.421166
      2343.00     0.420770
      2344.00     0.420694
      2345.00     0.420902
      2346.00     0.421204
      2347.00     0.421398
      2348.00     0.421283
      2349.00     0.420917
      2350.00     0.420244
      2351.00     0.419616
      2352.00     0.419186
      2353.00     0.418967
      2354.00     0.419014
      2355.00     0.419338
      2356.00     0.419856
      2357.00     0.420206
      2358.00     0.420267
      2359.00     0.420182
      2360.00     0.420126
      2361.00     0.420178
      2362.00     0.420213
      2363.00     0.420241
      2364.00     0.420316
      2365.00     0.420338
      2366.00     0.420166
      2367.00     0.419922
      2368.00     0.419656
      2369.00     0.419492
      2370.00     0.419365
      2371.00     0.419192
      2372.00     0.418922
      2373.00     0.418594
      2374.00     0.418345
      2375.00     0.418213
      2376.00     0.417978
      2377.00     0.417702
      2378.00     0.417364
      2379.00     0.417005
      2380.00     0.416692
      2381.00     0.416237
      2382.00     0.415861
      2383.00     0.415647
      2384.00     0.415498
      2385.00     0.415334
      2386.00     0.415151
      2387.00     0.414961
      2388.00     0.414878
      2389.00     0.414873
      2390.00     0.414778
      2391.00     0.414741
      2392.00     0.414752
      2393.00     0.414939
      2394.00     0.415161
      2395.00     0.415268
      2396.00     0.415269
      2397.00     0.415246
      2398.00     0.415195
      2399.00     0.415010
      2400.00     0.414790
      2401.00     0.414667
      2402.00     0.414704
      2403.00     0.414710
      2404.00     0.414534
      2405.00     0.414225
      2406.00     0.413895
      2407.00     0.413542
      2408.00     0.413047
      2409.00     0.412706
      2410.00     0.412573
      2411.00     0.412464
      2412.00     0.412336
      2413.00     0.412156
      2414.00     0.411907
      2415.00     0.411536
      2416.00     0.411009
      2417.00     0.410432
      2418.00     0.410060
      2419.00     0.409775
      2420.00     0.409222
      2421.00     0.408677
      2422.00     0.408233
      2423.00     0.407893
      2424.00     0.407563
      2425.00     0.407156
      2426.00     0.406668
      2427.00     0.406387
      2428.00     0.406129
      2429.00     0.405563
      2430.00     0.404922
      2431.00     0.404311
      2432.00     0.403812
      2433.00     0.403483
      2434.00     0.403246
      2435.00     0.402892
      2436.00     0.402529
      2437.00     0.402130
      2438.00     0.401711
      2439.00     0.401137
      2440.00     0.400371
      2441.00     0.399559
      2442.00     0.398834
      2443.00     0.398377
      2444.00     0.397989
      2445.00     0.397732
      2446.00     0.397525
      2447.00     0.397376
      2448.00     0.397270
      2449.00     0.397149
      2450.00     0.397006
      2451.00     0.396736
      2452.00     0.396453
      2453.00     0.396209
      2454.00     0.395955
      2455.00     0.395571
      2456.00     0.395001
      2457.00     0.394317
      2458.00     0.393852
      2459.00     0.393538
      2460.00     0.393259
      2461.00     0.393069
      2462.00     0.392967
      2463.00     0.392886
      2464.00     0.392689
      2465.00     0.392235
      2466.00     0.391703
      2467.00     0.391227
      2468.00     0.390848
      2469.00     0.390548
      2470.00     0.390271
      2471.00     0.390032
      2472.00     0.389879
      2473.00     0.389735
      2474.00     0.389484
      2475.00     0.389120
      2476.00     0.388698
      2477.00     0.388233
      2478.00     0.387787
      2479.00     0.387228
      2480.00     0.386656
      2481.00     0.386182
      2482.00     0.385912
      2483.00     0.385808
      2484.00     0.385741
      2485.00     0.385699
      2486.00     0.385551
      2487.00     0.385329
      2488.00     0.385034
      2489.00     0.384646
      2490.00     0.384131
      2491.00     0.383733
      2492.00     0.383524
      2493.00     0.383444
      2494.00     0.383449
      2495.00     0.383477
      2496.00     0.383413
      2497.00     0.383192
      2498.00     0.382963
      2499.00     0.382742
      2500.00     0.382519
