      400.000     0.143928
      401.000     0.147918
      402.000     0.147352
      403.000     0.149565
      404.000     0.149191
      405.000     0.150582
      406.000     0.151845
      407.000     0.154366
      408.000     0.155556
      409.000     0.155421
      410.000     0.156469
      411.000     0.159802
      412.000     0.161119
      413.000     0.162854
      414.000     0.164171
      415.000     0.164478
      416.000     0.167829
      417.000     0.171004
      418.000     0.171004
      419.000     0.171694
      420.000     0.173708
      421.000     0.176561
      422.000     0.179787
      423.000     0.178088
      424.000     0.182016
      425.000     0.183996
      426.000     0.186887
      427.000     0.187917
      428.000     0.189265
      429.000     0.189965
      430.000     0.191582
      431.000     0.196381
      432.000     0.198602
      433.000     0.195339
      434.000     0.202324
      435.000     0.202543
      436.000     0.203970
      437.000     0.205622
      438.000     0.210583
      439.000     0.209540
      440.000     0.214080
      441.000     0.216954
      442.000     0.218597
      443.000     0.219659
      444.000     0.220594
      445.000     0.223603
      446.000     0.223349
      447.000     0.224270
      448.000     0.227518
      449.000     0.231861
      450.000     0.231183
      451.000     0.233810
      452.000     0.237312
      453.000     0.236349
      454.000     0.236624
      455.000     0.236761
      456.000     0.236642
      457.000     0.242162
      458.000     0.241605
      459.000     0.238033
      460.000     0.240956
      461.000     0.245445
      462.000     0.242996
      463.000     0.247919
      464.000     0.246757
      465.000     0.247172
      466.000     0.247023
      467.000     0.247880
      468.000     0.249579
      469.000     0.250845
      470.000     0.252106
      471.000     0.253823
      472.000     0.256128
      473.000     0.253952
      474.000     0.256963
      475.000     0.256128
      476.000     0.257121
      477.000     0.261031
      478.000     0.259257
      479.000     0.262171
      480.000     0.257480
      481.000     0.259735
      482.000     0.264774
      483.000     0.265911
      484.000     0.267900
      485.000     0.267352
      486.000     0.268315
      487.000     0.267517
      488.000     0.270156
      489.000     0.269653
      490.000     0.272236
      491.000     0.273358
      492.000     0.275676
      493.000     0.280087
      494.000     0.281914
      495.000     0.280685
      496.000     0.281804
      497.000     0.283681
      498.000     0.284595
      499.000     0.285889
      500.000     0.289200
      501.000     0.292178
      502.000     0.291245
      503.000     0.292539
      504.000     0.294205
      505.000     0.294758
      506.000     0.296592
      507.000     0.299711
      508.000     0.304326
      509.000     0.304187
      510.000     0.305098
      511.000     0.304145
      512.000     0.308315
      513.000     0.309686
      514.000     0.312641
      515.000     0.313143
      516.000     0.311606
      517.000     0.313642
      518.000     0.314627
      519.000     0.318290
      520.000     0.320461
      521.000     0.325542
      522.000     0.326216
      523.000     0.326682
      524.000     0.327556
      525.000     0.334907
      526.000     0.332479
      527.000     0.336114
      528.000     0.338253
      529.000     0.338897
      530.000     0.340383
      531.000     0.347083
      532.000     0.348544
      533.000     0.348764
      534.000     0.349363
      535.000     0.349582
      536.000     0.355669
      537.000     0.359918
      538.000     0.355385
      539.000     0.354716
      540.000     0.358567
      541.000     0.363606
      542.000     0.360607
      543.000     0.361884
      544.000     0.367237
      545.000     0.370254
      546.000     0.370955
      547.000     0.371064
      548.000     0.375857
      549.000     0.376671
      550.000     0.379248
      551.000     0.380238
      552.000     0.381127
      553.000     0.383989
      554.000     0.384781
      555.000     0.385093
      556.000     0.385165
      557.000     0.388888
      558.000     0.387077
      559.000     0.392955
      560.000     0.405245
      561.000     0.407970
      562.000     0.408096
      563.000     0.410281
      564.000     0.410260
      565.000     0.407553
      566.000     0.408577
      567.000     0.408835
      568.000     0.413042
      569.000     0.413042
      570.000     0.417196
      571.000     0.417996
      572.000     0.418688
      573.000     0.421428
      574.000     0.423945
      575.000     0.425882
      576.000     0.426997
      577.000     0.427556
      578.000     0.430366
      579.000     0.428604
      580.000     0.429088
      581.000     0.431174
      582.000     0.429650
      583.000     0.432020
      584.000     0.437350
      585.000     0.436958
      586.000     0.436568
      587.000     0.442312
      588.000     0.441073
      589.000     0.437141
      590.000     0.441483
      591.000     0.441073
      592.000     0.444205
      593.000     0.450740
      594.000     0.448803
      595.000     0.445260
      596.000     0.441183
      597.000     0.442550
      598.000     0.445307
      599.000     0.442837
      600.000     0.442025
      601.000     0.440212
      602.000     0.440101
      603.000     0.442002
      604.000     0.443728
      605.000     0.444244
      606.000     0.445955
      607.000     0.443764
      608.000     0.444760
      609.000     0.446385
      610.000     0.444201
      611.000     0.443365
      612.000     0.446103
      613.000     0.448793
      614.000     0.448008
      615.000     0.447010
      616.000     0.448859
      617.000     0.449713
      618.000     0.452722
      619.000     0.454301
      620.000     0.453588
      621.000     0.452874
      622.000     0.452007
      623.000     0.450427
      624.000     0.451214
      625.000     0.450849
      626.000     0.451417
      627.000     0.453703
      628.000     0.451267
      629.000     0.452691
      630.000     0.452571
      631.000     0.448302
      632.000     0.446747
      633.000     0.448020
      634.000     0.450706
      635.000     0.451417
      636.000     0.454254
      637.000     0.452112
      638.000     0.453815
      639.000     0.458372
      640.000     0.460112
      641.000     0.462272
      642.000     0.459359
      643.000     0.461508
      644.000     0.461394
      645.000     0.462091
      646.000     0.460520
      647.000     0.462091
      648.000     0.456102
      649.000     0.457917
      650.000     0.460056
      651.000     0.461217
      652.000     0.465240
      653.000     0.466034
      654.000     0.465741
      655.000     0.468397
      656.000     0.463702
      657.000     0.468203
      658.000     0.471384
      659.000     0.467267
      660.000     0.465799
      661.000     0.469180
      662.000     0.466236
      663.000     0.466921
      664.000     0.462262
      665.000     0.466819
      666.000     0.471122
      667.000     0.471712
      668.000     0.473879
      669.000     0.472303
      670.000     0.469068
      671.000     0.471513
      672.000     0.475159
      673.000     0.474861
      674.000     0.473377
      675.000     0.476626
      676.000     0.471902
      677.000     0.471021
      678.000     0.474148
      679.000     0.476224
      680.000     0.482516
      681.000     0.481341
      682.000     0.480807
      683.000     0.479675
      684.000     0.479526
      685.000     0.477147
      686.000     0.478631
      687.000     0.480124
      688.000     0.478929
      689.000     0.476769
      690.000     0.479227
      691.000     0.479825
      692.000     0.484911
      693.000     0.482694
      694.000     0.485819
      695.000     0.487954
      696.000     0.485213
      697.000     0.486369
      698.000     0.489747
      699.000     0.501950
      700.000     0.487587
      701.000     0.490331
      702.000     0.489682
      703.000     0.489082
      704.000     0.489368
      705.000     0.487876
      706.000     0.490078
      707.000     0.492870
      708.000     0.491068
      709.000     0.491068
      710.000     0.491710
      711.000     0.490172
      712.000     0.493852
      713.000     0.495095
      714.000     0.494492
      715.000     0.492950
      716.000     0.492309
      717.000     0.498215
      718.000     0.499432
      719.000     0.502534
      720.000     0.500676
      721.000     0.498218
      722.000     0.498854
      723.000     0.497645
      724.000     0.496108
      725.000     0.496443
      726.000     0.496762
      727.000     0.500455
      728.000     0.501669
      729.000     0.502277
      730.000     0.504738
      731.000     0.505681
      732.000     0.501986
      733.000     0.503204
      734.000     0.502633
      735.000     0.504152
      736.000     0.505375
      737.000     0.507535
      738.000     0.509383
      739.000     0.506306
      740.000     0.509088
      741.000     0.505999
      742.000     0.508784
      743.000     0.506946
      744.000     0.509403
      745.000     0.507572
      746.000     0.509411
      747.000     0.510022
      748.000     0.504261
      749.000     0.505165
      750.000     0.509436
      751.000     0.510328
      752.000     0.510942
      753.000     0.509106
      754.000     0.508521
      755.000     0.514970
      756.000     0.515279
      757.000     0.513734
      758.000     0.510689
      759.000     0.510666
      760.000     0.510669
      761.000     0.510365
      762.000     0.512502
      763.000     0.513115
      764.000     0.520183
      765.000     0.516800
      766.000     0.514065
      767.000     0.513758
      768.000     0.512498
      769.000     0.515863
      770.000     0.519566
      771.000     0.518027
      772.000     0.518944
      773.000     0.517098
      774.000     0.520131
      775.000     0.517717
      776.000     0.515546
      777.000     0.514060
      778.000     0.512845
      779.000     0.510728
      780.000     0.515537
      781.000     0.523822
      782.000     0.519230
      783.000     0.517696
      784.000     0.518949
      785.000     0.522658
      786.000     0.522636
      787.000     0.522948
      788.000     0.519861
      789.000     0.518013
      790.000     0.515266
      791.000     0.513149
      792.000     0.519244
      793.000     0.522013
      794.000     0.516881
      795.000     0.518936
      796.000     0.518936
      797.000     0.517493
      798.000     0.520263
      799.000     0.520237
      800.000     0.515365
      801.000     0.514480
      802.000     0.513596
      803.000     0.512712
      804.000     0.511827
      805.000     0.511899
      806.000     0.511971
      807.000     0.512043
      808.000     0.512115
      809.000     0.512183
      810.000     0.512252
      811.000     0.512321
      812.000     0.512389
      813.000     0.512824
      814.000     0.513258
      815.000     0.513692
      816.000     0.514127
      817.000     0.513279
      818.000     0.512432
      819.000     0.511585
      820.000     0.510737
      821.000     0.510358
      822.000     0.509979
      823.000     0.509599
      824.000     0.509220
      825.000     0.509240
      826.000     0.509261
      827.000     0.509281
      828.000     0.509301
      829.000     0.508923
      830.000     0.508545
      831.000     0.508167
      832.000     0.507789
      833.000     0.508363
      834.000     0.508936
      835.000     0.509510
      836.000     0.510083
      837.000     0.509061
      838.000     0.508039
      839.000     0.507017
      840.000     0.505995
      841.000     0.507107
      842.000     0.508219
      843.000     0.509330
      844.000     0.510442
      845.000     0.509259
      846.000     0.508076
      847.000     0.506894
      848.000     0.505711
      849.000     0.505946
      850.000     0.506181
      851.000     0.506415
      852.000     0.506650
      853.000     0.505483
      854.000     0.504316
      855.000     0.503149
      856.000     0.501982
      857.000     0.502147
      858.000     0.502312
      859.000     0.502477
      860.000     0.502642
      861.000     0.501803
      862.000     0.500965
      863.000     0.500126
      864.000     0.499288
      865.000     0.499624
      866.000     0.499959
      867.000     0.500295
      868.000     0.500630
      869.000     0.500355
      870.000     0.500080
      871.000     0.499806
      872.000     0.499531
      873.000     0.499694
      874.000     0.499858
      875.000     0.500022
      876.000     0.500185
      877.000     0.499639
      878.000     0.499093
      879.000     0.498546
      880.000     0.498000
      881.000     0.497633
      882.000     0.497266
      883.000     0.496899
      884.000     0.496532
      885.000     0.496425
      886.000     0.496318
      887.000     0.496210
      888.000     0.496103
      889.000     0.495711
      890.000     0.495318
      891.000     0.494926
      892.000     0.494534
      893.000     0.494484
      894.000     0.494435
      895.000     0.494386
      896.000     0.494336
      897.000     0.494215
      898.000     0.494094
      899.000     0.493973
      900.000     0.493852
      901.000     0.494044
      902.000     0.494236
      903.000     0.494427
      904.000     0.494619
      905.000     0.495114
      906.000     0.495609
      907.000     0.496104
      908.000     0.496599
      909.000     0.496133
      910.000     0.495667
      911.000     0.495201
      912.000     0.494735
      913.000     0.494375
      914.000     0.494015
      915.000     0.493654
      916.000     0.493294
      917.000     0.493228
      918.000     0.493161
      919.000     0.493095
      920.000     0.493029
      921.000     0.493205
      922.000     0.493382
      923.000     0.493559
      924.000     0.493735
      925.000     0.493816
      926.000     0.493896
      927.000     0.493977
      928.000     0.494057
      929.000     0.494483
      930.000     0.494908
      931.000     0.495333
      932.000     0.495759
      933.000     0.495547
      934.000     0.495335
      935.000     0.495122
      936.000     0.494910
      937.000     0.495336
      938.000     0.495762
      939.000     0.496189
      940.000     0.496615
      941.000     0.496284
      942.000     0.495953
      943.000     0.495622
      944.000     0.495291
      945.000     0.495622
      946.000     0.495953
      947.000     0.496284
      948.000     0.496615
      949.000     0.497230
      950.000     0.497846
      951.000     0.498461
      952.000     0.499076
      953.000     0.499730
      954.000     0.500383
      955.000     0.501036
      956.000     0.501690
      957.000     0.501489
      958.000     0.501289
      959.000     0.501089
      960.000     0.500888
      961.000     0.500119
      962.000     0.499350
      963.000     0.498582
      964.000     0.497813
      965.000     0.497681
      966.000     0.497549
      967.000     0.497417
      968.000     0.497285
      969.000     0.498189
      970.000     0.499093
      971.000     0.499996
      972.000     0.500900
      973.000     0.500635
      974.000     0.500371
      975.000     0.500106
      976.000     0.499841
      977.000     0.500000
      978.000     0.500159
      979.000     0.500318
      980.000     0.500477
      981.000     0.501059
      982.000     0.501640
      983.000     0.502222
      984.000     0.502803
      985.000     0.502920
      986.000     0.503036
      987.000     0.503152
      988.000     0.503269
      989.000     0.503538
      990.000     0.503807
      991.000     0.504076
      992.000     0.504345
      993.000     0.504408
      994.000     0.504470
      995.000     0.504533
      996.000     0.504596
      997.000     0.504264
      998.000     0.503932
      999.000     0.503601
      1000.00     0.503269
      1001.00     0.503958
      1002.00     0.504647
      1003.00     0.505336
      1004.00     0.506025
      1005.00     0.506539
      1006.00     0.507054
      1007.00     0.507568
      1008.00     0.508082
      1009.00     0.507725
      1010.00     0.507367
      1011.00     0.507010
      1012.00     0.506653
      1013.00     0.506676
      1014.00     0.506699
      1015.00     0.506722
      1016.00     0.506745
      1017.00     0.507123
      1018.00     0.507502
      1019.00     0.507881
      1020.00     0.508259
      1021.00     0.508682
      1022.00     0.509106
      1023.00     0.509529
      1024.00     0.509952
      1025.00     0.509439
      1026.00     0.508927
      1027.00     0.508415
      1028.00     0.507902
      1029.00     0.508452
      1030.00     0.509002
      1031.00     0.509552
      1032.00     0.510102
      1033.00     0.509771
      1034.00     0.509440
      1035.00     0.509108
      1036.00     0.508777
      1037.00     0.508713
      1038.00     0.508649
      1039.00     0.508585
      1040.00     0.508521
      1041.00     0.510940
      1042.00     0.513360
      1043.00     0.515779
      1044.00     0.518198
      1045.00     0.517652
      1046.00     0.517106
      1047.00     0.516560
      1048.00     0.516014
      1049.00     0.514540
      1050.00     0.513067
      1051.00     0.511594
      1052.00     0.510120
      1053.00     0.509875
      1054.00     0.509629
      1055.00     0.509383
      1056.00     0.509138
      1057.00     0.509573
      1058.00     0.510008
      1059.00     0.510443
      1060.00     0.510878
      1061.00     0.510897
      1062.00     0.510917
      1063.00     0.510936
      1064.00     0.510956
      1065.00     0.510038
      1066.00     0.509120
      1067.00     0.508202
      1068.00     0.507284
      1069.00     0.507856
      1070.00     0.508428
      1071.00     0.508999
      1072.00     0.509571
      1073.00     0.509453
      1074.00     0.509336
      1075.00     0.509218
      1076.00     0.509100
      1077.00     0.508296
      1078.00     0.507493
      1079.00     0.506690
      1080.00     0.505886
      1081.00     0.506894
      1082.00     0.507902
      1083.00     0.508910
      1084.00     0.509918
      1085.00     0.510250
      1086.00     0.510582
      1087.00     0.510914
      1088.00     0.511246
      1089.00     0.512087
      1090.00     0.512927
      1091.00     0.513767
      1092.00     0.514608
      1093.00     0.514735
      1094.00     0.514862
      1095.00     0.514989
      1096.00     0.515116
      1097.00     0.515419
      1098.00     0.515721
      1099.00     0.516024
      1100.00     0.516327
      1101.00     0.515457
      1102.00     0.514588
      1103.00     0.513718
      1104.00     0.512848
      1105.00     0.513016
      1106.00     0.513185
      1107.00     0.513353
      1108.00     0.513521
      1109.00     0.513737
      1110.00     0.513954
      1111.00     0.514170
      1112.00     0.514386
      1113.00     0.515069
      1114.00     0.515753
      1115.00     0.516437
      1116.00     0.517120
      1117.00     0.516620
      1118.00     0.516119
      1119.00     0.515619
      1120.00     0.515118
      1121.00     0.515536
      1122.00     0.515954
      1123.00     0.516371
      1124.00     0.516789
      1125.00     0.517125
      1126.00     0.517461
      1127.00     0.517797
      1128.00     0.518133
      1129.00     0.517612
      1130.00     0.517092
      1131.00     0.516571
      1132.00     0.516050
      1133.00     0.517452
      1134.00     0.518853
      1135.00     0.520255
      1136.00     0.521657
      1137.00     0.521576
      1138.00     0.521495
      1139.00     0.521414
      1140.00     0.521333
      1141.00     0.518578
      1142.00     0.515823
      1143.00     0.513069
      1144.00     0.510314
      1145.00     0.512188
      1146.00     0.514062
      1147.00     0.515936
      1148.00     0.517810
      1149.00     0.518216
      1150.00     0.518622
      1151.00     0.519028
      1152.00     0.519434
      1153.00     0.520101
      1154.00     0.520767
      1155.00     0.521433
      1156.00     0.522100
      1157.00     0.521990
      1158.00     0.521880
      1159.00     0.521770
      1160.00     0.521660
      1161.00     0.521852
      1162.00     0.522045
      1163.00     0.522237
      1164.00     0.522429
      1165.00     0.522882
      1166.00     0.523335
      1167.00     0.523787
      1168.00     0.524240
      1169.00     0.524317
      1170.00     0.524394
      1171.00     0.524471
      1172.00     0.524548
      1173.00     0.524748
      1174.00     0.524948
      1175.00     0.525149
      1176.00     0.525349
      1177.00     0.525483
      1178.00     0.525617
      1179.00     0.525751
      1180.00     0.525885
      1181.00     0.526884
      1182.00     0.527884
      1183.00     0.528884
      1184.00     0.529883
      1185.00     0.529395
      1186.00     0.528906
      1187.00     0.528418
      1188.00     0.527929
      1189.00     0.528268
      1190.00     0.528607
      1191.00     0.528945
      1192.00     0.529284
      1193.00     0.529979
      1194.00     0.530673
      1195.00     0.531367
      1196.00     0.532062
      1197.00     0.532130
      1198.00     0.532199
      1199.00     0.532267
      1200.00     0.532335
      1201.00     0.532470
      1202.00     0.532604
      1203.00     0.532739
      1204.00     0.532873
      1205.00     0.531900
      1206.00     0.530928
      1207.00     0.529956
      1208.00     0.528983
      1209.00     0.529889
      1210.00     0.530796
      1211.00     0.531703
      1212.00     0.532609
      1213.00     0.533513
      1214.00     0.534417
      1215.00     0.535321
      1216.00     0.536225
      1217.00     0.536439
      1218.00     0.536653
      1219.00     0.536867
      1220.00     0.537081
      1221.00     0.537502
      1222.00     0.537922
      1223.00     0.538342
      1224.00     0.538763
      1225.00     0.540156
      1226.00     0.541549
      1227.00     0.542942
      1228.00     0.544335
      1229.00     0.545043
      1230.00     0.545750
      1231.00     0.546458
      1232.00     0.547166
      1233.00     0.546601
      1234.00     0.546037
      1235.00     0.545473
      1236.00     0.544908
      1237.00     0.545608
      1238.00     0.546307
      1239.00     0.547006
      1240.00     0.547706
      1241.00     0.547564
      1242.00     0.547422
      1243.00     0.547280
      1244.00     0.547138
      1245.00     0.546785
      1246.00     0.546431
      1247.00     0.546078
      1248.00     0.545725
      1249.00     0.546001
      1250.00     0.546277
      1251.00     0.546552
      1252.00     0.546828
      1253.00     0.547103
      1254.00     0.547378
      1255.00     0.547652
      1256.00     0.547927
      1257.00     0.548064
      1258.00     0.548200
      1259.00     0.548337
      1260.00     0.548474
      1261.00     0.549527
      1262.00     0.550580
      1263.00     0.551633
      1264.00     0.552686
      1265.00     0.554215
      1266.00     0.555744
      1267.00     0.557274
      1268.00     0.558803
      1269.00     0.559218
      1270.00     0.559633
      1271.00     0.560049
      1272.00     0.560464
      1273.00     0.560409
      1274.00     0.560354
      1275.00     0.560299
      1276.00     0.560244
      1277.00     0.560593
      1278.00     0.560941
      1279.00     0.561290
      1280.00     0.561639
      1281.00     0.561735
      1282.00     0.561831
      1283.00     0.561928
      1284.00     0.562024
      1285.00     0.561785
      1286.00     0.561547
      1287.00     0.561308
      1288.00     0.561069
      1289.00     0.561449
      1290.00     0.561828
      1291.00     0.562208
      1292.00     0.562587
      1293.00     0.562433
      1294.00     0.562278
      1295.00     0.562123
      1296.00     0.561969
      1297.00     0.561803
      1298.00     0.561638
      1299.00     0.561473
      1300.00     0.561307
      1301.00     0.561436
      1302.00     0.561566
      1303.00     0.561695
      1304.00     0.561824
      1305.00     0.562116
      1306.00     0.562407
      1307.00     0.562699
      1308.00     0.562991
      1309.00     0.562978
      1310.00     0.562964
      1311.00     0.562951
      1312.00     0.562938
      1313.00     0.562304
      1314.00     0.561671
      1315.00     0.561037
      1316.00     0.560404
      1317.00     0.559838
      1318.00     0.559272
      1319.00     0.558705
      1320.00     0.558139
      1321.00     0.558060
      1322.00     0.557981
      1323.00     0.557903
      1324.00     0.557824
      1325.00     0.558181
      1326.00     0.558538
      1327.00     0.558896
      1328.00     0.559253
      1329.00     0.560000
      1330.00     0.560746
      1331.00     0.561493
      1332.00     0.562240
      1333.00     0.563046
      1334.00     0.563852
      1335.00     0.564658
      1336.00     0.565464
      1337.00     0.565648
      1338.00     0.565831
      1339.00     0.566015
      1340.00     0.566199
      1341.00     0.566311
      1342.00     0.566423
      1343.00     0.566535
      1344.00     0.566647
      1345.00     0.567426
      1346.00     0.568205
      1347.00     0.568984
      1348.00     0.569763
      1349.00     0.568773
      1350.00     0.567783
      1351.00     0.566794
      1352.00     0.565804
      1353.00     0.565889
      1354.00     0.565974
      1355.00     0.566060
      1356.00     0.566145
      1357.00     0.566707
      1358.00     0.567270
      1359.00     0.567832
      1360.00     0.568394
      1361.00     0.568926
      1362.00     0.569458
      1363.00     0.569991
      1364.00     0.570523
      1365.00     0.569237
      1366.00     0.567950
      1367.00     0.566664
      1368.00     0.565377
      1369.00     0.564088
      1370.00     0.562798
      1371.00     0.561508
      1372.00     0.560219
      1373.00     0.559017
      1374.00     0.557815
      1375.00     0.556613
      1376.00     0.555411
      1377.00     0.555155
      1378.00     0.554899
      1379.00     0.554642
      1380.00     0.554386
      1381.00     0.552981
      1382.00     0.551576
      1383.00     0.550172
      1384.00     0.548767
      1385.00     0.546730
      1386.00     0.544694
      1387.00     0.542657
      1388.00     0.540620
      1389.00     0.538222
      1390.00     0.535825
      1391.00     0.533427
      1392.00     0.531029
      1393.00     0.528858
      1394.00     0.526688
      1395.00     0.524517
      1396.00     0.522347
      1397.00     0.520671
      1398.00     0.518994
      1399.00     0.517318
      1400.00     0.515642
      1401.00     0.513319
      1402.00     0.510996
      1403.00     0.508672
      1404.00     0.506349
      1405.00     0.504790
      1406.00     0.503230
      1407.00     0.501671
      1408.00     0.500112
      1409.00     0.500150
      1410.00     0.500188
      1411.00     0.500227
      1412.00     0.500265
      1413.00     0.501354
      1414.00     0.502443
      1415.00     0.503533
      1416.00     0.504622
      1417.00     0.506164
      1418.00     0.507706
      1419.00     0.509248
      1420.00     0.510790
      1421.00     0.513020
      1422.00     0.515249
      1423.00     0.517478
      1424.00     0.519708
      1425.00     0.521379
      1426.00     0.523049
      1427.00     0.524719
      1428.00     0.526390
      1429.00     0.527263
      1430.00     0.528136
      1431.00     0.529010
      1432.00     0.529883
      1433.00     0.531161
      1434.00     0.532439
      1435.00     0.533716
      1436.00     0.534994
      1437.00     0.536004
      1438.00     0.537014
      1439.00     0.538025
      1440.00     0.539035
      1441.00     0.539973
      1442.00     0.540910
      1443.00     0.541847
      1444.00     0.542785
      1445.00     0.542996
      1446.00     0.543206
      1447.00     0.543417
      1448.00     0.543628
      1449.00     0.544003
      1450.00     0.544379
      1451.00     0.544754
      1452.00     0.545129
      1453.00     0.546599
      1454.00     0.548069
      1455.00     0.549538
      1456.00     0.551008
      1457.00     0.551927
      1458.00     0.552846
      1459.00     0.553765
      1460.00     0.554684
      1461.00     0.555435
      1462.00     0.556186
      1463.00     0.556937
      1464.00     0.557688
      1465.00     0.558082
      1466.00     0.558476
      1467.00     0.558871
      1468.00     0.559265
      1469.00     0.560598
      1470.00     0.561931
      1471.00     0.563265
      1472.00     0.564598
      1473.00     0.565824
      1474.00     0.567051
      1475.00     0.568277
      1476.00     0.569503
      1477.00     0.569699
      1478.00     0.569894
      1479.00     0.570090
      1480.00     0.570286
      1481.00     0.570410
      1482.00     0.570534
      1483.00     0.570659
      1484.00     0.570783
      1485.00     0.571694
      1486.00     0.572606
      1487.00     0.573518
      1488.00     0.574429
      1489.00     0.574502
      1490.00     0.574575
      1491.00     0.574647
      1492.00     0.574720
      1493.00     0.575226
      1494.00     0.575731
      1495.00     0.576236
      1496.00     0.576742
      1497.00     0.578281
      1498.00     0.579820
      1499.00     0.581358
      1500.00     0.582897
      1501.00     0.582832
      1502.00     0.582767
      1503.00     0.582702
      1504.00     0.582637
      1505.00     0.582590
      1506.00     0.582543
      1507.00     0.582495
      1508.00     0.582448
      1509.00     0.583543
      1510.00     0.584638
      1511.00     0.585732
      1512.00     0.586827
      1513.00     0.587118
      1514.00     0.587409
      1515.00     0.587700
      1516.00     0.587991
      1517.00     0.587700
      1518.00     0.587409
      1519.00     0.587118
      1520.00     0.586827
      1521.00     0.587328
      1522.00     0.587829
      1523.00     0.588329
      1524.00     0.588830
      1525.00     0.588975
      1526.00     0.589121
      1527.00     0.589266
      1528.00     0.589412
      1529.00     0.590866
      1530.00     0.592319
      1531.00     0.593773
      1532.00     0.595227
      1533.00     0.595359
      1534.00     0.595491
      1535.00     0.595622
      1536.00     0.595754
      1537.00     0.595930
      1538.00     0.596107
      1539.00     0.596283
      1540.00     0.596459
      1541.00     0.595913
      1542.00     0.595366
      1543.00     0.594820
      1544.00     0.594274
      1545.00     0.594287
      1546.00     0.594301
      1547.00     0.594314
      1548.00     0.594327
      1549.00     0.594851
      1550.00     0.595376
      1551.00     0.595901
      1552.00     0.596425
      1553.00     0.596834
      1554.00     0.597243
      1555.00     0.597653
      1556.00     0.598062
      1557.00     0.599335
      1558.00     0.600608
      1559.00     0.601880
      1560.00     0.603153
      1561.00     0.603079
      1562.00     0.603004
      1563.00     0.602930
      1564.00     0.602856
      1565.00     0.602965
      1566.00     0.603073
      1567.00     0.603182
      1568.00     0.603291
      1569.00     0.604043
      1570.00     0.604794
      1571.00     0.605546
      1572.00     0.606297
      1573.00     0.606862
      1574.00     0.607427
      1575.00     0.607991
      1576.00     0.608556
      1577.00     0.608556
      1578.00     0.608556
      1579.00     0.608556
      1580.00     0.608556
      1581.00     0.609046
      1582.00     0.609537
      1583.00     0.610027
      1584.00     0.610518
      1585.00     0.609916
      1586.00     0.609315
      1587.00     0.608713
      1588.00     0.608111
      1589.00     0.607663
      1590.00     0.607215
      1591.00     0.606766
      1592.00     0.606318
      1593.00     0.606542
      1594.00     0.606766
      1595.00     0.606989
      1596.00     0.607213
      1597.00     0.608288
      1598.00     0.609364
      1599.00     0.610439
      1600.00     0.611515
      1601.00     0.611773
      1602.00     0.612031
      1603.00     0.612288
      1604.00     0.612546
      1605.00     0.612732
      1606.00     0.612918
      1607.00     0.613104
      1608.00     0.613290
      1609.00     0.613104
      1610.00     0.612918
      1611.00     0.612732
      1612.00     0.612546
      1613.00     0.611403
      1614.00     0.610260
      1615.00     0.609116
      1616.00     0.607973
      1617.00     0.607920
      1618.00     0.607867
      1619.00     0.607815
      1620.00     0.607762
      1621.00     0.608432
      1622.00     0.609102
      1623.00     0.609772
      1624.00     0.610442
      1625.00     0.610817
      1626.00     0.611192
      1627.00     0.611568
      1628.00     0.611943
      1629.00     0.612244
      1630.00     0.612546
      1631.00     0.612848
      1632.00     0.613149
      1633.00     0.612974
      1634.00     0.612800
      1635.00     0.612625
      1636.00     0.612450
      1637.00     0.613461
      1638.00     0.614472
      1639.00     0.615483
      1640.00     0.616494
      1641.00     0.615744
      1642.00     0.614995
      1643.00     0.614246
      1644.00     0.613496
      1645.00     0.613630
      1646.00     0.613765
      1647.00     0.613899
      1648.00     0.614033
      1649.00     0.614456
      1650.00     0.614880
      1651.00     0.615304
      1652.00     0.615727
      1653.00     0.616447
      1654.00     0.617167
      1655.00     0.617888
      1656.00     0.618608
      1657.00     0.617807
      1658.00     0.617006
      1659.00     0.616205
      1660.00     0.615404
      1661.00     0.615836
      1662.00     0.616268
      1663.00     0.616700
      1664.00     0.617132
      1665.00     0.616850
      1666.00     0.616569
      1667.00     0.616287
      1668.00     0.616005
      1669.00     0.615595
      1670.00     0.615185
      1671.00     0.614774
      1672.00     0.614364
      1673.00     0.614584
      1674.00     0.614804
      1675.00     0.615023
      1676.00     0.615243
      1677.00     0.615243
      1678.00     0.615243
      1679.00     0.615243
      1680.00     0.615243
      1681.00     0.615481
      1682.00     0.615718
      1683.00     0.615956
      1684.00     0.616194
      1685.00     0.616585
      1686.00     0.616975
      1687.00     0.617365
      1688.00     0.617756
      1689.00     0.618964
      1690.00     0.620173
      1691.00     0.621381
      1692.00     0.622589
      1693.00     0.622210
      1694.00     0.621830
      1695.00     0.621451
      1696.00     0.621072
      1697.00     0.619644
      1698.00     0.618217
      1699.00     0.616789
      1700.00     0.615361
      1701.00     0.615619
      1702.00     0.615878
      1703.00     0.616136
      1704.00     0.616394
      1705.00     0.617046
      1706.00     0.617697
      1707.00     0.618348
      1708.00     0.619000
      1709.00     0.619076
      1710.00     0.619151
      1711.00     0.619226
      1712.00     0.619302
      1713.00     0.618690
      1714.00     0.618079
      1715.00     0.617467
      1716.00     0.616856
      1717.00     0.616883
      1718.00     0.616910
      1719.00     0.616937
      1720.00     0.616964
      1721.00     0.617048
      1722.00     0.617132
      1723.00     0.617217
      1724.00     0.617301
      1725.00     0.616792
      1726.00     0.616283
      1727.00     0.615774
      1728.00     0.615265
      1729.00     0.615614
      1730.00     0.615963
      1731.00     0.616313
      1732.00     0.616662
      1733.00     0.616361
      1734.00     0.616060
      1735.00     0.615759
      1736.00     0.615458
      1737.00     0.616137
      1738.00     0.616816
      1739.00     0.617495
      1740.00     0.618174
      1741.00     0.617586
      1742.00     0.616997
      1743.00     0.616408
      1744.00     0.615820
      1745.00     0.615118
      1746.00     0.614416
      1747.00     0.613713
      1748.00     0.613011
      1749.00     0.613199
      1750.00     0.613388
      1751.00     0.613577
      1752.00     0.613765
      1753.00     0.613619
      1754.00     0.613473
      1755.00     0.613327
      1756.00     0.613181
      1757.00     0.613799
      1758.00     0.614417
      1759.00     0.615035
      1760.00     0.615653
      1761.00     0.615427
      1762.00     0.615201
      1763.00     0.614975
      1764.00     0.614749
      1765.00     0.613909
      1766.00     0.613069
      1767.00     0.612229
      1768.00     0.611389
      1769.00     0.611853
      1770.00     0.612318
      1771.00     0.612782
      1772.00     0.613246
      1773.00     0.613246
      1774.00     0.613246
      1775.00     0.613246
      1776.00     0.613246
      1777.00     0.612633
      1778.00     0.612020
      1779.00     0.611407
      1780.00     0.610794
      1781.00     0.610053
      1782.00     0.609313
      1783.00     0.608572
      1784.00     0.607831
      1785.00     0.608034
      1786.00     0.608238
      1787.00     0.608441
      1788.00     0.608645
      1789.00     0.607758
      1790.00     0.606872
      1791.00     0.605985
      1792.00     0.605099
      1793.00     0.604770
      1794.00     0.604441
      1795.00     0.604112
      1796.00     0.603783
      1797.00     0.604187
      1798.00     0.604591
      1799.00     0.604994
      1800.00     0.605398
      1801.00     0.605141
      1802.00     0.604883
      1803.00     0.604625
      1804.00     0.604368
      1805.00     0.604645
      1806.00     0.604922
      1807.00     0.605200
      1808.00     0.605477
      1809.00     0.606009
      1810.00     0.606542
      1811.00     0.607074
      1812.00     0.607607
      1813.00     0.607681
      1814.00     0.607754
      1815.00     0.607828
      1816.00     0.607902
      1817.00     0.607460
      1818.00     0.607018
      1819.00     0.606577
      1820.00     0.606135
      1821.00     0.605915
      1822.00     0.605695
      1823.00     0.605475
      1824.00     0.605255
      1825.00     0.605363
      1826.00     0.605471
      1827.00     0.605580
      1828.00     0.605688
      1829.00     0.605311
      1830.00     0.604934
      1831.00     0.604556
      1832.00     0.604179
      1833.00     0.604677
      1834.00     0.605175
      1835.00     0.605672
      1836.00     0.606170
      1837.00     0.605572
      1838.00     0.604973
      1839.00     0.604375
      1840.00     0.603776
      1841.00     0.603098
      1842.00     0.602419
      1843.00     0.601740
      1844.00     0.601062
      1845.00     0.600296
      1846.00     0.599530
      1847.00     0.598764
      1848.00     0.597998
      1849.00     0.595828
      1850.00     0.593658
      1851.00     0.591488
      1852.00     0.589318
      1853.00     0.587648
      1854.00     0.585979
      1855.00     0.584309
      1856.00     0.582639
      1857.00     0.580926
      1858.00     0.579214
      1859.00     0.577501
      1860.00     0.575788
      1861.00     0.571725
      1862.00     0.567663
      1863.00     0.563601
      1864.00     0.559538
      1865.00     0.555288
      1866.00     0.551038
      1867.00     0.546788
      1868.00     0.542538
      1869.00     0.537683
      1870.00     0.532828
      1871.00     0.527973
      1872.00     0.523118
      1873.00     0.517393
      1874.00     0.511668
      1875.00     0.505943
      1876.00     0.500218
      1877.00     0.494139
      1878.00     0.488059
      1879.00     0.481979
      1880.00     0.475900
      1881.00     0.470009
      1882.00     0.464117
      1883.00     0.458226
      1884.00     0.452335
      1885.00     0.445530
      1886.00     0.438726
      1887.00     0.431921
      1888.00     0.425116
      1889.00     0.419600
      1890.00     0.414085
      1891.00     0.408570
      1892.00     0.403054
      1893.00     0.397749
      1894.00     0.392443
      1895.00     0.387138
      1896.00     0.381833
      1897.00     0.378731
      1898.00     0.375629
      1899.00     0.372527
      1900.00     0.369425
      1901.00     0.368897
      1902.00     0.368369
      1903.00     0.367842
      1904.00     0.367314
      1905.00     0.368145
      1906.00     0.368976
      1907.00     0.369807
      1908.00     0.370638
      1909.00     0.372653
      1910.00     0.374669
      1911.00     0.376684
      1912.00     0.378699
      1913.00     0.380531
      1914.00     0.382363
      1915.00     0.384195
      1916.00     0.386027
      1917.00     0.387867
      1918.00     0.389707
      1919.00     0.391548
      1920.00     0.393388
      1921.00     0.395199
      1922.00     0.397011
      1923.00     0.398822
      1924.00     0.400634
      1925.00     0.402305
      1926.00     0.403977
      1927.00     0.405648
      1928.00     0.407319
      1929.00     0.408851
      1930.00     0.410384
      1931.00     0.411916
      1932.00     0.413449
      1933.00     0.415024
      1934.00     0.416598
      1935.00     0.418173
      1936.00     0.419748
      1937.00     0.420640
      1938.00     0.421531
      1939.00     0.422422
      1940.00     0.423314
      1941.00     0.424134
      1942.00     0.424955
      1943.00     0.425775
      1944.00     0.426596
      1945.00     0.428050
      1946.00     0.429504
      1947.00     0.430957
      1948.00     0.432411
      1949.00     0.433277
      1950.00     0.434143
      1951.00     0.435008
      1952.00     0.435874
      1953.00     0.436844
      1954.00     0.437813
      1955.00     0.438783
      1956.00     0.439753
      1957.00     0.441289
      1958.00     0.442826
      1959.00     0.444363
      1960.00     0.445899
      1961.00     0.448007
      1962.00     0.450114
      1963.00     0.452221
      1964.00     0.454329
      1965.00     0.455124
      1966.00     0.455920
      1967.00     0.456715
      1968.00     0.457510
      1969.00     0.457889
      1970.00     0.458268
      1971.00     0.458647
      1972.00     0.459026
      1973.00     0.460491
      1974.00     0.461956
      1975.00     0.463421
      1976.00     0.464886
      1977.00     0.466377
      1978.00     0.467867
      1979.00     0.469357
      1980.00     0.470848
      1981.00     0.472882
      1982.00     0.474916
      1983.00     0.476950
      1984.00     0.478984
      1985.00     0.479856
      1986.00     0.480729
      1987.00     0.481601
      1988.00     0.482474
      1989.00     0.483424
      1990.00     0.484374
      1991.00     0.485325
      1992.00     0.486275
      1993.00     0.487377
      1994.00     0.488478
      1995.00     0.489580
      1996.00     0.490682
      1997.00     0.491596
      1998.00     0.492510
      1999.00     0.493424
      2000.00     0.494338
      2001.00     0.495263
      2002.00     0.496188
      2003.00     0.497112
      2004.00     0.498037
      2005.00     0.499040
      2006.00     0.500044
      2007.00     0.501047
      2008.00     0.502050
      2009.00     0.502805
      2010.00     0.503560
      2011.00     0.504314
      2012.00     0.505069
      2013.00     0.506209
      2014.00     0.507350
      2015.00     0.508490
      2016.00     0.509631
      2017.00     0.509772
      2018.00     0.509912
      2019.00     0.510053
      2020.00     0.510194
      2021.00     0.511387
      2022.00     0.512579
      2023.00     0.513772
      2024.00     0.514964
      2025.00     0.515222
      2026.00     0.515479
      2027.00     0.515737
      2028.00     0.515995
      2029.00     0.516690
      2030.00     0.517385
      2031.00     0.518080
      2032.00     0.518775
      2033.00     0.517616
      2034.00     0.516457
      2035.00     0.515298
      2036.00     0.514139
      2037.00     0.515055
      2038.00     0.515970
      2039.00     0.516886
      2040.00     0.517802
      2041.00     0.518549
      2042.00     0.519296
      2043.00     0.520043
      2044.00     0.520790
      2045.00     0.520321
      2046.00     0.519852
      2047.00     0.519383
      2048.00     0.518914
      2049.00     0.519029
      2050.00     0.519144
      2051.00     0.519259
      2052.00     0.519374
      2053.00     0.519181
      2054.00     0.518988
      2055.00     0.518796
      2056.00     0.518603
      2057.00     0.518675
      2058.00     0.518747
      2059.00     0.518819
      2060.00     0.518891
      2061.00     0.519320
      2062.00     0.519748
      2063.00     0.520177
      2064.00     0.520606
      2065.00     0.519563
      2066.00     0.518520
      2067.00     0.517477
      2068.00     0.516434
      2069.00     0.516194
      2070.00     0.515955
      2071.00     0.515715
      2072.00     0.515476
      2073.00     0.514812
      2074.00     0.514149
      2075.00     0.513485
      2076.00     0.512822
      2077.00     0.514015
      2078.00     0.515208
      2079.00     0.516401
      2080.00     0.517124
      2081.00     0.517430
      2082.00     0.517064
      2083.00     0.517496
      2084.00     0.517508
      2085.00     0.517492
      2086.00     0.517405
      2087.00     0.517364
      2088.00     0.517466
      2089.00     0.517695
      2090.00     0.517931
      2091.00     0.518098
      2092.00     0.518169
      2093.00     0.518160
      2094.00     0.518107
      2095.00     0.518024
      2096.00     0.517895
      2097.00     0.517663
      2098.00     0.517336
      2099.00     0.516837
      2100.00     0.516247
      2101.00     0.515548
      2102.00     0.514855
      2103.00     0.514113
      2104.00     0.513469
      2105.00     0.512838
      2106.00     0.512287
      2107.00     0.511715
      2108.00     0.511096
      2109.00     0.510471
      2110.00     0.509848
      2111.00     0.509230
      2112.00     0.508799
      2113.00     0.508557
      2114.00     0.508487
      2115.00     0.508552
      2116.00     0.508749
      2117.00     0.509150
      2118.00     0.509673
      2119.00     0.510412
      2120.00     0.511290
      2121.00     0.512157
      2122.00     0.513073
      2123.00     0.513851
      2124.00     0.514579
      2125.00     0.515277
      2126.00     0.515947
      2127.00     0.516556
      2128.00     0.517213
      2129.00     0.517864
      2130.00     0.518589
      2131.00     0.519389
      2132.00     0.520194
      2133.00     0.520833
      2134.00     0.521342
      2135.00     0.521762
      2136.00     0.522214
      2137.00     0.522709
      2138.00     0.523293
      2139.00     0.523903
      2140.00     0.524489
      2141.00     0.524971
      2142.00     0.525343
      2143.00     0.525665
      2144.00     0.525963
      2145.00     0.526268
      2146.00     0.526562
      2147.00     0.526803
      2148.00     0.526911
      2149.00     0.526866
      2150.00     0.526647
      2151.00     0.526271
      2152.00     0.525793
      2153.00     0.525287
      2154.00     0.524798
      2155.00     0.524318
      2156.00     0.523820
      2157.00     0.523270
      2158.00     0.522633
      2159.00     0.521909
      2160.00     0.521126
      2161.00     0.520325
      2162.00     0.519525
      2163.00     0.518767
      2164.00     0.518091
      2165.00     0.517496
      2166.00     0.516974
      2167.00     0.516510
      2168.00     0.516084
      2169.00     0.515657
      2170.00     0.515209
      2171.00     0.514741
      2172.00     0.514244
      2173.00     0.513701
      2174.00     0.513131
      2175.00     0.512538
      2176.00     0.511894
      2177.00     0.511273
      2178.00     0.510729
      2179.00     0.510296
      2180.00     0.509978
      2181.00     0.509782
      2182.00     0.509626
      2183.00     0.509515
      2184.00     0.509410
      2185.00     0.509281
      2186.00     0.509089
      2187.00     0.508772
      2188.00     0.508321
      2189.00     0.507780
      2190.00     0.507117
      2191.00     0.506373
      2192.00     0.505602
      2193.00     0.504898
      2194.00     0.504108
      2195.00     0.503302
      2196.00     0.502475
      2197.00     0.501594
      2198.00     0.500505
      2199.00     0.499317
      2200.00     0.497979
      2201.00     0.496434
      2202.00     0.494915
      2203.00     0.493309
      2204.00     0.491678
      2205.00     0.490256
      2206.00     0.488835
      2207.00     0.487736
      2208.00     0.486787
      2209.00     0.486141
      2210.00     0.485778
      2211.00     0.485613
      2212.00     0.485601
      2213.00     0.485683
      2214.00     0.485827
      2215.00     0.486017
      2216.00     0.486244
      2217.00     0.486521
      2218.00     0.486810
      2219.00     0.487124
      2220.00     0.487428
      2221.00     0.487757
      2222.00     0.488072
      2223.00     0.488400
      2224.00     0.488807
      2225.00     0.489226
      2226.00     0.489705
      2227.00     0.490109
      2228.00     0.490460
      2229.00     0.490700
      2230.00     0.490879
      2231.00     0.491026
      2232.00     0.491206
      2233.00     0.491439
      2234.00     0.491668
      2235.00     0.491830
      2236.00     0.491868
      2237.00     0.491776
      2238.00     0.491579
      2239.00     0.491355
      2240.00     0.491153
      2241.00     0.491038
      2242.00     0.490999
      2243.00     0.490999
      2244.00     0.490995
      2245.00     0.490943
      2246.00     0.490827
      2247.00     0.490638
      2248.00     0.490431
      2249.00     0.490235
      2250.00     0.490096
      2251.00     0.490024
      2252.00     0.490048
      2253.00     0.490145
      2254.00     0.490296
      2255.00     0.490483
      2256.00     0.490724
      2257.00     0.490982
      2258.00     0.491287
      2259.00     0.491630
      2260.00     0.491988
      2261.00     0.492326
      2262.00     0.492616
      2263.00     0.492796
      2264.00     0.492899
      2265.00     0.492955
      2266.00     0.492983
      2267.00     0.493004
      2268.00     0.493012
      2269.00     0.492975
      2270.00     0.492830
      2271.00     0.492516
      2272.00     0.492003
      2273.00     0.491288
      2274.00     0.490375
      2275.00     0.489277
      2276.00     0.488186
      2277.00     0.487043
      2278.00     0.485837
      2279.00     0.484594
      2280.00     0.483336
      2281.00     0.481882
      2282.00     0.480319
      2283.00     0.478632
      2284.00     0.476810
      2285.00     0.474861
      2286.00     0.472814
      2287.00     0.470737
      2288.00     0.468710
      2289.00     0.466791
      2290.00     0.465018
      2291.00     0.463393
      2292.00     0.461918
      2293.00     0.460619
      2294.00     0.459271
      2295.00     0.457976
      2296.00     0.456737
      2297.00     0.455552
      2298.00     0.454446
      2299.00     0.453502
      2300.00     0.452548
      2301.00     0.451660
      2302.00     0.450798
      2303.00     0.449933
      2304.00     0.449124
      2305.00     0.448205
      2306.00     0.447255
      2307.00     0.446319
      2308.00     0.445506
      2309.00     0.444728
      2310.00     0.444100
      2311.00     0.443748
      2312.00     0.443672
      2313.00     0.443944
      2314.00     0.444512
      2315.00     0.445335
      2316.00     0.446332
      2317.00     0.447290
      2318.00     0.448191
      2319.00     0.449038
      2320.00     0.449757
      2321.00     0.450398
      2322.00     0.451000
      2323.00     0.451477
      2324.00     0.451807
      2325.00     0.451974
      2326.00     0.451961
      2327.00     0.451793
      2328.00     0.451536
      2329.00     0.451179
      2330.00     0.450795
      2331.00     0.450301
      2332.00     0.449773
      2333.00     0.449122
      2334.00     0.448456
      2335.00     0.447717
      2336.00     0.447014
      2337.00     0.446288
      2338.00     0.445605
      2339.00     0.444912
      2340.00     0.444233
      2341.00     0.443545
      2342.00     0.442858
      2343.00     0.442189
      2344.00     0.441535
      2345.00     0.440956
      2346.00     0.440412
      2347.00     0.439890
      2348.00     0.439445
      2349.00     0.439026
      2350.00     0.438585
      2351.00     0.438204
      2352.00     0.437846
      2353.00     0.437478
      2354.00     0.437136
      2355.00     0.436789
      2356.00     0.436385
      2357.00     0.435940
      2358.00     0.435469
      2359.00     0.434969
      2360.00     0.434443
      2361.00     0.433896
      2362.00     0.433380
      2363.00     0.432857
      2364.00     0.432312
      2365.00     0.431682
      2366.00     0.431092
      2367.00     0.430510
      2368.00     0.429953
      2369.00     0.429438
      2370.00     0.428941
      2371.00     0.428493
      2372.00     0.428072
      2373.00     0.427633
      2374.00     0.427155
      2375.00     0.426626
      2376.00     0.426042
      2377.00     0.425409
      2378.00     0.424750
      2379.00     0.424036
      2380.00     0.423389
      2381.00     0.422763
      2382.00     0.422156
      2383.00     0.421573
      2384.00     0.421016
      2385.00     0.420485
      2386.00     0.419986
      2387.00     0.419522
      2388.00     0.419085
      2389.00     0.418650
      2390.00     0.418189
      2391.00     0.417690
      2392.00     0.417138
      2393.00     0.416530
      2394.00     0.415869
      2395.00     0.415165
      2396.00     0.414428
      2397.00     0.413681
      2398.00     0.412951
      2399.00     0.412135
      2400.00     0.411285
      2401.00     0.410401
      2402.00     0.409483
      2403.00     0.408535
      2404.00     0.407567
      2405.00     0.406584
      2406.00     0.405616
      2407.00     0.404651
      2408.00     0.403565
      2409.00     0.402400
      2410.00     0.401123
      2411.00     0.399736
      2412.00     0.398351
      2413.00     0.396854
      2414.00     0.395268
      2415.00     0.393673
      2416.00     0.392131
      2417.00     0.390701
      2418.00     0.389209
      2419.00     0.387782
      2420.00     0.386399
      2421.00     0.385132
      2422.00     0.383833
      2423.00     0.382501
      2424.00     0.381231
      2425.00     0.380029
      2426.00     0.378791
      2427.00     0.377622
      2428.00     0.376635
      2429.00     0.375639
      2430.00     0.374728
      2431.00     0.373836
      2432.00     0.372935
      2433.00     0.372084
      2434.00     0.371306
      2435.00     0.370510
      2436.00     0.369829
      2437.00     0.369126
      2438.00     0.368460
      2439.00     0.367761
      2440.00     0.367016
      2441.00     0.366247
      2442.00     0.365370
      2443.00     0.364499
      2444.00     0.363503
      2445.00     0.362522
      2446.00     0.361468
      2447.00     0.360389
      2448.00     0.359304
      2449.00     0.358155
      2450.00     0.357085
      2451.00     0.355951
      2452.00     0.354936
      2453.00     0.353963
      2454.00     0.352972
      2455.00     0.351979
      2456.00     0.351007
      2457.00     0.349937
      2458.00     0.348903
      2459.00     0.347831
      2460.00     0.346684
      2461.00     0.345587
      2462.00     0.344568
      2463.00     0.343602
      2464.00     0.342696
      2465.00     0.341779
      2466.00     0.340968
      2467.00     0.340180
      2468.00     0.339358
      2469.00     0.338524
      2470.00     0.337733
      2471.00     0.336942
      2472.00     0.336149
      2473.00     0.335349
      2474.00     0.334495
      2475.00     0.333634
      2476.00     0.332797
      2477.00     0.331951
      2478.00     0.331112
      2479.00     0.330307
      2480.00     0.329551
      2481.00     0.328816
      2482.00     0.328127
      2483.00     0.327507
      2484.00     0.326905
      2485.00     0.326297
      2486.00     0.325677
      2487.00     0.325050
      2488.00     0.324430
      2489.00     0.323835
      2490.00     0.323275
      2491.00     0.322767
      2492.00     0.322297
      2493.00     0.321854
      2494.00     0.321431
      2495.00     0.321023
      2496.00     0.320632
      2497.00     0.320277
      2498.00     0.319959
      2499.00     0.319678
      2500.00     0.319428
