      400.000     0.116732
      401.000     0.117655
      402.000     0.118696
      403.000     0.122214
      404.000     0.119524
      405.000     0.122295
      406.000     0.119864
      407.000     0.125977
      408.000     0.126892
      409.000     0.126063
      410.000     0.123379
      411.000     0.124251
      412.000     0.125185
      413.000     0.125206
      414.000     0.126886
      415.000     0.127757
      416.000     0.127808
      417.000     0.128660
      418.000     0.128898
      419.000     0.130663
      420.000     0.131891
      421.000     0.130623
      422.000     0.131016
      423.000     0.132438
      424.000     0.133815
      425.000     0.134715
      426.000     0.133413
      427.000     0.134234
      428.000     0.134226
      429.000     0.135999
      430.000     0.137321
      431.000     0.135987
      432.000     0.135951
      433.000     0.137748
      434.000     0.137761
      435.000     0.137765
      436.000     0.141235
      437.000     0.141233
      438.000     0.141235
      439.000     0.142093
      440.000     0.142103
      441.000     0.142948
      442.000     0.142925
      443.000     0.142902
      444.000     0.142902
      445.000     0.142941
      446.000     0.144619
      447.000     0.146734
      448.000     0.147162
      449.000     0.145491
      450.000     0.146271
      451.000     0.146718
      452.000     0.146186
      453.000     0.149609
      454.000     0.149762
      455.000     0.152604
      456.000     0.152651
      457.000     0.152729
      458.000     0.151659
      459.000     0.151556
      460.000     0.151871
      461.000     0.151903
      462.000     0.153542
      463.000     0.153524
      464.000     0.152638
      465.000     0.153014
      466.000     0.154277
      467.000     0.154316
      468.000     0.155122
      469.000     0.153842
      470.000     0.153901
      471.000     0.155225
      472.000     0.155122
      473.000     0.155101
      474.000     0.156858
      475.000     0.158553
      476.000     0.159855
      477.000     0.155143
      478.000     0.158403
      479.000     0.159675
      480.000     0.160541
      481.000     0.159726
      482.000     0.160514
      483.000     0.160541
      484.000     0.161299
      485.000     0.161299
      486.000     0.161243
      487.000     0.163460
      488.000     0.165121
      489.000     0.165988
      490.000     0.166663
      491.000     0.164790
      492.000     0.165583
      493.000     0.163017
      494.000     0.165926
      495.000     0.167250
      496.000     0.165832
      497.000     0.167886
      498.000     0.167952
      499.000     0.167853
      500.000     0.167919
      501.000     0.168784
      502.000     0.170249
      503.000     0.169934
      504.000     0.170761
      505.000     0.171900
      506.000     0.171973
      507.000     0.172010
      508.000     0.171077
      509.000     0.170971
      510.000     0.173569
      511.000     0.174773
      512.000     0.173867
      513.000     0.173941
      514.000     0.175905
      515.000     0.175984
      516.000     0.175788
      517.000     0.175788
      518.000     0.175749
      519.000     0.176952
      520.000     0.177231
      521.000     0.178600
      522.000     0.178355
      523.000     0.179917
      524.000     0.178396
      525.000     0.178152
      526.000     0.180939
      527.000     0.181243
      528.000     0.183809
      529.000     0.182077
      530.000     0.182034
      531.000     0.183271
      532.000     0.184862
      533.000     0.184862
      534.000     0.185000
      535.000     0.186421
      536.000     0.187705
      537.000     0.188118
      538.000     0.189403
      539.000     0.191869
      540.000     0.192736
      541.000     0.192736
      542.000     0.191157
      543.000     0.192789
      544.000     0.194170
      545.000     0.194013
      546.000     0.196728
      547.000     0.196457
      548.000     0.194625
      549.000     0.198564
      550.000     0.199609
      551.000     0.199110
      552.000     0.200098
      553.000     0.203678
      554.000     0.200490
      555.000     0.203137
      556.000     0.203024
      557.000     0.202826
      558.000     0.202015
      559.000     0.210565
      560.000     0.211882
      561.000     0.211943
      562.000     0.213885
      563.000     0.216342
      564.000     0.215570
      565.000     0.217637
      566.000     0.216915
      567.000     0.217475
      568.000     0.217662
      569.000     0.221267
      570.000     0.220789
      571.000     0.221867
      572.000     0.223371
      573.000     0.224149
      574.000     0.226426
      575.000     0.226956
      576.000     0.225634
      577.000     0.227556
      578.000     0.228819
      579.000     0.229442
      580.000     0.228013
      581.000     0.230069
      582.000     0.229034
      583.000     0.229912
      584.000     0.231607
      585.000     0.234052
      586.000     0.233568
      587.000     0.233729
      588.000     0.232535
      589.000     0.234902
      590.000     0.236398
      591.000     0.236789
      592.000     0.239362
      593.000     0.239472
      594.000     0.239808
      595.000     0.239724
      596.000     0.238972
      597.000     0.240291
      598.000     0.241391
      599.000     0.241246
      600.000     0.241795
      601.000     0.242252
      602.000     0.244255
      603.000     0.243997
      604.000     0.243943
      605.000     0.244433
      606.000     0.243520
      607.000     0.243352
      608.000     0.245835
      609.000     0.247307
      610.000     0.248228
      611.000     0.249598
      612.000     0.250599
      613.000     0.249774
      614.000     0.250867
      615.000     0.251326
      616.000     0.251416
      617.000     0.252794
      618.000     0.252794
      619.000     0.254082
      620.000     0.254174
      621.000     0.253156
      622.000     0.256197
      623.000     0.256104
      624.000     0.256474
      625.000     0.257022
      626.000     0.257930
      627.000     0.258766
      628.000     0.259237
      629.000     0.258324
      630.000     0.260835
      631.000     0.262422
      632.000     0.259615
      633.000     0.260812
      634.000     0.263589
      635.000     0.261003
      636.000     0.260335
      637.000     0.262234
      638.000     0.264141
      639.000     0.264117
      640.000     0.264310
      641.000     0.264505
      642.000     0.264992
      643.000     0.266770
      644.000     0.266869
      645.000     0.264726
      646.000     0.265784
      647.000     0.267359
      648.000     0.267558
      649.000     0.265718
      650.000     0.267260
      651.000     0.267957
      652.000     0.270834
      653.000     0.271917
      654.000     0.271611
      655.000     0.273826
      656.000     0.273930
      657.000     0.273204
      658.000     0.273204
      659.000     0.272835
      660.000     0.271821
      661.000     0.272143
      662.000     0.275389
      663.000     0.272343
      664.000     0.273618
      665.000     0.278890
      666.000     0.278088
      667.000     0.277983
      668.000     0.278846
      669.000     0.279058
      670.000     0.278952
      671.000     0.278846
      672.000     0.276169
      673.000     0.276169
      674.000     0.277445
      675.000     0.282159
      676.000     0.283764
      677.000     0.284718
      678.000     0.281695
      679.000     0.284576
      680.000     0.284792
      681.000     0.284792
      682.000     0.283930
      683.000     0.286048
      684.000     0.285832
      685.000     0.287212
      686.000     0.287650
      687.000     0.287869
      688.000     0.289036
      689.000     0.286619
      690.000     0.289036
      691.000     0.288925
      692.000     0.289036
      693.000     0.288485
      694.000     0.289757
      695.000     0.291476
      696.000     0.291108
      697.000     0.293057
      698.000     0.294432
      699.000     0.293293
      700.000     0.293405
      701.000     0.293293
      702.000     0.294434
      703.000     0.295573
      704.000     0.297733
      705.000     0.297733
      706.000     0.297619
      707.000     0.298867
      708.000     0.299540
      709.000     0.301479
      710.000     0.301828
      711.000     0.299884
      712.000     0.300669
      713.000     0.298880
      714.000     0.299896
      715.000     0.303507
      716.000     0.305107
      717.000     0.304211
      718.000     0.304211
      719.000     0.304211
      720.000     0.305406
      721.000     0.305524
      722.000     0.306231
      723.000     0.308369
      724.000     0.307890
      725.000     0.309649
      726.000     0.309770
      727.000     0.306701
      728.000     0.309529
      729.000     0.309289
      730.000     0.311129
      731.000     0.310473
      732.000     0.312368
      733.000     0.311315
      734.000     0.311557
      735.000     0.312193
      736.000     0.312839
      737.000     0.314672
      738.000     0.315040
      739.000     0.315511
      740.000     0.317670
      741.000     0.316656
      742.000     0.316532
      743.000     0.316163
      744.000     0.315917
      745.000     0.316923
      746.000     0.316409
      747.000     0.319642
      748.000     0.319893
      749.000     0.318737
      750.000     0.319129
      751.000     0.319254
      752.000     0.319004
      753.000     0.322074
      754.000     0.321821
      755.000     0.322298
      756.000     0.322424
      757.000     0.322298
      758.000     0.322298
      759.000     0.321791
      760.000     0.324851
      761.000     0.324851
      762.000     0.325105
      763.000     0.325999
      764.000     0.325733
      765.000     0.324978
      766.000     0.326207
      767.000     0.328580
      768.000     0.327417
      769.000     0.326412
      770.000     0.328020
      771.000     0.328149
      772.000     0.332089
      773.000     0.332089
      774.000     0.329634
      775.000     0.328535
      776.000     0.329053
      777.000     0.329313
      778.000     0.332483
      779.000     0.332089
      780.000     0.331335
      781.000     0.331466
      782.000     0.331335
      783.000     0.331075
      784.000     0.331958
      785.000     0.331909
      786.000     0.332776
      787.000     0.333791
      788.000     0.333922
      789.000     0.333037
      790.000     0.336853
      791.000     0.333608
      792.000     0.336720
      793.000     0.336188
      794.000     0.333346
      795.000     0.336330
      796.000     0.335659
      797.000     0.336599
      798.000     0.334660
      799.000     0.334651
      800.000     0.339570
      801.000     0.340099
      802.000     0.340629
      803.000     0.341158
      804.000     0.341687
      805.000     0.342231
      806.000     0.342776
      807.000     0.343320
      808.000     0.343864
      809.000     0.343831
      810.000     0.343798
      811.000     0.343766
      812.000     0.343733
      813.000     0.344173
      814.000     0.344613
      815.000     0.345053
      816.000     0.345493
      817.000     0.345716
      818.000     0.345940
      819.000     0.346163
      820.000     0.346386
      821.000     0.346728
      822.000     0.347070
      823.000     0.347412
      824.000     0.347754
      825.000     0.348164
      826.000     0.348575
      827.000     0.348985
      828.000     0.349396
      829.000     0.349755
      830.000     0.350114
      831.000     0.350472
      832.000     0.350831
      833.000     0.351140
      834.000     0.351449
      835.000     0.351757
      836.000     0.352066
      837.000     0.352427
      838.000     0.352788
      839.000     0.353149
      840.000     0.353510
      841.000     0.354126
      842.000     0.354742
      843.000     0.355358
      844.000     0.355974
      845.000     0.356261
      846.000     0.356547
      847.000     0.356834
      848.000     0.357120
      849.000     0.357273
      850.000     0.357427
      851.000     0.357580
      852.000     0.357733
      853.000     0.357727
      854.000     0.357720
      855.000     0.357714
      856.000     0.357708
      857.000     0.357571
      858.000     0.357434
      859.000     0.357297
      860.000     0.357160
      861.000     0.358414
      862.000     0.359668
      863.000     0.360923
      864.000     0.362177
      865.000     0.362384
      866.000     0.362592
      867.000     0.362800
      868.000     0.363007
      869.000     0.362999
      870.000     0.362992
      871.000     0.362984
      872.000     0.362976
      873.000     0.363188
      874.000     0.363400
      875.000     0.363611
      876.000     0.363823
      877.000     0.364356
      878.000     0.364889
      879.000     0.365421
      880.000     0.365954
      881.000     0.366511
      882.000     0.367068
      883.000     0.367625
      884.000     0.368182
      885.000     0.368149
      886.000     0.368116
      887.000     0.368083
      888.000     0.368050
      889.000     0.368100
      890.000     0.368150
      891.000     0.368199
      892.000     0.368249
      893.000     0.368848
      894.000     0.369447
      895.000     0.370045
      896.000     0.370644
      897.000     0.371458
      898.000     0.372272
      899.000     0.373086
      900.000     0.373900
      901.000     0.374019
      902.000     0.374138
      903.000     0.374258
      904.000     0.374377
      905.000     0.374531
      906.000     0.374686
      907.000     0.374840
      908.000     0.374995
      909.000     0.375390
      910.000     0.375784
      911.000     0.376179
      912.000     0.376574
      913.000     0.376763
      914.000     0.376952
      915.000     0.377142
      916.000     0.377331
      917.000     0.377749
      918.000     0.378166
      919.000     0.378584
      920.000     0.379001
      921.000     0.379511
      922.000     0.380020
      923.000     0.380530
      924.000     0.381039
      925.000     0.381773
      926.000     0.382506
      927.000     0.383240
      928.000     0.383973
      929.000     0.383907
      930.000     0.383842
      931.000     0.383777
      932.000     0.383711
      933.000     0.384343
      934.000     0.384975
      935.000     0.385607
      936.000     0.386239
      937.000     0.386800
      938.000     0.387361
      939.000     0.387921
      940.000     0.388482
      941.000     0.389118
      942.000     0.389753
      943.000     0.390389
      944.000     0.391024
      945.000     0.391139
      946.000     0.391254
      947.000     0.391368
      948.000     0.391483
      949.000     0.391337
      950.000     0.391190
      951.000     0.391043
      952.000     0.390897
      953.000     0.391379
      954.000     0.391860
      955.000     0.392342
      956.000     0.392824
      957.000     0.392792
      958.000     0.392760
      959.000     0.392728
      960.000     0.392696
      961.000     0.393290
      962.000     0.393885
      963.000     0.394479
      964.000     0.395073
      965.000     0.395727
      966.000     0.396381
      967.000     0.397035
      968.000     0.397689
      969.000     0.397283
      970.000     0.396877
      971.000     0.396470
      972.000     0.396064
      973.000     0.396950
      974.000     0.397837
      975.000     0.398723
      976.000     0.399610
      977.000     0.400062
      978.000     0.400513
      979.000     0.400965
      980.000     0.401417
      981.000     0.401695
      982.000     0.401973
      983.000     0.402251
      984.000     0.402529
      985.000     0.403216
      986.000     0.403903
      987.000     0.404589
      988.000     0.405276
      989.000     0.404161
      990.000     0.403046
      991.000     0.401931
      992.000     0.400816
      993.000     0.402248
      994.000     0.403679
      995.000     0.405111
      996.000     0.406543
      997.000     0.406903
      998.000     0.407263
      999.000     0.407623
      1000.00     0.407983
      1001.00     0.408039
      1002.00     0.408096
      1003.00     0.408152
      1004.00     0.408208
      1005.00     0.408128
      1006.00     0.408048
      1007.00     0.407969
      1008.00     0.407889
      1009.00     0.408560
      1010.00     0.409230
      1011.00     0.409901
      1012.00     0.410571
      1013.00     0.410476
      1014.00     0.410382
      1015.00     0.410287
      1016.00     0.410193
      1017.00     0.410300
      1018.00     0.410408
      1019.00     0.410516
      1020.00     0.410623
      1021.00     0.411264
      1022.00     0.411904
      1023.00     0.412544
      1024.00     0.413185
      1025.00     0.413650
      1026.00     0.414115
      1027.00     0.414581
      1028.00     0.415046
      1029.00     0.415556
      1030.00     0.416067
      1031.00     0.416578
      1032.00     0.417088
      1033.00     0.416707
      1034.00     0.416326
      1035.00     0.415945
      1036.00     0.415564
      1037.00     0.415816
      1038.00     0.416067
      1039.00     0.416319
      1040.00     0.416570
      1041.00     0.416903
      1042.00     0.417235
      1043.00     0.417568
      1044.00     0.417901
      1045.00     0.418029
      1046.00     0.418158
      1047.00     0.418286
      1048.00     0.418414
      1049.00     0.419248
      1050.00     0.420082
      1051.00     0.420916
      1052.00     0.421750
      1053.00     0.422039
      1054.00     0.422328
      1055.00     0.422617
      1056.00     0.422906
      1057.00     0.422869
      1058.00     0.422832
      1059.00     0.422794
      1060.00     0.422757
      1061.00     0.422924
      1062.00     0.423090
      1063.00     0.423256
      1064.00     0.423423
      1065.00     0.423544
      1066.00     0.423666
      1067.00     0.423788
      1068.00     0.423909
      1069.00     0.423746
      1070.00     0.423583
      1071.00     0.423420
      1072.00     0.423257
      1073.00     0.423257
      1074.00     0.423257
      1075.00     0.423256
      1076.00     0.423256
      1077.00     0.423132
      1078.00     0.423008
      1079.00     0.422884
      1080.00     0.422760
      1081.00     0.423255
      1082.00     0.423750
      1083.00     0.424245
      1084.00     0.424740
      1085.00     0.425993
      1086.00     0.427247
      1087.00     0.428500
      1088.00     0.429753
      1089.00     0.429335
      1090.00     0.428917
      1091.00     0.428499
      1092.00     0.428081
      1093.00     0.428287
      1094.00     0.428493
      1095.00     0.428700
      1096.00     0.428906
      1097.00     0.429075
      1098.00     0.429245
      1099.00     0.429414
      1100.00     0.429583
      1101.00     0.429076
      1102.00     0.428570
      1103.00     0.428064
      1104.00     0.427557
      1105.00     0.427803
      1106.00     0.428050
      1107.00     0.428296
      1108.00     0.428542
      1109.00     0.429204
      1110.00     0.429866
      1111.00     0.430529
      1112.00     0.431191
      1113.00     0.431730
      1114.00     0.432269
      1115.00     0.432808
      1116.00     0.433347
      1117.00     0.433730
      1118.00     0.434113
      1119.00     0.434496
      1120.00     0.434879
      1121.00     0.434905
      1122.00     0.434931
      1123.00     0.434957
      1124.00     0.434983
      1125.00     0.435099
      1126.00     0.435215
      1127.00     0.435331
      1128.00     0.435447
      1129.00     0.435202
      1130.00     0.434956
      1131.00     0.434711
      1132.00     0.434466
      1133.00     0.434497
      1134.00     0.434527
      1135.00     0.434557
      1136.00     0.434588
      1137.00     0.434954
      1138.00     0.435320
      1139.00     0.435686
      1140.00     0.436052
      1141.00     0.435894
      1142.00     0.435736
      1143.00     0.435578
      1144.00     0.435420
      1145.00     0.435743
      1146.00     0.436065
      1147.00     0.436388
      1148.00     0.436711
      1149.00     0.437389
      1150.00     0.438067
      1151.00     0.438746
      1152.00     0.439424
      1153.00     0.439233
      1154.00     0.439043
      1155.00     0.438852
      1156.00     0.438661
      1157.00     0.439327
      1158.00     0.439992
      1159.00     0.440658
      1160.00     0.441324
      1161.00     0.441397
      1162.00     0.441469
      1163.00     0.441542
      1164.00     0.441615
      1165.00     0.441529
      1166.00     0.441442
      1167.00     0.441356
      1168.00     0.441270
      1169.00     0.441595
      1170.00     0.441920
      1171.00     0.442246
      1172.00     0.442571
      1173.00     0.442332
      1174.00     0.442093
      1175.00     0.441854
      1176.00     0.441615
      1177.00     0.442021
      1178.00     0.442427
      1179.00     0.442833
      1180.00     0.443239
      1181.00     0.443326
      1182.00     0.443413
      1183.00     0.443501
      1184.00     0.443588
      1185.00     0.444163
      1186.00     0.444739
      1187.00     0.445314
      1188.00     0.445889
      1189.00     0.446094
      1190.00     0.446299
      1191.00     0.446504
      1192.00     0.446709
      1193.00     0.446279
      1194.00     0.445850
      1195.00     0.445421
      1196.00     0.444991
      1197.00     0.445358
      1198.00     0.445726
      1199.00     0.446093
      1200.00     0.446461
      1201.00     0.446835
      1202.00     0.447208
      1203.00     0.447581
      1204.00     0.447955
      1205.00     0.448234
      1206.00     0.448514
      1207.00     0.448793
      1208.00     0.449072
      1209.00     0.448698
      1210.00     0.448323
      1211.00     0.447949
      1212.00     0.447575
      1213.00     0.448039
      1214.00     0.448503
      1215.00     0.448968
      1216.00     0.449432
      1217.00     0.449658
      1218.00     0.449883
      1219.00     0.450109
      1220.00     0.450335
      1221.00     0.450516
      1222.00     0.450698
      1223.00     0.450879
      1224.00     0.451061
      1225.00     0.450729
      1226.00     0.450398
      1227.00     0.450066
      1228.00     0.449735
      1229.00     0.450112
      1230.00     0.450489
      1231.00     0.450866
      1232.00     0.451243
      1233.00     0.451724
      1234.00     0.452205
      1235.00     0.452687
      1236.00     0.453168
      1237.00     0.453077
      1238.00     0.452985
      1239.00     0.452893
      1240.00     0.452802
      1241.00     0.453466
      1242.00     0.454129
      1243.00     0.454792
      1244.00     0.455456
      1245.00     0.455691
      1246.00     0.455925
      1247.00     0.456160
      1248.00     0.456394
      1249.00     0.456286
      1250.00     0.456178
      1251.00     0.456069
      1252.00     0.455961
      1253.00     0.456223
      1254.00     0.456486
      1255.00     0.456748
      1256.00     0.457010
      1257.00     0.457863
      1258.00     0.458716
      1259.00     0.459569
      1260.00     0.460422
      1261.00     0.460214
      1262.00     0.460005
      1263.00     0.459797
      1264.00     0.459589
      1265.00     0.459797
      1266.00     0.460005
      1267.00     0.460214
      1268.00     0.460422
      1269.00     0.460253
      1270.00     0.460083
      1271.00     0.459914
      1272.00     0.459745
      1273.00     0.459867
      1274.00     0.459990
      1275.00     0.460113
      1276.00     0.460235
      1277.00     0.460430
      1278.00     0.460624
      1279.00     0.460819
      1280.00     0.461014
      1281.00     0.461283
      1282.00     0.461553
      1283.00     0.461822
      1284.00     0.462091
      1285.00     0.462317
      1286.00     0.462542
      1287.00     0.462768
      1288.00     0.462993
      1289.00     0.462884
      1290.00     0.462775
      1291.00     0.462667
      1292.00     0.462558
      1293.00     0.462451
      1294.00     0.462343
      1295.00     0.462236
      1296.00     0.462129
      1297.00     0.462548
      1298.00     0.462968
      1299.00     0.463387
      1300.00     0.463806
      1301.00     0.463760
      1302.00     0.463713
      1303.00     0.463667
      1304.00     0.463621
      1305.00     0.463174
      1306.00     0.462726
      1307.00     0.462278
      1308.00     0.461831
      1309.00     0.462249
      1310.00     0.462667
      1311.00     0.463085
      1312.00     0.463503
      1313.00     0.463411
      1314.00     0.463318
      1315.00     0.463226
      1316.00     0.463134
      1317.00     0.463042
      1318.00     0.462950
      1319.00     0.462859
      1320.00     0.462767
      1321.00     0.463059
      1322.00     0.463352
      1323.00     0.463645
      1324.00     0.463937
      1325.00     0.464213
      1326.00     0.464490
      1327.00     0.464766
      1328.00     0.465043
      1329.00     0.464844
      1330.00     0.464645
      1331.00     0.464446
      1332.00     0.464247
      1333.00     0.464063
      1334.00     0.463880
      1335.00     0.463696
      1336.00     0.463512
      1337.00     0.463743
      1338.00     0.463974
      1339.00     0.464204
      1340.00     0.464435
      1341.00     0.464828
      1342.00     0.465221
      1343.00     0.465613
      1344.00     0.466006
      1345.00     0.465291
      1346.00     0.464576
      1347.00     0.463861
      1348.00     0.463146
      1349.00     0.464149
      1350.00     0.465151
      1351.00     0.466154
      1352.00     0.467156
      1353.00     0.466883
      1354.00     0.466610
      1355.00     0.466337
      1356.00     0.466064
      1357.00     0.465923
      1358.00     0.465781
      1359.00     0.465640
      1360.00     0.465498
      1361.00     0.464873
      1362.00     0.464248
      1363.00     0.463623
      1364.00     0.462998
      1365.00     0.462835
      1366.00     0.462671
      1367.00     0.462508
      1368.00     0.462344
      1369.00     0.461805
      1370.00     0.461265
      1371.00     0.460726
      1372.00     0.460186
      1373.00     0.459631
      1374.00     0.459076
      1375.00     0.458521
      1376.00     0.457966
      1377.00     0.457443
      1378.00     0.456921
      1379.00     0.456398
      1380.00     0.455875
      1381.00     0.455508
      1382.00     0.455141
      1383.00     0.454775
      1384.00     0.454408
      1385.00     0.454073
      1386.00     0.453738
      1387.00     0.453403
      1388.00     0.453068
      1389.00     0.452701
      1390.00     0.452335
      1391.00     0.451968
      1392.00     0.451601
      1393.00     0.450536
      1394.00     0.449471
      1395.00     0.448406
      1396.00     0.447341
      1397.00     0.447093
      1398.00     0.446844
      1399.00     0.446595
      1400.00     0.446347
      1401.00     0.445924
      1402.00     0.445500
      1403.00     0.445076
      1404.00     0.444653
      1405.00     0.444750
      1406.00     0.444846
      1407.00     0.444942
      1408.00     0.445039
      1409.00     0.445554
      1410.00     0.446069
      1411.00     0.446585
      1412.00     0.447100
      1413.00     0.447212
      1414.00     0.447325
      1415.00     0.447437
      1416.00     0.447550
      1417.00     0.448482
      1418.00     0.449414
      1419.00     0.450345
      1420.00     0.451277
      1421.00     0.451544
      1422.00     0.451811
      1423.00     0.452078
      1424.00     0.452345
      1425.00     0.452659
      1426.00     0.452972
      1427.00     0.453286
      1428.00     0.453599
      1429.00     0.453734
      1430.00     0.453869
      1431.00     0.454004
      1432.00     0.454139
      1433.00     0.454597
      1434.00     0.455055
      1435.00     0.455514
      1436.00     0.455972
      1437.00     0.456050
      1438.00     0.456129
      1439.00     0.456207
      1440.00     0.456285
      1441.00     0.456059
      1442.00     0.455833
      1443.00     0.455606
      1444.00     0.455380
      1445.00     0.455527
      1446.00     0.455674
      1447.00     0.455821
      1448.00     0.455968
      1449.00     0.456080
      1450.00     0.456191
      1451.00     0.456302
      1452.00     0.456414
      1453.00     0.456598
      1454.00     0.456783
      1455.00     0.456967
      1456.00     0.457152
      1457.00     0.457545
      1458.00     0.457939
      1459.00     0.458333
      1460.00     0.458726
      1461.00     0.458681
      1462.00     0.458636
      1463.00     0.458590
      1464.00     0.458545
      1465.00     0.458545
      1466.00     0.458545
      1467.00     0.458545
      1468.00     0.458545
      1469.00     0.458201
      1470.00     0.457857
      1471.00     0.457512
      1472.00     0.457168
      1473.00     0.457134
      1474.00     0.457100
      1475.00     0.457066
      1476.00     0.457032
      1477.00     0.457546
      1478.00     0.458061
      1479.00     0.458575
      1480.00     0.459089
      1481.00     0.459715
      1482.00     0.460341
      1483.00     0.460967
      1484.00     0.461593
      1485.00     0.462233
      1486.00     0.462873
      1487.00     0.463512
      1488.00     0.464152
      1489.00     0.464277
      1490.00     0.464403
      1491.00     0.464529
      1492.00     0.464654
      1493.00     0.464774
      1494.00     0.464895
      1495.00     0.465015
      1496.00     0.465135
      1497.00     0.464904
      1498.00     0.464672
      1499.00     0.464440
      1500.00     0.464209
      1501.00     0.464644
      1502.00     0.465078
      1503.00     0.465513
      1504.00     0.465948
      1505.00     0.466548
      1506.00     0.467147
      1507.00     0.467747
      1508.00     0.468347
      1509.00     0.468619
      1510.00     0.468891
      1511.00     0.469163
      1512.00     0.469435
      1513.00     0.469149
      1514.00     0.468862
      1515.00     0.468575
      1516.00     0.468289
      1517.00     0.468933
      1518.00     0.469576
      1519.00     0.470220
      1520.00     0.470864
      1521.00     0.471173
      1522.00     0.471482
      1523.00     0.471792
      1524.00     0.472101
      1525.00     0.472185
      1526.00     0.472269
      1527.00     0.472354
      1528.00     0.472438
      1529.00     0.472438
      1530.00     0.472438
      1531.00     0.472438
      1532.00     0.472438
      1533.00     0.472261
      1534.00     0.472084
      1535.00     0.471907
      1536.00     0.471730
      1537.00     0.472093
      1538.00     0.472457
      1539.00     0.472821
      1540.00     0.473184
      1541.00     0.473631
      1542.00     0.474079
      1543.00     0.474526
      1544.00     0.474973
      1545.00     0.474646
      1546.00     0.474320
      1547.00     0.473993
      1548.00     0.473666
      1549.00     0.474495
      1550.00     0.475323
      1551.00     0.476152
      1552.00     0.476981
      1553.00     0.477170
      1554.00     0.477359
      1555.00     0.477548
      1556.00     0.477737
      1557.00     0.478149
      1558.00     0.478561
      1559.00     0.478974
      1560.00     0.479386
      1561.00     0.479331
      1562.00     0.479275
      1563.00     0.479220
      1564.00     0.479165
      1565.00     0.479554
      1566.00     0.479944
      1567.00     0.480334
      1568.00     0.480723
      1569.00     0.480675
      1570.00     0.480627
      1571.00     0.480580
      1572.00     0.480532
      1573.00     0.479807
      1574.00     0.479083
      1575.00     0.478358
      1576.00     0.477633
      1577.00     0.477779
      1578.00     0.477925
      1579.00     0.478071
      1580.00     0.478217
      1581.00     0.478780
      1582.00     0.479342
      1583.00     0.479905
      1584.00     0.480468
      1585.00     0.480420
      1586.00     0.480372
      1587.00     0.480325
      1588.00     0.480277
      1589.00     0.479912
      1590.00     0.479546
      1591.00     0.479181
      1592.00     0.478816
      1593.00     0.478911
      1594.00     0.479006
      1595.00     0.479101
      1596.00     0.479196
      1597.00     0.479149
      1598.00     0.479101
      1599.00     0.479053
      1600.00     0.479006
      1601.00     0.478761
      1602.00     0.478517
      1603.00     0.478272
      1604.00     0.478028
      1605.00     0.477652
      1606.00     0.477275
      1607.00     0.476899
      1608.00     0.476523
      1609.00     0.476511
      1610.00     0.476499
      1611.00     0.476487
      1612.00     0.476475
      1613.00     0.477394
      1614.00     0.478313
      1615.00     0.479232
      1616.00     0.480151
      1617.00     0.480610
      1618.00     0.481068
      1619.00     0.481527
      1620.00     0.481986
      1621.00     0.481918
      1622.00     0.481850
      1623.00     0.481782
      1624.00     0.481714
      1625.00     0.481540
      1626.00     0.481366
      1627.00     0.481192
      1628.00     0.481018
      1629.00     0.481335
      1630.00     0.481651
      1631.00     0.481968
      1632.00     0.482285
      1633.00     0.483238
      1634.00     0.484190
      1635.00     0.485142
      1636.00     0.486095
      1637.00     0.485712
      1638.00     0.485328
      1639.00     0.484945
      1640.00     0.484562
      1641.00     0.484323
      1642.00     0.484084
      1643.00     0.483844
      1644.00     0.483605
      1645.00     0.483892
      1646.00     0.484179
      1647.00     0.484467
      1648.00     0.484754
      1649.00     0.484456
      1650.00     0.484159
      1651.00     0.483862
      1652.00     0.483564
      1653.00     0.484101
      1654.00     0.484639
      1655.00     0.485177
      1656.00     0.485714
      1657.00     0.485569
      1658.00     0.485424
      1659.00     0.485278
      1660.00     0.485133
      1661.00     0.485643
      1662.00     0.486154
      1663.00     0.486664
      1664.00     0.487174
      1665.00     0.486857
      1666.00     0.486540
      1667.00     0.486223
      1668.00     0.485906
      1669.00     0.485093
      1670.00     0.484280
      1671.00     0.483468
      1672.00     0.482655
      1673.00     0.483254
      1674.00     0.483853
      1675.00     0.484453
      1676.00     0.485052
      1677.00     0.485130
      1678.00     0.485207
      1679.00     0.485285
      1680.00     0.485363
      1681.00     0.485726
      1682.00     0.486089
      1683.00     0.486451
      1684.00     0.486814
      1685.00     0.486451
      1686.00     0.486089
      1687.00     0.485726
      1688.00     0.485363
      1689.00     0.485600
      1690.00     0.485837
      1691.00     0.486074
      1692.00     0.486311
      1693.00     0.485836
      1694.00     0.485361
      1695.00     0.484885
      1696.00     0.484410
      1697.00     0.484598
      1698.00     0.484786
      1699.00     0.484974
      1700.00     0.485162
      1701.00     0.484690
      1702.00     0.484218
      1703.00     0.483745
      1704.00     0.483273
      1705.00     0.483889
      1706.00     0.484504
      1707.00     0.485120
      1708.00     0.485735
      1709.00     0.485622
      1710.00     0.485510
      1711.00     0.485397
      1712.00     0.485284
      1713.00     0.485904
      1714.00     0.486524
      1715.00     0.487143
      1716.00     0.487763
      1717.00     0.487636
      1718.00     0.487509
      1719.00     0.487383
      1720.00     0.487256
      1721.00     0.487008
      1722.00     0.486760
      1723.00     0.486513
      1724.00     0.486265
      1725.00     0.486561
      1726.00     0.486858
      1727.00     0.487154
      1728.00     0.487450
      1729.00     0.487044
      1730.00     0.486638
      1731.00     0.486232
      1732.00     0.485826
      1733.00     0.485710
      1734.00     0.485595
      1735.00     0.485479
      1736.00     0.485363
      1737.00     0.485600
      1738.00     0.485837
      1739.00     0.486074
      1740.00     0.486311
      1741.00     0.485789
      1742.00     0.485267
      1743.00     0.484745
      1744.00     0.484223
      1745.00     0.484556
      1746.00     0.484888
      1747.00     0.485221
      1748.00     0.485554
      1749.00     0.486129
      1750.00     0.486704
      1751.00     0.487278
      1752.00     0.487853
      1753.00     0.487876
      1754.00     0.487898
      1755.00     0.487920
      1756.00     0.487943
      1757.00     0.487846
      1758.00     0.487749
      1759.00     0.487652
      1760.00     0.487555
      1761.00     0.487630
      1762.00     0.487704
      1763.00     0.487779
      1764.00     0.487853
      1765.00     0.487879
      1766.00     0.487905
      1767.00     0.487930
      1768.00     0.487956
      1769.00     0.487622
      1770.00     0.487289
      1771.00     0.486956
      1772.00     0.486622
      1773.00     0.487220
      1774.00     0.487818
      1775.00     0.488416
      1776.00     0.489014
      1777.00     0.488727
      1778.00     0.488440
      1779.00     0.488153
      1780.00     0.487866
      1781.00     0.488447
      1782.00     0.489029
      1783.00     0.489610
      1784.00     0.490191
      1785.00     0.490143
      1786.00     0.490094
      1787.00     0.490045
      1788.00     0.489997
      1789.00     0.489877
      1790.00     0.489756
      1791.00     0.489635
      1792.00     0.489515
      1793.00     0.489442
      1794.00     0.489370
      1795.00     0.489297
      1796.00     0.489224
      1797.00     0.489538
      1798.00     0.489852
      1799.00     0.490167
      1800.00     0.490481
      1801.00     0.490795
      1802.00     0.491110
      1803.00     0.491425
      1804.00     0.491739
      1805.00     0.491545
      1806.00     0.491351
      1807.00     0.491157
      1808.00     0.490963
      1809.00     0.490963
      1810.00     0.490963
      1811.00     0.490963
      1812.00     0.490963
      1813.00     0.490794
      1814.00     0.490625
      1815.00     0.490456
      1816.00     0.490287
      1817.00     0.489812
      1818.00     0.489338
      1819.00     0.488864
      1820.00     0.488389
      1821.00     0.488623
      1822.00     0.488856
      1823.00     0.489090
      1824.00     0.489323
      1825.00     0.489149
      1826.00     0.488975
      1827.00     0.488801
      1828.00     0.488627
      1829.00     0.488333
      1830.00     0.488039
      1831.00     0.487744
      1832.00     0.487450
      1833.00     0.488085
      1834.00     0.488721
      1835.00     0.489356
      1836.00     0.489991
      1837.00     0.490063
      1838.00     0.490136
      1839.00     0.490209
      1840.00     0.490281
      1841.00     0.489722
      1842.00     0.489164
      1843.00     0.488605
      1844.00     0.488047
      1845.00     0.487832
      1846.00     0.487616
      1847.00     0.487400
      1848.00     0.487185
      1849.00     0.487454
      1850.00     0.487723
      1851.00     0.487993
      1852.00     0.488262
      1853.00     0.488575
      1854.00     0.488889
      1855.00     0.489202
      1856.00     0.489515
      1857.00     0.488589
      1858.00     0.487664
      1859.00     0.486739
      1860.00     0.485813
      1861.00     0.485553
      1862.00     0.485292
      1863.00     0.485032
      1864.00     0.484772
      1865.00     0.483193
      1866.00     0.481613
      1867.00     0.480034
      1868.00     0.478454
      1869.00     0.476853
      1870.00     0.475253
      1871.00     0.473652
      1872.00     0.472051
      1873.00     0.470406
      1874.00     0.468761
      1875.00     0.467116
      1876.00     0.465471
      1877.00     0.464229
      1878.00     0.462987
      1879.00     0.461744
      1880.00     0.460502
      1881.00     0.458609
      1882.00     0.456717
      1883.00     0.454824
      1884.00     0.452931
      1885.00     0.450206
      1886.00     0.447481
      1887.00     0.444756
      1888.00     0.442031
      1889.00     0.439390
      1890.00     0.436750
      1891.00     0.434110
      1892.00     0.431469
      1893.00     0.428979
      1894.00     0.426490
      1895.00     0.424000
      1896.00     0.421510
      1897.00     0.419830
      1898.00     0.418150
      1899.00     0.416470
      1900.00     0.414790
      1901.00     0.413236
      1902.00     0.411681
      1903.00     0.410127
      1904.00     0.408572
      1905.00     0.408448
      1906.00     0.408324
      1907.00     0.408200
      1908.00     0.408076
      1909.00     0.407921
      1910.00     0.407767
      1911.00     0.407613
      1912.00     0.407458
      1913.00     0.408262
      1914.00     0.409065
      1915.00     0.409869
      1916.00     0.410672
      1917.00     0.411326
      1918.00     0.411981
      1919.00     0.412635
      1920.00     0.413289
      1921.00     0.413418
      1922.00     0.413548
      1923.00     0.413678
      1924.00     0.413807
      1925.00     0.414230
      1926.00     0.414653
      1927.00     0.415076
      1928.00     0.415499
      1929.00     0.415703
      1930.00     0.415906
      1931.00     0.416110
      1932.00     0.416313
      1933.00     0.416956
      1934.00     0.417599
      1935.00     0.418242
      1936.00     0.418885
      1937.00     0.419932
      1938.00     0.420979
      1939.00     0.422026
      1940.00     0.423073
      1941.00     0.422859
      1942.00     0.422645
      1943.00     0.422431
      1944.00     0.422217
      1945.00     0.422794
      1946.00     0.423371
      1947.00     0.423948
      1948.00     0.424525
      1949.00     0.425202
      1950.00     0.425879
      1951.00     0.426555
      1952.00     0.427232
      1953.00     0.427704
      1954.00     0.428176
      1955.00     0.428647
      1956.00     0.429119
      1957.00     0.429445
      1958.00     0.429771
      1959.00     0.430097
      1960.00     0.430423
      1961.00     0.430929
      1962.00     0.431436
      1963.00     0.431942
      1964.00     0.432448
      1965.00     0.432974
      1966.00     0.433500
      1967.00     0.434025
      1968.00     0.434551
      1969.00     0.434719
      1970.00     0.434887
      1971.00     0.435054
      1972.00     0.435222
      1973.00     0.436203
      1974.00     0.437184
      1975.00     0.438165
      1976.00     0.439146
      1977.00     0.439987
      1978.00     0.440827
      1979.00     0.441667
      1980.00     0.442508
      1981.00     0.442896
      1982.00     0.443283
      1983.00     0.443671
      1984.00     0.444058
      1985.00     0.444762
      1986.00     0.445466
      1987.00     0.446170
      1988.00     0.446874
      1989.00     0.448134
      1990.00     0.449393
      1991.00     0.450653
      1992.00     0.451912
      1993.00     0.452529
      1994.00     0.453146
      1995.00     0.453763
      1996.00     0.454380
      1997.00     0.454902
      1998.00     0.455425
      1999.00     0.455947
      2000.00     0.456470
      2001.00     0.456372
      2002.00     0.456273
      2003.00     0.456175
      2004.00     0.456077
      2005.00     0.456077
      2006.00     0.456077
      2007.00     0.456077
      2008.00     0.456077
      2009.00     0.456773
      2010.00     0.457469
      2011.00     0.458165
      2012.00     0.458861
      2013.00     0.458818
      2014.00     0.458775
      2015.00     0.458731
      2016.00     0.458688
      2017.00     0.459518
      2018.00     0.460349
      2019.00     0.461179
      2020.00     0.462009
      2021.00     0.461609
      2022.00     0.461209
      2023.00     0.460810
      2024.00     0.460410
      2025.00     0.460151
      2026.00     0.459893
      2027.00     0.459635
      2028.00     0.459376
      2029.00     0.459633
      2030.00     0.459890
      2031.00     0.460148
      2032.00     0.460405
      2033.00     0.460749
      2034.00     0.461092
      2035.00     0.461436
      2036.00     0.461780
      2037.00     0.461823
      2038.00     0.461866
      2039.00     0.461910
      2040.00     0.461953
      2041.00     0.462037
      2042.00     0.462122
      2043.00     0.462206
      2044.00     0.462290
      2045.00     0.462627
      2046.00     0.462963
      2047.00     0.463300
      2048.00     0.463636
      2049.00     0.464063
      2050.00     0.464491
      2051.00     0.464918
      2052.00     0.465346
      2053.00     0.465518
      2054.00     0.465689
      2055.00     0.465861
      2056.00     0.466033
      2057.00     0.466501
      2058.00     0.466970
      2059.00     0.467438
      2060.00     0.467907
      2061.00     0.468082
      2062.00     0.468257
      2063.00     0.468433
      2064.00     0.468608
      2065.00     0.468784
      2066.00     0.468960
      2067.00     0.469135
      2068.00     0.469311
      2069.00     0.468698
      2070.00     0.468085
      2071.00     0.467472
      2072.00     0.466859
      2073.00     0.466902
      2074.00     0.466946
      2075.00     0.466990
      2076.00     0.467033
      2077.00     0.466928
      2078.00     0.466822
      2079.00     0.466717
      2080.00     0.467105
      2081.00     0.467574
      2082.00     0.468720
      2083.00     0.467799
      2084.00     0.467345
      2085.00     0.467099
      2086.00     0.466591
      2087.00     0.466617
      2088.00     0.467125
      2089.00     0.467563
      2090.00     0.467932
      2091.00     0.468697
      2092.00     0.468928
      2093.00     0.468097
      2094.00     0.467565
      2095.00     0.467343
      2096.00     0.467028
      2097.00     0.466505
      2098.00     0.466781
      2099.00     0.467602
      2100.00     0.468237
      2101.00     0.468756
      2102.00     0.468929
      2103.00     0.468599
      2104.00     0.467870
      2105.00     0.467899
      2106.00     0.468303
      2107.00     0.468219
      2108.00     0.468330
      2109.00     0.468037
      2110.00     0.466996
      2111.00     0.466000
      2112.00     0.465798
      2113.00     0.466246
      2114.00     0.467238
      2115.00     0.468103
      2116.00     0.467958
      2117.00     0.467608
      2118.00     0.468021
      2119.00     0.468281
      2120.00     0.468308
      2121.00     0.468215
      2122.00     0.467648
      2123.00     0.467449
      2124.00     0.467671
      2125.00     0.467996
      2126.00     0.468049
      2127.00     0.467707
      2128.00     0.467304
      2129.00     0.467213
      2130.00     0.466994
      2131.00     0.466561
      2132.00     0.466493
      2133.00     0.466627
      2134.00     0.466399
      2135.00     0.466496
      2136.00     0.466884
      2137.00     0.466762
      2138.00     0.466841
      2139.00     0.467469
      2140.00     0.467461
      2141.00     0.466534
      2142.00     0.466182
      2143.00     0.466344
      2144.00     0.466437
      2145.00     0.466693
      2146.00     0.466957
      2147.00     0.466709
      2148.00     0.466178
      2149.00     0.465942
      2150.00     0.465622
      2151.00     0.464830
      2152.00     0.463976
      2153.00     0.463039
      2154.00     0.462483
      2155.00     0.462526
      2156.00     0.462861
      2157.00     0.463071
      2158.00     0.462779
      2159.00     0.461971
      2160.00     0.461178
      2161.00     0.460536
      2162.00     0.460108
      2163.00     0.459764
      2164.00     0.459726
      2165.00     0.459420
      2166.00     0.458787
      2167.00     0.458498
      2168.00     0.458105
      2169.00     0.457678
      2170.00     0.457242
      2171.00     0.456592
      2172.00     0.456025
      2173.00     0.455640
      2174.00     0.455517
      2175.00     0.455534
      2176.00     0.455322
      2177.00     0.454613
      2178.00     0.453761
      2179.00     0.453449
      2180.00     0.453502
      2181.00     0.452921
      2182.00     0.452599
      2183.00     0.452071
      2184.00     0.450885
      2185.00     0.450176
      2186.00     0.450027
      2187.00     0.449903
      2188.00     0.449387
      2189.00     0.448840
      2190.00     0.448359
      2191.00     0.447718
      2192.00     0.447184
      2193.00     0.446764
      2194.00     0.446269
      2195.00     0.445715
      2196.00     0.445247
      2197.00     0.444860
      2198.00     0.444375
      2199.00     0.443789
      2200.00     0.443127
      2201.00     0.442453
      2202.00     0.441704
      2203.00     0.440790
      2204.00     0.439876
      2205.00     0.438932
      2206.00     0.437763
      2207.00     0.436889
      2208.00     0.436635
      2209.00     0.437221
      2210.00     0.438261
      2211.00     0.439678
      2212.00     0.441286
      2213.00     0.442921
      2214.00     0.444212
      2215.00     0.445335
      2216.00     0.446354
      2217.00     0.447469
      2218.00     0.448450
      2219.00     0.449301
      2220.00     0.450153
      2221.00     0.450895
      2222.00     0.451447
      2223.00     0.451672
      2224.00     0.451652
      2225.00     0.451845
      2226.00     0.452123
      2227.00     0.452273
      2228.00     0.452654
      2229.00     0.452822
      2230.00     0.453007
      2231.00     0.453328
      2232.00     0.453628
      2233.00     0.453825
      2234.00     0.454000
      2235.00     0.454284
      2236.00     0.454429
      2237.00     0.454314
      2238.00     0.454255
      2239.00     0.454459
      2240.00     0.454799
      2241.00     0.455039
      2242.00     0.455095
      2243.00     0.455105
      2244.00     0.455076
      2245.00     0.454571
      2246.00     0.453963
      2247.00     0.453570
      2248.00     0.453297
      2249.00     0.453262
      2250.00     0.453074
      2251.00     0.452977
      2252.00     0.453256
      2253.00     0.453180
      2254.00     0.452843
      2255.00     0.452548
      2256.00     0.452401
      2257.00     0.452678
      2258.00     0.452775
      2259.00     0.452542
      2260.00     0.452398
      2261.00     0.452560
      2262.00     0.452370
      2263.00     0.451940
      2264.00     0.451645
      2265.00     0.451653
      2266.00     0.451847
      2267.00     0.451881
      2268.00     0.451653
      2269.00     0.451613
      2270.00     0.451426
      2271.00     0.450969
      2272.00     0.450584
      2273.00     0.450576
      2274.00     0.450925
      2275.00     0.451307
      2276.00     0.451369
      2277.00     0.451382
      2278.00     0.451492
      2279.00     0.451573
      2280.00     0.451478
      2281.00     0.451347
      2282.00     0.451226
      2283.00     0.451068
      2284.00     0.450707
      2285.00     0.450090
      2286.00     0.449539
      2287.00     0.449283
      2288.00     0.449093
      2289.00     0.448953
      2290.00     0.449118
      2291.00     0.449291
      2292.00     0.449039
      2293.00     0.448592
      2294.00     0.448102
      2295.00     0.447652
      2296.00     0.447241
      2297.00     0.446729
      2298.00     0.446391
      2299.00     0.446127
      2300.00     0.445953
      2301.00     0.445841
      2302.00     0.445380
      2303.00     0.444774
      2304.00     0.444410
      2305.00     0.443952
      2306.00     0.443507
      2307.00     0.443169
      2308.00     0.443176
      2309.00     0.443269
      2310.00     0.443148
      2311.00     0.442937
      2312.00     0.442841
      2313.00     0.442815
      2314.00     0.442683
      2315.00     0.442419
      2316.00     0.442181
      2317.00     0.442047
      2318.00     0.441872
      2319.00     0.441550
      2320.00     0.441221
      2321.00     0.440981
      2322.00     0.440732
      2323.00     0.440436
      2324.00     0.440281
      2325.00     0.440351
      2326.00     0.440377
      2327.00     0.440258
      2328.00     0.439946
      2329.00     0.439572
      2330.00     0.439210
      2331.00     0.438546
      2332.00     0.438238
      2333.00     0.438049
      2334.00     0.437606
      2335.00     0.437001
      2336.00     0.436504
      2337.00     0.436233
      2338.00     0.435995
      2339.00     0.435589
      2340.00     0.435282
      2341.00     0.435008
      2342.00     0.434424
      2343.00     0.433604
      2344.00     0.432933
      2345.00     0.432577
      2346.00     0.432299
      2347.00     0.432018
      2348.00     0.431847
      2349.00     0.431823
      2350.00     0.431847
      2351.00     0.431678
      2352.00     0.431532
      2353.00     0.431456
      2354.00     0.431444
      2355.00     0.431524
      2356.00     0.431623
      2357.00     0.431744
      2358.00     0.431845
      2359.00     0.431816
      2360.00     0.431676
      2361.00     0.431606
      2362.00     0.431611
      2363.00     0.431738
      2364.00     0.431864
      2365.00     0.431972
      2366.00     0.431994
      2367.00     0.431755
      2368.00     0.431429
      2369.00     0.431046
      2370.00     0.430430
      2371.00     0.429668
      2372.00     0.428999
      2373.00     0.428523
      2374.00     0.428291
      2375.00     0.428326
      2376.00     0.428554
      2377.00     0.428776
      2378.00     0.428809
      2379.00     0.428511
      2380.00     0.427837
      2381.00     0.426989
      2382.00     0.426219
      2383.00     0.425823
      2384.00     0.425726
      2385.00     0.425601
      2386.00     0.425326
      2387.00     0.425111
      2388.00     0.424963
      2389.00     0.424669
      2390.00     0.424458
      2391.00     0.424557
      2392.00     0.424859
      2393.00     0.425045
      2394.00     0.424952
      2395.00     0.424740
      2396.00     0.424529
      2397.00     0.424292
      2398.00     0.424082
      2399.00     0.424069
      2400.00     0.424182
      2401.00     0.424229
      2402.00     0.424150
      2403.00     0.423995
      2404.00     0.423749
      2405.00     0.423336
      2406.00     0.422886
      2407.00     0.422612
      2408.00     0.422534
      2409.00     0.422377
      2410.00     0.421984
      2411.00     0.421560
      2412.00     0.421173
      2413.00     0.420655
      2414.00     0.420070
      2415.00     0.419616
      2416.00     0.419355
      2417.00     0.419170
      2418.00     0.418915
      2419.00     0.418544
      2420.00     0.418050
      2421.00     0.417362
      2422.00     0.416563
      2423.00     0.415698
      2424.00     0.414824
      2425.00     0.414006
      2426.00     0.413349
      2427.00     0.412919
      2428.00     0.412603
      2429.00     0.412159
      2430.00     0.411570
      2431.00     0.410976
      2432.00     0.410395
      2433.00     0.409782
      2434.00     0.409225
      2435.00     0.408834
      2436.00     0.408379
      2437.00     0.407727
      2438.00     0.407087
      2439.00     0.406464
      2440.00     0.405921
      2441.00     0.405487
      2442.00     0.404935
      2443.00     0.404367
      2444.00     0.403897
      2445.00     0.403465
      2446.00     0.402877
      2447.00     0.402150
      2448.00     0.401444
      2449.00     0.400911
      2450.00     0.400585
      2451.00     0.400074
      2452.00     0.399591
      2453.00     0.399165
      2454.00     0.398795
      2455.00     0.398391
      2456.00     0.397861
      2457.00     0.397270
      2458.00     0.397025
      2459.00     0.396940
      2460.00     0.396947
      2461.00     0.396945
      2462.00     0.396743
      2463.00     0.396259
      2464.00     0.395690
      2465.00     0.395131
      2466.00     0.394683
      2467.00     0.394216
      2468.00     0.393653
      2469.00     0.393087
      2470.00     0.392650
      2471.00     0.392262
      2472.00     0.391731
      2473.00     0.391283
      2474.00     0.391008
      2475.00     0.390852
      2476.00     0.390671
      2477.00     0.390383
      2478.00     0.389952
      2479.00     0.389488
      2480.00     0.389114
      2481.00     0.388733
      2482.00     0.388268
      2483.00     0.387784
      2484.00     0.387450
      2485.00     0.387139
      2486.00     0.386792
      2487.00     0.386483
      2488.00     0.386242
      2489.00     0.386077
      2490.00     0.385998
      2491.00     0.385920
      2492.00     0.385876
      2493.00     0.385897
      2494.00     0.385820
      2495.00     0.385505
      2496.00     0.385053
      2497.00     0.384750
      2498.00     0.384443
      2499.00     0.384149
      2500.00     0.383899
