      400.000   0.00783200
      401.000   0.00873000
      402.000    0.0109730
      403.000    0.0118560
      404.000    0.0105210
      405.000    0.0118630
      406.000    0.0118800
      407.000    0.0166970
      408.000    0.0188830
      409.000    0.0166830
      410.000    0.0166900
      411.000    0.0188830
      412.000    0.0210520
      413.000    0.0197270
      414.000    0.0214890
      415.000    0.0236800
      416.000    0.0236470
      417.000    0.0245260
      418.000    0.0264360
      419.000    0.0282010
      420.000    0.0310040
      421.000    0.0282510
      422.000    0.0327660
      423.000    0.0339290
      424.000    0.0351450
      425.000    0.0359500
      426.000    0.0359020
      427.000    0.0382450
      428.000    0.0382700
      429.000    0.0425870
      430.000    0.0439090
      431.000    0.0426460
      432.000    0.0441530
      433.000    0.0469800
      434.000    0.0468450
      435.000    0.0481300
      436.000    0.0514870
      437.000    0.0514090
      438.000    0.0528020
      439.000    0.0535450
      440.000    0.0563410
      441.000    0.0569450
      442.000    0.0579900
      443.000    0.0577240
      444.000    0.0577240
      445.000    0.0581670
      446.000    0.0609070
      447.000    0.0615160
      448.000    0.0673190
      449.000    0.0658240
      450.000    0.0662100
      451.000    0.0653150
      452.000    0.0631110
      453.000    0.0694180
      454.000    0.0700940
      455.000    0.0724560
      456.000    0.0739340
      457.000    0.0742350
      458.000    0.0725010
      459.000    0.0720930
      460.000    0.0735100
      461.000    0.0749410
      462.000    0.0763970
      463.000    0.0776380
      464.000    0.0766600
      465.000    0.0782910
      466.000    0.0781600
      467.000    0.0782910
      468.000    0.0790050
      469.000    0.0803730
      470.000    0.0818790
      471.000    0.0819480
      472.000    0.0816060
      473.000    0.0815370
      474.000    0.0834370
      475.000    0.0851320
      476.000    0.0851320
      477.000    0.0842760
      478.000    0.0872910
      479.000    0.0885130
      480.000    0.0894280
      481.000    0.0899600
      482.000    0.0906480
      483.000    0.0907250
      484.000    0.0926270
      485.000    0.0952160
      486.000    0.0950560
      487.000    0.0974300
      488.000    0.0963490
      489.000    0.0985600
      490.000     0.100268
      491.000    0.0980340
      492.000     0.100058
      493.000     0.102624
      494.000     0.103562
      495.000     0.104941
      496.000     0.104595
      497.000     0.106539
      498.000     0.106715
      499.000     0.107738
      500.000     0.107916
      501.000     0.112704
      502.000     0.114462
      503.000     0.114907
      504.000     0.115734
      505.000     0.115356
      506.000     0.116829
      507.000     0.116925
      508.000     0.119664
      509.000     0.121936
      510.000     0.122034
      511.000     0.122562
      512.000     0.122822
      513.000     0.125598
      514.000     0.127309
      515.000     0.130090
      516.000     0.128287
      517.000     0.130854
      518.000     0.130750
      519.000     0.133104
      520.000     0.135133
      521.000     0.135348
      522.000     0.135989
      523.000     0.138700
      524.000     0.137381
      525.000     0.139291
      526.000     0.140595
      527.000     0.142659
      528.000     0.145224
      529.000     0.144635
      530.000     0.147083
      531.000     0.148249
      532.000     0.151048
      533.000     0.152327
      534.000     0.152683
      535.000     0.154325
      536.000     0.156892
      537.000     0.158664
      538.000     0.158664
      539.000     0.160982
      540.000     0.161259
      541.000     0.163812
      542.000     0.163584
      543.000     0.165750
      544.000     0.168029
      545.000     0.167641
      546.000     0.169308
      547.000     0.171207
      548.000     0.170338
      549.000     0.173967
      550.000     0.173439
      551.000     0.173975
      552.000     0.175841
      553.000     0.177481
      554.000     0.177971
      555.000     0.181634
      556.000     0.181366
      557.000     0.180075
      558.000     0.181139
      559.000     0.193884
      560.000     0.195999
      561.000     0.198150
      562.000     0.199834
      563.000     0.202119
      564.000     0.204026
      565.000     0.206005
      566.000     0.204849
      567.000     0.205063
      568.000     0.203621
      569.000     0.208769
      570.000     0.208722
      571.000     0.210830
      572.000     0.211305
      573.000     0.214877
      574.000     0.215694
      575.000     0.216851
      576.000     0.218173
      577.000     0.218955
      578.000     0.222003
      579.000     0.220700
      580.000     0.219961
      581.000     0.221833
      582.000     0.220615
      583.000     0.225471
      584.000     0.224422
      585.000     0.227143
      586.000     0.226107
      587.000     0.227776
      588.000     0.228853
      589.000     0.231122
      590.000     0.232808
      591.000     0.231302
      592.000     0.232454
      593.000     0.233519
      594.000     0.235555
      595.000     0.238030
      596.000     0.239058
      597.000     0.237739
      598.000     0.238751
      599.000     0.238789
      600.000     0.238490
      601.000     0.236712
      602.000     0.239374
      603.000     0.240137
      604.000     0.239531
      605.000     0.240943
      606.000     0.241225
      607.000     0.243441
      608.000     0.245830
      609.000     0.247115
      610.000     0.246754
      611.000     0.249499
      612.000     0.251973
      613.000     0.253717
      614.000     0.255100
      615.000     0.254271
      616.000     0.254457
      617.000     0.255931
      618.000     0.255931
      619.000     0.257702
      620.000     0.260478
      621.000     0.259263
      622.000     0.257570
      623.000     0.257383
      624.000     0.259419
      625.000     0.260964
      626.000     0.260207
      627.000     0.261424
      628.000     0.262374
      629.000     0.265722
      630.000     0.268631
      631.000     0.271816
      632.000     0.269598
      633.000     0.270693
      634.000     0.273672
      635.000     0.274965
      636.000     0.273576
      637.000     0.272199
      638.000     0.272626
      639.000     0.270833
      640.000     0.272499
      641.000     0.274170
      642.000     0.275157
      643.000     0.274863
      644.000     0.276349
      645.000     0.273707
      646.000     0.276727
      647.000     0.277324
      648.000     0.279005
      649.000     0.278245
      650.000     0.280966
      651.000     0.282381
      652.000     0.282992
      653.000     0.286445
      654.000     0.283260
      655.000     0.287684
      656.000     0.289185
      657.000     0.287732
      658.000     0.287732
      659.000     0.286076
      660.000     0.285322
      661.000     0.286309
      662.000     0.289555
      663.000     0.286713
      664.000     0.286713
      665.000     0.291417
      666.000     0.294007
      667.000     0.292511
      668.000     0.292962
      669.000     0.293379
      670.000     0.293171
      671.000     0.294246
      672.000     0.294366
      673.000     0.294366
      674.000     0.294366
      675.000     0.294483
      676.000     0.297674
      677.000     0.298322
      678.000     0.297754
      679.000     0.300947
      680.000     0.301371
      681.000     0.303937
      682.000     0.302232
      683.000     0.301385
      684.000     0.300964
      685.000     0.302447
      686.000     0.302020
      687.000     0.304998
      688.000     0.306061
      689.000     0.304607
      690.000     0.306061
      691.000     0.309673
      692.000     0.309890
      693.000     0.308808
      694.000     0.308808
      695.000     0.309673
      696.000     0.311003
      697.000     0.312733
      698.000     0.311506
      699.000     0.312266
      700.000     0.312481
      701.000     0.313519
      702.000     0.315807
      703.000     0.315590
      704.000     0.314942
      705.000     0.314942
      706.000     0.314726
      707.000     0.317222
      708.000     0.316140
      709.000     0.319937
      710.000     0.320595
      711.000     0.319282
      712.000     0.320898
      713.000     0.320561
      714.000     0.321368
      715.000     0.322801
      716.000     0.324710
      717.000     0.322464
      718.000     0.324958
      719.000     0.327452
      720.000     0.327913
      721.000     0.324407
      722.000     0.324075
      723.000     0.327560
      724.000     0.326671
      725.000     0.326581
      726.000     0.328041
      727.000     0.328168
      728.000     0.330070
      729.000     0.329624
      730.000     0.330740
      731.000     0.331014
      732.000     0.334457
      733.000     0.333821
      734.000     0.334273
      735.000     0.333147
      736.000     0.334928
      737.000     0.333147
      738.000     0.335063
      739.000     0.338018
      740.000     0.338417
      741.000     0.334724
      742.000     0.336970
      743.000     0.338760
      744.000     0.338307
      745.000     0.339521
      746.000     0.339214
      747.000     0.341212
      748.000     0.342907
      749.000     0.344543
      750.000     0.344616
      751.000     0.342373
      752.000     0.341914
      753.000     0.345088
      754.000     0.345862
      755.000     0.344480
      756.000     0.345941
      757.000     0.345711
      758.000     0.348172
      759.000     0.347877
      760.000     0.344267
      761.000     0.346724
      762.000     0.347184
      763.000     0.351274
      764.000     0.348938
      765.000     0.349412
      766.000     0.349412
      767.000     0.352097
      768.000     0.353674
      769.000     0.352458
      770.000     0.350707
      771.000     0.353391
      772.000     0.351404
      773.000     0.351404
      774.000     0.351404
      775.000     0.355321
      776.000     0.355033
      777.000     0.355505
      778.000     0.357022
      779.000     0.357541
      780.000     0.356788
      781.000     0.357024
      782.000     0.356788
      783.000     0.358769
      784.000     0.360985
      785.000     0.358061
      786.000     0.359244
      787.000     0.360471
      788.000     0.360708
      789.000     0.358490
      790.000     0.359954
      791.000     0.359760
      792.000     0.362172
      793.000     0.362446
      794.000     0.361733
      795.000     0.362701
      796.000     0.361496
      797.000     0.365636
      798.000     0.362888
      799.000     0.362871
      800.000     0.360412
      801.000     0.360658
      802.000     0.360905
      803.000     0.361151
      804.000     0.361397
      805.000     0.361326
      806.000     0.361256
      807.000     0.361185
      808.000     0.361114
      809.000     0.360749
      810.000     0.360385
      811.000     0.360020
      812.000     0.359656
      813.000     0.360192
      814.000     0.360727
      815.000     0.361263
      816.000     0.361799
      817.000     0.362047
      818.000     0.362294
      819.000     0.362541
      820.000     0.362789
      821.000     0.362846
      822.000     0.362904
      823.000     0.362962
      824.000     0.363019
      825.000     0.363501
      826.000     0.363983
      827.000     0.364465
      828.000     0.364947
      829.000     0.364641
      830.000     0.364335
      831.000     0.364028
      832.000     0.363722
      833.000     0.363722
      834.000     0.363722
      835.000     0.363722
      836.000     0.363722
      837.000     0.363990
      838.000     0.364258
      839.000     0.364525
      840.000     0.364793
      841.000     0.365717
      842.000     0.366641
      843.000     0.367565
      844.000     0.368489
      845.000     0.368068
      846.000     0.367646
      847.000     0.367225
      848.000     0.366803
      849.000     0.366672
      850.000     0.366540
      851.000     0.366409
      852.000     0.366278
      853.000     0.366067
      854.000     0.365857
      855.000     0.365646
      856.000     0.365436
      857.000     0.365865
      858.000     0.366293
      859.000     0.366722
      860.000     0.367151
      861.000     0.367772
      862.000     0.368393
      863.000     0.369014
      864.000     0.369635
      865.000     0.369664
      866.000     0.369692
      867.000     0.369720
      868.000     0.369749
      869.000     0.369283
      870.000     0.368818
      871.000     0.368352
      872.000     0.367886
      873.000     0.367665
      874.000     0.367444
      875.000     0.367223
      876.000     0.367002
      877.000     0.367793
      878.000     0.368584
      879.000     0.369374
      880.000     0.370165
      881.000     0.370657
      882.000     0.371149
      883.000     0.371641
      884.000     0.372133
      885.000     0.371371
      886.000     0.370609
      887.000     0.369847
      888.000     0.369085
      889.000     0.369691
      890.000     0.370297
      891.000     0.370904
      892.000     0.371510
      893.000     0.371510
      894.000     0.371510
      895.000     0.371510
      896.000     0.371510
      897.000     0.372345
      898.000     0.373181
      899.000     0.374016
      900.000     0.374851
      901.000     0.374865
      902.000     0.374878
      903.000     0.374892
      904.000     0.374906
      905.000     0.375573
      906.000     0.376240
      907.000     0.376906
      908.000     0.377573
      909.000     0.376991
      910.000     0.376409
      911.000     0.375826
      912.000     0.375244
      913.000     0.375668
      914.000     0.376092
      915.000     0.376517
      916.000     0.376941
      917.000     0.376765
      918.000     0.376588
      919.000     0.376412
      920.000     0.376236
      921.000     0.377063
      922.000     0.377890
      923.000     0.378717
      924.000     0.379544
      925.000     0.379960
      926.000     0.380376
      927.000     0.380792
      928.000     0.381208
      929.000     0.381204
      930.000     0.381199
      931.000     0.381195
      932.000     0.381191
      933.000     0.380951
      934.000     0.380711
      935.000     0.380471
      936.000     0.380231
      937.000     0.381530
      938.000     0.382829
      939.000     0.384128
      940.000     0.385427
      941.000     0.385485
      942.000     0.385544
      943.000     0.385602
      944.000     0.385660
      945.000     0.386135
      946.000     0.386610
      947.000     0.387084
      948.000     0.387559
      949.000     0.387568
      950.000     0.387578
      951.000     0.387587
      952.000     0.387596
      953.000     0.387719
      954.000     0.387842
      955.000     0.387964
      956.000     0.388087
      957.000     0.387975
      958.000     0.387862
      959.000     0.387749
      960.000     0.387637
      961.000     0.387637
      962.000     0.387637
      963.000     0.387637
      964.000     0.387637
      965.000     0.388232
      966.000     0.388826
      967.000     0.389421
      968.000     0.390016
      969.000     0.389492
      970.000     0.388968
      971.000     0.388444
      972.000     0.387920
      973.000     0.388511
      974.000     0.389102
      975.000     0.389693
      976.000     0.390284
      977.000     0.391110
      978.000     0.391935
      979.000     0.392761
      980.000     0.393587
      981.000     0.393413
      982.000     0.393240
      983.000     0.393066
      984.000     0.392893
      985.000     0.393483
      986.000     0.394074
      987.000     0.394664
      988.000     0.395255
      989.000     0.394611
      990.000     0.393968
      991.000     0.393324
      992.000     0.392680
      993.000     0.394090
      994.000     0.395501
      995.000     0.396911
      996.000     0.398321
      997.000     0.398502
      998.000     0.398683
      999.000     0.398865
      1000.00     0.399046
      1001.00     0.398985
      1002.00     0.398925
      1003.00     0.398865
      1004.00     0.398804
      1005.00     0.398686
      1006.00     0.398567
      1007.00     0.398449
      1008.00     0.398331
      1009.00     0.399336
      1010.00     0.400340
      1011.00     0.401345
      1012.00     0.402349
      1013.00     0.403241
      1014.00     0.404133
      1015.00     0.405025
      1016.00     0.405917
      1017.00     0.405550
      1018.00     0.405182
      1019.00     0.404815
      1020.00     0.404447
      1021.00     0.404088
      1022.00     0.403728
      1023.00     0.403369
      1024.00     0.403010
      1025.00     0.403711
      1026.00     0.404412
      1027.00     0.405113
      1028.00     0.405814
      1029.00     0.405277
      1030.00     0.404739
      1031.00     0.404202
      1032.00     0.403665
      1033.00     0.402737
      1034.00     0.401809
      1035.00     0.400881
      1036.00     0.399953
      1037.00     0.400770
      1038.00     0.401587
      1039.00     0.402404
      1040.00     0.403221
      1041.00     0.404157
      1042.00     0.405092
      1043.00     0.406027
      1044.00     0.406963
      1045.00     0.407016
      1046.00     0.407068
      1047.00     0.407121
      1048.00     0.407174
      1049.00     0.407886
      1050.00     0.408597
      1051.00     0.409309
      1052.00     0.410021
      1053.00     0.409376
      1054.00     0.408732
      1055.00     0.408087
      1056.00     0.407442
      1057.00     0.408188
      1058.00     0.408934
      1059.00     0.409679
      1060.00     0.410425
      1061.00     0.410827
      1062.00     0.411229
      1063.00     0.411630
      1064.00     0.412032
      1065.00     0.413162
      1066.00     0.414293
      1067.00     0.415424
      1068.00     0.416554
      1069.00     0.416236
      1070.00     0.415918
      1071.00     0.415599
      1072.00     0.415281
      1073.00     0.414277
      1074.00     0.413273
      1075.00     0.412269
      1076.00     0.411265
      1077.00     0.411664
      1078.00     0.412062
      1079.00     0.412461
      1080.00     0.412860
      1081.00     0.413235
      1082.00     0.413611
      1083.00     0.413987
      1084.00     0.414362
      1085.00     0.415343
      1086.00     0.416324
      1087.00     0.417305
      1088.00     0.418286
      1089.00     0.418178
      1090.00     0.418070
      1091.00     0.417962
      1092.00     0.417854
      1093.00     0.417732
      1094.00     0.417609
      1095.00     0.417486
      1096.00     0.417364
      1097.00     0.417824
      1098.00     0.418284
      1099.00     0.418744
      1100.00     0.419204
      1101.00     0.418836
      1102.00     0.418469
      1103.00     0.418101
      1104.00     0.417733
      1105.00     0.418173
      1106.00     0.418614
      1107.00     0.419054
      1108.00     0.419494
      1109.00     0.419905
      1110.00     0.420317
      1111.00     0.420728
      1112.00     0.421139
      1113.00     0.421445
      1114.00     0.421752
      1115.00     0.422059
      1116.00     0.422365
      1117.00     0.422842
      1118.00     0.423319
      1119.00     0.423796
      1120.00     0.424273
      1121.00     0.424688
      1122.00     0.425104
      1123.00     0.425519
      1124.00     0.425935
      1125.00     0.425975
      1126.00     0.426015
      1127.00     0.426056
      1128.00     0.426096
      1129.00     0.425870
      1130.00     0.425644
      1131.00     0.425417
      1132.00     0.425191
      1133.00     0.425395
      1134.00     0.425600
      1135.00     0.425804
      1136.00     0.426008
      1137.00     0.426049
      1138.00     0.426090
      1139.00     0.426132
      1140.00     0.426173
      1141.00     0.426071
      1142.00     0.425970
      1143.00     0.425868
      1144.00     0.425767
      1145.00     0.425746
      1146.00     0.425725
      1147.00     0.425705
      1148.00     0.425684
      1149.00     0.425947
      1150.00     0.426209
      1151.00     0.426472
      1152.00     0.426734
      1153.00     0.426911
      1154.00     0.427088
      1155.00     0.427266
      1156.00     0.427443
      1157.00     0.427679
      1158.00     0.427916
      1159.00     0.428152
      1160.00     0.428388
      1161.00     0.428671
      1162.00     0.428953
      1163.00     0.429236
      1164.00     0.429519
      1165.00     0.429678
      1166.00     0.429838
      1167.00     0.429998
      1168.00     0.430157
      1169.00     0.430219
      1170.00     0.430280
      1171.00     0.430341
      1172.00     0.430403
      1173.00     0.430464
      1174.00     0.430525
      1175.00     0.430587
      1176.00     0.430648
      1177.00     0.431374
      1178.00     0.432099
      1179.00     0.432824
      1180.00     0.433550
      1181.00     0.433391
      1182.00     0.433232
      1183.00     0.433074
      1184.00     0.432915
      1185.00     0.433546
      1186.00     0.434177
      1187.00     0.434807
      1188.00     0.435438
      1189.00     0.435661
      1190.00     0.435885
      1191.00     0.436109
      1192.00     0.436332
      1193.00     0.435977
      1194.00     0.435621
      1195.00     0.435266
      1196.00     0.434910
      1197.00     0.435296
      1198.00     0.435682
      1199.00     0.436068
      1200.00     0.436454
      1201.00     0.436865
      1202.00     0.437275
      1203.00     0.437686
      1204.00     0.438097
      1205.00     0.438642
      1206.00     0.439187
      1207.00     0.439732
      1208.00     0.440277
      1209.00     0.440150
      1210.00     0.440022
      1211.00     0.439895
      1212.00     0.439768
      1213.00     0.439738
      1214.00     0.439708
      1215.00     0.439678
      1216.00     0.439648
      1217.00     0.440824
      1218.00     0.442001
      1219.00     0.443177
      1220.00     0.444353
      1221.00     0.445184
      1222.00     0.446015
      1223.00     0.446846
      1224.00     0.447677
      1225.00     0.448470
      1226.00     0.449263
      1227.00     0.450056
      1228.00     0.450849
      1229.00     0.450980
      1230.00     0.451111
      1231.00     0.451242
      1232.00     0.451373
      1233.00     0.450670
      1234.00     0.449966
      1235.00     0.449263
      1236.00     0.448560
      1237.00     0.447859
      1238.00     0.447157
      1239.00     0.446456
      1240.00     0.445754
      1241.00     0.446456
      1242.00     0.447158
      1243.00     0.447859
      1244.00     0.448561
      1245.00     0.449329
      1246.00     0.450096
      1247.00     0.450864
      1248.00     0.451632
      1249.00     0.451142
      1250.00     0.450652
      1251.00     0.450162
      1252.00     0.449672
      1253.00     0.450142
      1254.00     0.450612
      1255.00     0.451082
      1256.00     0.451552
      1257.00     0.451836
      1258.00     0.452121
      1259.00     0.452406
      1260.00     0.452690
      1261.00     0.452179
      1262.00     0.451667
      1263.00     0.451156
      1264.00     0.450645
      1265.00     0.449450
      1266.00     0.448255
      1267.00     0.447060
      1268.00     0.445865
      1269.00     0.446246
      1270.00     0.446627
      1271.00     0.447009
      1272.00     0.447390
      1273.00     0.448365
      1274.00     0.449340
      1275.00     0.450316
      1276.00     0.451291
      1277.00     0.451903
      1278.00     0.452514
      1279.00     0.453125
      1280.00     0.453737
      1281.00     0.453556
      1282.00     0.453375
      1283.00     0.453193
      1284.00     0.453012
      1285.00     0.453651
      1286.00     0.454289
      1287.00     0.454928
      1288.00     0.455566
      1289.00     0.455644
      1290.00     0.455722
      1291.00     0.455800
      1292.00     0.455878
      1293.00     0.455677
      1294.00     0.455476
      1295.00     0.455276
      1296.00     0.455075
      1297.00     0.455160
      1298.00     0.455245
      1299.00     0.455330
      1300.00     0.455415
      1301.00     0.455907
      1302.00     0.456399
      1303.00     0.456891
      1304.00     0.457383
      1305.00     0.458308
      1306.00     0.459233
      1307.00     0.460157
      1308.00     0.461082
      1309.00     0.461997
      1310.00     0.462912
      1311.00     0.463828
      1312.00     0.464743
      1313.00     0.464612
      1314.00     0.464481
      1315.00     0.464349
      1316.00     0.464218
      1317.00     0.464087
      1318.00     0.463956
      1319.00     0.463825
      1320.00     0.463694
      1321.00     0.463651
      1322.00     0.463608
      1323.00     0.463565
      1324.00     0.463522
      1325.00     0.463799
      1326.00     0.464076
      1327.00     0.464352
      1328.00     0.464629
      1329.00     0.464410
      1330.00     0.464192
      1331.00     0.463974
      1332.00     0.463755
      1333.00     0.463770
      1334.00     0.463785
      1335.00     0.463801
      1336.00     0.463816
      1337.00     0.463796
      1338.00     0.463776
      1339.00     0.463757
      1340.00     0.463737
      1341.00     0.464168
      1342.00     0.464599
      1343.00     0.465030
      1344.00     0.465461
      1345.00     0.464920
      1346.00     0.464378
      1347.00     0.463836
      1348.00     0.463295
      1349.00     0.464151
      1350.00     0.465006
      1351.00     0.465862
      1352.00     0.466718
      1353.00     0.466636
      1354.00     0.466555
      1355.00     0.466473
      1356.00     0.466392
      1357.00     0.465627
      1358.00     0.464862
      1359.00     0.464097
      1360.00     0.463332
      1361.00     0.463237
      1362.00     0.463142
      1363.00     0.463046
      1364.00     0.462951
      1365.00     0.462465
      1366.00     0.461979
      1367.00     0.461493
      1368.00     0.461007
      1369.00     0.460640
      1370.00     0.460273
      1371.00     0.459906
      1372.00     0.459539
      1373.00     0.458952
      1374.00     0.458364
      1375.00     0.457777
      1376.00     0.457190
      1377.00     0.456791
      1378.00     0.456392
      1379.00     0.455992
      1380.00     0.455593
      1381.00     0.454897
      1382.00     0.454201
      1383.00     0.453506
      1384.00     0.452810
      1385.00     0.452863
      1386.00     0.452915
      1387.00     0.452968
      1388.00     0.453021
      1389.00     0.453353
      1390.00     0.453685
      1391.00     0.454017
      1392.00     0.454349
      1393.00     0.453464
      1394.00     0.452578
      1395.00     0.451693
      1396.00     0.450808
      1397.00     0.449858
      1398.00     0.448908
      1399.00     0.447958
      1400.00     0.447008
      1401.00     0.447026
      1402.00     0.447044
      1403.00     0.447063
      1404.00     0.447081
      1405.00     0.447734
      1406.00     0.448386
      1407.00     0.449039
      1408.00     0.449692
      1409.00     0.449731
      1410.00     0.449770
      1411.00     0.449809
      1412.00     0.449848
      1413.00     0.450314
      1414.00     0.450780
      1415.00     0.451246
      1416.00     0.451712
      1417.00     0.452624
      1418.00     0.453536
      1419.00     0.454448
      1420.00     0.455360
      1421.00     0.456022
      1422.00     0.456684
      1423.00     0.457346
      1424.00     0.458008
      1425.00     0.458186
      1426.00     0.458363
      1427.00     0.458541
      1428.00     0.458719
      1429.00     0.458914
      1430.00     0.459109
      1431.00     0.459305
      1432.00     0.459500
      1433.00     0.459761
      1434.00     0.460023
      1435.00     0.460284
      1436.00     0.460545
      1437.00     0.460603
      1438.00     0.460662
      1439.00     0.460720
      1440.00     0.460778
      1441.00     0.460728
      1442.00     0.460679
      1443.00     0.460629
      1444.00     0.460580
      1445.00     0.460547
      1446.00     0.460514
      1447.00     0.460481
      1448.00     0.460448
      1449.00     0.460695
      1450.00     0.460943
      1451.00     0.461190
      1452.00     0.461437
      1453.00     0.461033
      1454.00     0.460629
      1455.00     0.460225
      1456.00     0.459821
      1457.00     0.460137
      1458.00     0.460452
      1459.00     0.460768
      1460.00     0.461083
      1461.00     0.461018
      1462.00     0.460954
      1463.00     0.460889
      1464.00     0.460824
      1465.00     0.460824
      1466.00     0.460824
      1467.00     0.460824
      1468.00     0.460824
      1469.00     0.460734
      1470.00     0.460644
      1471.00     0.460553
      1472.00     0.460463
      1473.00     0.461015
      1474.00     0.461568
      1475.00     0.462121
      1476.00     0.462673
      1477.00     0.463775
      1478.00     0.464877
      1479.00     0.465979
      1480.00     0.467081
      1481.00     0.467139
      1482.00     0.467197
      1483.00     0.467256
      1484.00     0.467314
      1485.00     0.468268
      1486.00     0.469222
      1487.00     0.470175
      1488.00     0.471129
      1489.00     0.471376
      1490.00     0.471623
      1491.00     0.471869
      1492.00     0.472116
      1493.00     0.472552
      1494.00     0.472988
      1495.00     0.473424
      1496.00     0.473860
      1497.00     0.472154
      1498.00     0.470448
      1499.00     0.468742
      1500.00     0.467036
      1501.00     0.467412
      1502.00     0.467789
      1503.00     0.468165
      1504.00     0.468541
      1505.00     0.469102
      1506.00     0.469663
      1507.00     0.470224
      1508.00     0.470785
      1509.00     0.471601
      1510.00     0.472416
      1511.00     0.473231
      1512.00     0.474047
      1513.00     0.474516
      1514.00     0.474985
      1515.00     0.475454
      1516.00     0.475923
      1517.00     0.476818
      1518.00     0.477713
      1519.00     0.478608
      1520.00     0.479503
      1521.00     0.479171
      1522.00     0.478839
      1523.00     0.478506
      1524.00     0.478174
      1525.00     0.477909
      1526.00     0.477645
      1527.00     0.477380
      1528.00     0.477115
      1529.00     0.476845
      1530.00     0.476575
      1531.00     0.476305
      1532.00     0.476035
      1533.00     0.476437
      1534.00     0.476839
      1535.00     0.477242
      1536.00     0.477644
      1537.00     0.478318
      1538.00     0.478992
      1539.00     0.479665
      1540.00     0.480339
      1541.00     0.479936
      1542.00     0.479532
      1543.00     0.479129
      1544.00     0.478725
      1545.00     0.478263
      1546.00     0.477800
      1547.00     0.477338
      1548.00     0.476875
      1549.00     0.477435
      1550.00     0.477995
      1551.00     0.478554
      1552.00     0.479114
      1553.00     0.479649
      1554.00     0.480185
      1555.00     0.480720
      1556.00     0.481256
      1557.00     0.481186
      1558.00     0.481116
      1559.00     0.481046
      1560.00     0.480976
      1561.00     0.482101
      1562.00     0.483225
      1563.00     0.484350
      1564.00     0.485475
      1565.00     0.485633
      1566.00     0.485791
      1567.00     0.485949
      1568.00     0.486107
      1569.00     0.486310
      1570.00     0.486514
      1571.00     0.486718
      1572.00     0.486921
      1573.00     0.486618
      1574.00     0.486315
      1575.00     0.486013
      1576.00     0.485710
      1577.00     0.485586
      1578.00     0.485462
      1579.00     0.485337
      1580.00     0.485213
      1581.00     0.484965
      1582.00     0.484717
      1583.00     0.484468
      1584.00     0.484220
      1585.00     0.483613
      1586.00     0.483005
      1587.00     0.482397
      1588.00     0.481790
      1589.00     0.481656
      1590.00     0.481523
      1591.00     0.481389
      1592.00     0.481256
      1593.00     0.481119
      1594.00     0.480982
      1595.00     0.480846
      1596.00     0.480709
      1597.00     0.480913
      1598.00     0.481116
      1599.00     0.481319
      1600.00     0.481523
      1601.00     0.481298
      1602.00     0.481072
      1603.00     0.480847
      1604.00     0.480622
      1605.00     0.480630
      1606.00     0.480638
      1607.00     0.480646
      1608.00     0.480654
      1609.00     0.480258
      1610.00     0.479861
      1611.00     0.479465
      1612.00     0.479069
      1613.00     0.479758
      1614.00     0.480447
      1615.00     0.481135
      1616.00     0.481824
      1617.00     0.482898
      1618.00     0.483971
      1619.00     0.485045
      1620.00     0.486118
      1621.00     0.485762
      1622.00     0.485406
      1623.00     0.485049
      1624.00     0.484693
      1625.00     0.484557
      1626.00     0.484421
      1627.00     0.484286
      1628.00     0.484150
      1629.00     0.485564
      1630.00     0.486977
      1631.00     0.488391
      1632.00     0.489804
      1633.00     0.490277
      1634.00     0.490749
      1635.00     0.491222
      1636.00     0.491695
      1637.00     0.490771
      1638.00     0.489847
      1639.00     0.488923
      1640.00     0.487999
      1641.00     0.487243
      1642.00     0.486486
      1643.00     0.485730
      1644.00     0.484974
      1645.00     0.484457
      1646.00     0.483941
      1647.00     0.483424
      1648.00     0.482908
      1649.00     0.483241
      1650.00     0.483574
      1651.00     0.483907
      1652.00     0.484240
      1653.00     0.485314
      1654.00     0.486389
      1655.00     0.487464
      1656.00     0.488538
      1657.00     0.488451
      1658.00     0.488364
      1659.00     0.488276
      1660.00     0.488189
      1661.00     0.488680
      1662.00     0.489171
      1663.00     0.489662
      1664.00     0.490153
      1665.00     0.490086
      1666.00     0.490018
      1667.00     0.489951
      1668.00     0.489883
      1669.00     0.488324
      1670.00     0.486765
      1671.00     0.485206
      1672.00     0.483647
      1673.00     0.484152
      1674.00     0.484657
      1675.00     0.485162
      1676.00     0.485667
      1677.00     0.486049
      1678.00     0.486431
      1679.00     0.486814
      1680.00     0.487196
      1681.00     0.488131
      1682.00     0.489066
      1683.00     0.490001
      1684.00     0.490936
      1685.00     0.490535
      1686.00     0.490134
      1687.00     0.489732
      1688.00     0.489331
      1689.00     0.489816
      1690.00     0.490300
      1691.00     0.490784
      1692.00     0.491269
      1693.00     0.490717
      1694.00     0.490164
      1695.00     0.489612
      1696.00     0.489060
      1697.00     0.489209
      1698.00     0.489358
      1699.00     0.489508
      1700.00     0.489657
      1701.00     0.489373
      1702.00     0.489090
      1703.00     0.488806
      1704.00     0.488523
      1705.00     0.489274
      1706.00     0.490025
      1707.00     0.490776
      1708.00     0.491527
      1709.00     0.491109
      1710.00     0.490692
      1711.00     0.490274
      1712.00     0.489857
      1713.00     0.490078
      1714.00     0.490299
      1715.00     0.490519
      1716.00     0.490740
      1717.00     0.490883
      1718.00     0.491025
      1719.00     0.491167
      1720.00     0.491310
      1721.00     0.491179
      1722.00     0.491048
      1723.00     0.490917
      1724.00     0.490786
      1725.00     0.490716
      1726.00     0.490646
      1727.00     0.490576
      1728.00     0.490506
      1729.00     0.490214
      1730.00     0.489922
      1731.00     0.489631
      1732.00     0.489339
      1733.00     0.488803
      1734.00     0.488267
      1735.00     0.487732
      1736.00     0.487196
      1737.00     0.487414
      1738.00     0.487632
      1739.00     0.487850
      1740.00     0.488068
      1741.00     0.487565
      1742.00     0.487062
      1743.00     0.486559
      1744.00     0.486056
      1745.00     0.486408
      1746.00     0.486759
      1747.00     0.487111
      1748.00     0.487463
      1749.00     0.487616
      1750.00     0.487769
      1751.00     0.487922
      1752.00     0.488075
      1753.00     0.488211
      1754.00     0.488347
      1755.00     0.488482
      1756.00     0.488618
      1757.00     0.487947
      1758.00     0.487275
      1759.00     0.486603
      1760.00     0.485932
      1761.00     0.486200
      1762.00     0.486468
      1763.00     0.486736
      1764.00     0.487004
      1765.00     0.486937
      1766.00     0.486870
      1767.00     0.486802
      1768.00     0.486735
      1769.00     0.486917
      1770.00     0.487099
      1771.00     0.487281
      1772.00     0.487463
      1773.00     0.487756
      1774.00     0.488050
      1775.00     0.488344
      1776.00     0.488637
      1777.00     0.489359
      1778.00     0.490082
      1779.00     0.490804
      1780.00     0.491527
      1781.00     0.491594
      1782.00     0.491662
      1783.00     0.491729
      1784.00     0.491797
      1785.00     0.491996
      1786.00     0.492195
      1787.00     0.492394
      1788.00     0.492593
      1789.00     0.491525
      1790.00     0.490457
      1791.00     0.489390
      1792.00     0.488322
      1793.00     0.488323
      1794.00     0.488324
      1795.00     0.488326
      1796.00     0.488327
      1797.00     0.488394
      1798.00     0.488461
      1799.00     0.488527
      1800.00     0.488594
      1801.00     0.489193
      1802.00     0.489792
      1803.00     0.490391
      1804.00     0.490990
      1805.00     0.490722
      1806.00     0.490454
      1807.00     0.490186
      1808.00     0.489918
      1809.00     0.490184
      1810.00     0.490449
      1811.00     0.490714
      1812.00     0.490980
      1813.00     0.491114
      1814.00     0.491248
      1815.00     0.491382
      1816.00     0.491516
      1817.00     0.490966
      1818.00     0.490417
      1819.00     0.489868
      1820.00     0.489318
      1821.00     0.489003
      1822.00     0.488687
      1823.00     0.488371
      1824.00     0.488056
      1825.00     0.488067
      1826.00     0.488079
      1827.00     0.488090
      1828.00     0.488101
      1829.00     0.487895
      1830.00     0.487689
      1831.00     0.487483
      1832.00     0.487277
      1833.00     0.487888
      1834.00     0.488499
      1835.00     0.489110
      1836.00     0.489721
      1837.00     0.489661
      1838.00     0.489601
      1839.00     0.489542
      1840.00     0.489482
      1841.00     0.488930
      1842.00     0.488377
      1843.00     0.487824
      1844.00     0.487272
      1845.00     0.487937
      1846.00     0.488603
      1847.00     0.489268
      1848.00     0.489933
      1849.00     0.489464
      1850.00     0.488995
      1851.00     0.488525
      1852.00     0.488056
      1853.00     0.488388
      1854.00     0.488720
      1855.00     0.489051
      1856.00     0.489383
      1857.00     0.489197
      1858.00     0.489010
      1859.00     0.488824
      1860.00     0.488637
      1861.00     0.487565
      1862.00     0.486494
      1863.00     0.485422
      1864.00     0.484350
      1865.00     0.482575
      1866.00     0.480801
      1867.00     0.479026
      1868.00     0.477251
      1869.00     0.476253
      1870.00     0.475255
      1871.00     0.474256
      1872.00     0.473258
      1873.00     0.471315
      1874.00     0.469373
      1875.00     0.467430
      1876.00     0.465487
      1877.00     0.464852
      1878.00     0.464217
      1879.00     0.463583
      1880.00     0.462948
      1881.00     0.461829
      1882.00     0.460709
      1883.00     0.459589
      1884.00     0.458470
      1885.00     0.456498
      1886.00     0.454526
      1887.00     0.452555
      1888.00     0.450583
      1889.00     0.447737
      1890.00     0.444891
      1891.00     0.442045
      1892.00     0.439199
      1893.00     0.436316
      1894.00     0.433433
      1895.00     0.430550
      1896.00     0.427667
      1897.00     0.425478
      1898.00     0.423289
      1899.00     0.421100
      1900.00     0.418911
      1901.00     0.417320
      1902.00     0.415729
      1903.00     0.414139
      1904.00     0.412548
      1905.00     0.412290
      1906.00     0.412032
      1907.00     0.411775
      1908.00     0.411517
      1909.00     0.411421
      1910.00     0.411325
      1911.00     0.411229
      1912.00     0.411133
      1913.00     0.411183
      1914.00     0.411233
      1915.00     0.411283
      1916.00     0.411333
      1917.00     0.411101
      1918.00     0.410869
      1919.00     0.410636
      1920.00     0.410404
      1921.00     0.411748
      1922.00     0.413092
      1923.00     0.414436
      1924.00     0.415780
      1925.00     0.416416
      1926.00     0.417052
      1927.00     0.417688
      1928.00     0.418324
      1929.00     0.419108
      1930.00     0.419892
      1931.00     0.420676
      1932.00     0.421460
      1933.00     0.422157
      1934.00     0.422854
      1935.00     0.423552
      1936.00     0.424249
      1937.00     0.425350
      1938.00     0.426450
      1939.00     0.427551
      1940.00     0.428652
      1941.00     0.428549
      1942.00     0.428447
      1943.00     0.428344
      1944.00     0.428242
      1945.00     0.429235
      1946.00     0.430227
      1947.00     0.431219
      1948.00     0.432212
      1949.00     0.432299
      1950.00     0.432386
      1951.00     0.432472
      1952.00     0.432559
      1953.00     0.432613
      1954.00     0.432667
      1955.00     0.432720
      1956.00     0.432774
      1957.00     0.432742
      1958.00     0.432709
      1959.00     0.432676
      1960.00     0.432644
      1961.00     0.432756
      1962.00     0.432868
      1963.00     0.432981
      1964.00     0.433093
      1965.00     0.433882
      1966.00     0.434671
      1967.00     0.435459
      1968.00     0.436248
      1969.00     0.436641
      1970.00     0.437034
      1971.00     0.437427
      1972.00     0.437820
      1973.00     0.438763
      1974.00     0.439707
      1975.00     0.440651
      1976.00     0.441594
      1977.00     0.441818
      1978.00     0.442042
      1979.00     0.442265
      1980.00     0.442489
      1981.00     0.443456
      1982.00     0.444423
      1983.00     0.445389
      1984.00     0.446356
      1985.00     0.447079
      1986.00     0.447802
      1987.00     0.448524
      1988.00     0.449247
      1989.00     0.450544
      1990.00     0.451841
      1991.00     0.453138
      1992.00     0.454435
      1993.00     0.454866
      1994.00     0.455296
      1995.00     0.455727
      1996.00     0.456158
      1997.00     0.456419
      1998.00     0.456680
      1999.00     0.456941
      2000.00     0.457202
      2001.00     0.456806
      2002.00     0.456411
      2003.00     0.456015
      2004.00     0.455620
      2005.00     0.455620
      2006.00     0.455619
      2007.00     0.455619
      2008.00     0.455619
      2009.00     0.455757
      2010.00     0.455895
      2011.00     0.456034
      2012.00     0.456172
      2013.00     0.456783
      2014.00     0.457394
      2015.00     0.458005
      2016.00     0.458616
      2017.00     0.459096
      2018.00     0.459576
      2019.00     0.460057
      2020.00     0.460537
      2021.00     0.459976
      2022.00     0.459415
      2023.00     0.458854
      2024.00     0.458293
      2025.00     0.458700
      2026.00     0.459106
      2027.00     0.459512
      2028.00     0.459919
      2029.00     0.459662
      2030.00     0.459405
      2031.00     0.459147
      2032.00     0.458890
      2033.00     0.459527
      2034.00     0.460164
      2035.00     0.460801
      2036.00     0.461438
      2037.00     0.462015
      2038.00     0.462591
      2039.00     0.463168
      2040.00     0.463745
      2041.00     0.464270
      2042.00     0.464796
      2043.00     0.465321
      2044.00     0.465846
      2045.00     0.465447
      2046.00     0.465048
      2047.00     0.464650
      2048.00     0.464251
      2049.00     0.464899
      2050.00     0.465548
      2051.00     0.466197
      2052.00     0.466845
      2053.00     0.466359
      2054.00     0.465874
      2055.00     0.465388
      2056.00     0.464902
      2057.00     0.465609
      2058.00     0.466316
      2059.00     0.467022
      2060.00     0.467729
      2061.00     0.467976
      2062.00     0.468224
      2063.00     0.468471
      2064.00     0.468718
      2065.00     0.468912
      2066.00     0.469105
      2067.00     0.469299
      2068.00     0.469493
      2069.00     0.469193
      2070.00     0.468893
      2071.00     0.468594
      2072.00     0.468294
      2073.00     0.468611
      2074.00     0.468928
      2075.00     0.469245
      2076.00     0.469562
      2077.00     0.469415
      2078.00     0.469268
      2079.00     0.469121
      2080.00     0.469304
      2081.00     0.468933
      2082.00     0.465516
      2083.00     0.465871
      2084.00     0.468131
      2085.00     0.466798
      2086.00     0.467117
      2087.00     0.469459
      2088.00     0.469185
      2089.00     0.469714
      2090.00     0.468869
      2091.00     0.467111
      2092.00     0.466646
      2093.00     0.468871
      2094.00     0.469460
      2095.00     0.467242
      2096.00     0.466705
      2097.00     0.467406
      2098.00     0.468668
      2099.00     0.469248
      2100.00     0.469138
      2101.00     0.468414
      2102.00     0.469041
      2103.00     0.468109
      2104.00     0.467189
      2105.00     0.469235
      2106.00     0.469040
      2107.00     0.468279
      2108.00     0.468663
      2109.00     0.467836
      2110.00     0.469279
      2111.00     0.469895
      2112.00     0.468821
      2113.00     0.468138
      2114.00     0.467888
      2115.00     0.467662
      2116.00     0.469130
      2117.00     0.469797
      2118.00     0.469151
      2119.00     0.469227
      2120.00     0.469162
      2121.00     0.468370
      2122.00     0.467928
      2123.00     0.467461
      2124.00     0.466278
      2125.00     0.467482
      2126.00     0.469311
      2127.00     0.468685
      2128.00     0.468651
      2129.00     0.468947
      2130.00     0.468729
      2131.00     0.469674
      2132.00     0.469491
      2133.00     0.468659
      2134.00     0.468279
      2135.00     0.466125
      2136.00     0.466483
      2137.00     0.467864
      2138.00     0.467774
      2139.00     0.467183
      2140.00     0.466893
      2141.00     0.466963
      2142.00     0.467447
      2143.00     0.467684
      2144.00     0.466073
      2145.00     0.465294
      2146.00     0.466049
      2147.00     0.466178
      2148.00     0.466643
      2149.00     0.466047
      2150.00     0.465877
      2151.00     0.465575
      2152.00     0.466859
      2153.00     0.466138
      2154.00     0.464561
      2155.00     0.463705
      2156.00     0.464057
      2157.00     0.463659
      2158.00     0.462685
      2159.00     0.462452
      2160.00     0.462628
      2161.00     0.461754
      2162.00     0.463088
      2163.00     0.462926
      2164.00     0.460674
      2165.00     0.460588
      2166.00     0.461254
      2167.00     0.460966
      2168.00     0.459512
      2169.00     0.458362
      2170.00     0.458827
      2171.00     0.458432
      2172.00     0.457034
      2173.00     0.457201
      2174.00     0.457342
      2175.00     0.455970
      2176.00     0.454557
      2177.00     0.453967
      2178.00     0.453916
      2179.00     0.454558
      2180.00     0.453663
      2181.00     0.452870
      2182.00     0.452754
      2183.00     0.452212
      2184.00     0.450669
      2185.00     0.449521
      2186.00     0.449926
      2187.00     0.449671
      2188.00     0.448314
      2189.00     0.446941
      2190.00     0.446969
      2191.00     0.446694
      2192.00     0.444764
      2193.00     0.444733
      2194.00     0.444716
      2195.00     0.445240
      2196.00     0.444617
      2197.00     0.442638
      2198.00     0.441868
      2199.00     0.441788
      2200.00     0.441184
      2201.00     0.440379
      2202.00     0.439657
      2203.00     0.440418
      2204.00     0.440538
      2205.00     0.440266
      2206.00     0.440534
      2207.00     0.441029
      2208.00     0.440403
      2209.00     0.440338
      2210.00     0.440986
      2211.00     0.441882
      2212.00     0.442462
      2213.00     0.442490
      2214.00     0.442218
      2215.00     0.442006
      2216.00     0.443411
      2217.00     0.444707
      2218.00     0.444374
      2219.00     0.444636
      2220.00     0.445565
      2221.00     0.446475
      2222.00     0.446282
      2223.00     0.447495
      2224.00     0.448624
      2225.00     0.448419
      2226.00     0.448710
      2227.00     0.448413
      2228.00     0.447727
      2229.00     0.447911
      2230.00     0.448854
      2231.00     0.449176
      2232.00     0.449824
      2233.00     0.450208
      2234.00     0.449849
      2235.00     0.450045
      2236.00     0.450527
      2237.00     0.450366
      2238.00     0.449808
      2239.00     0.449931
      2240.00     0.449707
      2241.00     0.449448
      2242.00     0.450071
      2243.00     0.450378
      2244.00     0.450208
      2245.00     0.449713
      2246.00     0.449313
      2247.00     0.449689
      2248.00     0.449844
      2249.00     0.449459
      2250.00     0.448959
      2251.00     0.449713
      2252.00     0.450599
      2253.00     0.450472
      2254.00     0.449999
      2255.00     0.449349
      2256.00     0.450051
      2257.00     0.450222
      2258.00     0.448705
      2259.00     0.448957
      2260.00     0.449785
      2261.00     0.449343
      2262.00     0.448959
      2263.00     0.450773
      2264.00     0.451008
      2265.00     0.450364
      2266.00     0.450192
      2267.00     0.450492
      2268.00     0.450576
      2269.00     0.450432
      2270.00     0.450684
      2271.00     0.450468
      2272.00     0.450187
      2273.00     0.451032
      2274.00     0.451366
      2275.00     0.450659
      2276.00     0.450973
      2277.00     0.450016
      2278.00     0.448915
      2279.00     0.449116
      2280.00     0.449356
      2281.00     0.449915
      2282.00     0.449590
      2283.00     0.448772
      2284.00     0.448593
      2285.00     0.449097
      2286.00     0.449276
      2287.00     0.448838
      2288.00     0.448227
      2289.00     0.448208
      2290.00     0.448609
      2291.00     0.449256
      2292.00     0.448785
      2293.00     0.447452
      2294.00     0.446926
      2295.00     0.447728
      2296.00     0.447006
      2297.00     0.445460
      2298.00     0.445466
      2299.00     0.446234
      2300.00     0.445421
      2301.00     0.444794
      2302.00     0.445372
      2303.00     0.445248
      2304.00     0.445064
      2305.00     0.445129
      2306.00     0.444549
      2307.00     0.444075
      2308.00     0.443902
      2309.00     0.443450
      2310.00     0.442561
      2311.00     0.443043
      2312.00     0.443690
      2313.00     0.443553
      2314.00     0.443481
      2315.00     0.443476
      2316.00     0.442891
      2317.00     0.441918
      2318.00     0.441657
      2319.00     0.442137
      2320.00     0.442252
      2321.00     0.441740
      2322.00     0.440913
      2323.00     0.440212
      2324.00     0.439994
      2325.00     0.440770
      2326.00     0.440932
      2327.00     0.439741
      2328.00     0.439213
      2329.00     0.439517
      2330.00     0.439096
      2331.00     0.438588
      2332.00     0.438601
      2333.00     0.438172
      2334.00     0.437532
      2335.00     0.437046
      2336.00     0.436756
      2337.00     0.435695
      2338.00     0.434640
      2339.00     0.434957
      2340.00     0.435366
      2341.00     0.434797
      2342.00     0.434228
      2343.00     0.433993
      2344.00     0.433473
      2345.00     0.433241
      2346.00     0.433601
      2347.00     0.433248
      2348.00     0.433176
      2349.00     0.433578
      2350.00     0.432238
      2351.00     0.431812
      2352.00     0.432802
      2353.00     0.433820
      2354.00     0.432945
      2355.00     0.431904
      2356.00     0.431612
      2357.00     0.432109
      2358.00     0.432192
      2359.00     0.431695
      2360.00     0.431342
      2361.00     0.431118
      2362.00     0.431187
      2363.00     0.431688
      2364.00     0.432269
      2365.00     0.432179
      2366.00     0.431446
      2367.00     0.430804
      2368.00     0.430646
      2369.00     0.430614
      2370.00     0.430656
      2371.00     0.430543
      2372.00     0.430454
      2373.00     0.430442
      2374.00     0.430346
      2375.00     0.430261
      2376.00     0.429806
      2377.00     0.429093
      2378.00     0.428394
      2379.00     0.428715
      2380.00     0.428365
      2381.00     0.428311
      2382.00     0.428409
      2383.00     0.428318
      2384.00     0.428086
      2385.00     0.427809
      2386.00     0.427251
      2387.00     0.426199
      2388.00     0.425310
      2389.00     0.425475
      2390.00     0.426767
      2391.00     0.426896
      2392.00     0.426264
      2393.00     0.425580
      2394.00     0.425723
      2395.00     0.426028
      2396.00     0.425583
      2397.00     0.424605
      2398.00     0.423829
      2399.00     0.423803
      2400.00     0.422559
      2401.00     0.421890
      2402.00     0.422080
      2403.00     0.421867
      2404.00     0.421526
      2405.00     0.421600
      2406.00     0.421842
      2407.00     0.421688
      2408.00     0.420890
      2409.00     0.419816
      2410.00     0.419106
      2411.00     0.418877
      2412.00     0.418853
      2413.00     0.418193
      2414.00     0.417464
      2415.00     0.417149
      2416.00     0.416715
      2417.00     0.416012
      2418.00     0.416452
      2419.00     0.416452
      2420.00     0.415305
      2421.00     0.413779
      2422.00     0.412740
      2423.00     0.412787
      2424.00     0.413231
      2425.00     0.412955
      2426.00     0.411797
      2427.00     0.411232
      2428.00     0.411220
      2429.00     0.410557
      2430.00     0.410150
      2431.00     0.409663
      2432.00     0.408813
      2433.00     0.407915
      2434.00     0.407324
      2435.00     0.407233
      2436.00     0.406080
      2437.00     0.405641
      2438.00     0.405522
      2439.00     0.405485
      2440.00     0.405463
      2441.00     0.405191
      2442.00     0.404007
      2443.00     0.403215
      2444.00     0.402670
      2445.00     0.402341
      2446.00     0.402089
      2447.00     0.401939
      2448.00     0.401794
      2449.00     0.401365
      2450.00     0.400507
      2451.00     0.400342
      2452.00     0.399683
      2453.00     0.399395
      2454.00     0.399374
      2455.00     0.399362
      2456.00     0.399119
      2457.00     0.398394
      2458.00     0.397449
      2459.00     0.396862
      2460.00     0.396886
      2461.00     0.397287
      2462.00     0.397393
      2463.00     0.396811
      2464.00     0.395766
      2465.00     0.395626
      2466.00     0.395301
      2467.00     0.394670
      2468.00     0.394363
      2469.00     0.394498
      2470.00     0.394458
      2471.00     0.393742
      2472.00     0.392891
      2473.00     0.392187
      2474.00     0.391770
      2475.00     0.391513
      2476.00     0.391067
      2477.00     0.390289
      2478.00     0.390334
      2479.00     0.390607
      2480.00     0.390512
      2481.00     0.390175
      2482.00     0.389581
      2483.00     0.388851
      2484.00     0.388668
      2485.00     0.388806
      2486.00     0.388269
      2487.00     0.387496
      2488.00     0.387170
      2489.00     0.387511
      2490.00     0.387580
      2491.00     0.386513
      2492.00     0.386046
      2493.00     0.385825
      2494.00     0.385537
      2495.00     0.385114
      2496.00     0.384933
      2497.00     0.384673
      2498.00     0.384586
      2499.00     0.384305
      2500.00     0.384316
