      400.000   0.00414700
      401.000   0.00505400
      402.000   0.00601600
      403.000   0.00688800
      404.000   0.00687500
      405.000   0.00825500
      406.000   0.00702700
      407.000    0.0105120
      408.000    0.0127200
      409.000    0.0118610
      410.000    0.0118480
      411.000    0.0127200
      412.000    0.0136050
      413.000    0.0136090
      414.000    0.0153380
      415.000    0.0162090
      416.000    0.0162110
      417.000    0.0170790
      418.000    0.0188430
      419.000    0.0206080
      420.000    0.0206420
      421.000    0.0206210
      422.000    0.0224190
      423.000    0.0223660
      424.000    0.0236560
      425.000    0.0245040
      426.000    0.0258050
      427.000    0.0267400
      428.000    0.0267510
      429.000    0.0297900
      430.000    0.0297900
      431.000    0.0298180
      432.000    0.0299010
      433.000    0.0341830
      434.000    0.0314730
      435.000    0.0340920
      436.000    0.0348680
      437.000    0.0374530
      438.000    0.0374990
      439.000    0.0382920
      440.000    0.0383880
      441.000    0.0404150
      442.000    0.0415670
      443.000    0.0414070
      444.000    0.0414070
      445.000    0.0403640
      446.000    0.0432150
      447.000    0.0452160
      448.000    0.0470390
      449.000    0.0454620
      450.000    0.0486290
      451.000    0.0477520
      452.000    0.0482950
      453.000    0.0492980
      454.000    0.0523470
      455.000    0.0536140
      456.000    0.0537340
      457.000    0.0539340
      458.000    0.0525010
      459.000    0.0535170
      460.000    0.0531490
      461.000    0.0519220
      462.000    0.0534660
      463.000    0.0534240
      464.000    0.0524910
      465.000    0.0554470
      466.000    0.0553600
      467.000    0.0554470
      468.000    0.0562050
      469.000    0.0562500
      470.000    0.0563850
      471.000    0.0564300
      472.000    0.0562050
      473.000    0.0561600
      474.000    0.0579900
      475.000    0.0622880
      476.000    0.0622880
      477.000    0.0588520
      478.000    0.0632800
      479.000    0.0645250
      480.000    0.0654180
      481.000    0.0646290
      482.000    0.0666610
      483.000    0.0667150
      484.000    0.0673900
      485.000    0.0673900
      486.000    0.0672800
      487.000    0.0695790
      488.000    0.0711580
      489.000    0.0720520
      490.000    0.0738800
      491.000    0.0718120
      492.000    0.0725770
      493.000    0.0725770
      494.000    0.0745190
      495.000    0.0758720
      496.000    0.0782070
      497.000    0.0763350
      498.000    0.0790380
      499.000    0.0801350
      500.000    0.0802630
      501.000    0.0837370
      502.000    0.0840740
      503.000    0.0834700
      504.000    0.0855830
      505.000    0.0853090
      506.000    0.0854461
      507.000    0.0880849
      508.000    0.0883350
      509.000    0.0881260
      510.000    0.0881950
      511.000    0.0910160
      512.000    0.0913300
      513.000    0.0940530
      514.000    0.0958720
      515.000    0.0960230
      516.000    0.0956470
      517.000    0.0969300
      518.000    0.0968550
      519.000    0.0979850
      520.000    0.0998080
      521.000    0.0999640
      522.000    0.0994980
      523.000     0.104833
      524.000     0.104713
      525.000     0.105510
      526.000     0.106898
      527.000     0.107481
      528.000     0.110046
      529.000     0.109516
      530.000     0.110713
      531.000     0.110628
      532.000     0.113458
      533.000     0.117295
      534.000     0.115001
      535.000     0.115266
      536.000     0.117833
      537.000     0.122143
      538.000     0.123427
      539.000     0.123238
      540.000     0.125038
      541.000     0.125038
      542.000     0.124779
      543.000     0.126723
      544.000     0.129160
      545.000     0.130143
      546.000     0.132997
      547.000     0.132496
      548.000     0.133024
      549.000     0.135506
      550.000     0.137632
      551.000     0.138256
      552.000     0.139008
      553.000     0.140915
      554.000     0.140183
      555.000     0.141440
      556.000     0.142482
      557.000     0.141129
      558.000     0.143200
      559.000     0.151201
      560.000     0.153523
      561.000     0.153282
      562.000     0.153777
      563.000     0.157431
      564.000     0.159301
      565.000     0.160021
      566.000     0.159047
      567.000     0.160694
      568.000     0.159393
      569.000     0.163148
      570.000     0.164212
      571.000     0.165137
      572.000     0.165503
      573.000     0.167146
      574.000     0.168781
      575.000     0.169673
      576.000     0.170995
      577.000     0.171701
      578.000     0.174558
      579.000     0.175616
      580.000     0.176465
      581.000     0.177081
      582.000     0.173285
      583.000     0.176815
      584.000     0.177129
      585.000     0.177081
      586.000     0.177607
      587.000     0.177874
      588.000     0.177790
      589.000     0.180858
      590.000     0.183797
      591.000     0.185185
      592.000     0.185047
      593.000     0.183617
      594.000     0.184165
      595.000     0.185355
      596.000     0.185438
      597.000     0.185438
      598.000     0.188569
      599.000     0.187766
      600.000     0.186518
      601.000     0.187753
      602.000     0.188089
      603.000     0.190267
      604.000     0.188605
      605.000     0.191461
      606.000     0.190496
      607.000     0.191505
      608.000     0.192651
      609.000     0.195300
      610.000     0.194938
      611.000     0.195078
      612.000     0.196184
      613.000     0.199212
      614.000     0.200470
      615.000     0.200929
      616.000     0.201073
      617.000     0.201218
      618.000     0.202506
      619.000     0.204071
      620.000     0.206806
      621.000     0.205673
      622.000     0.205635
      623.000     0.208055
      624.000     0.209938
      625.000     0.209029
      626.000     0.208431
      627.000     0.212057
      628.000     0.212815
      629.000     0.214717
      630.000     0.216171
      631.000     0.216638
      632.000     0.214717
      633.000     0.214563
      634.000     0.214870
      635.000     0.217456
      636.000     0.216372
      637.000     0.215298
      638.000     0.215812
      639.000     0.218060
      640.000     0.218368
      641.000     0.219956
      642.000     0.220736
      643.000     0.224094
      644.000     0.226829
      645.000     0.224379
      646.000     0.225071
      647.000     0.226829
      648.000     0.227150
      649.000     0.225188
      650.000     0.227950
      651.000     0.229080
      652.000     0.230855
      653.000     0.230529
      654.000     0.232609
      655.000     0.234095
      656.000     0.234261
      657.000     0.233103
      658.000     0.234390
      659.000     0.234020
      660.000     0.232387
      661.000     0.229794
      662.000     0.235588
      663.000     0.232663
      664.000     0.235215
      665.000     0.239642
      666.000     0.240624
      667.000     0.241742
      668.000     0.242351
      669.000     0.242689
      670.000     0.245089
      671.000     0.244918
      672.000     0.241593
      673.000     0.241593
      674.000     0.241593
      675.000     0.241507
      676.000     0.245859
      677.000     0.246625
      678.000     0.246097
      679.000     0.246608
      680.000     0.250799
      681.000     0.252081
      682.000     0.250694
      683.000     0.250005
      684.000     0.250934
      685.000     0.251106
      686.000     0.251797
      687.000     0.252144
      688.000     0.253247
      689.000     0.254462
      690.000     0.255800
      691.000     0.255624
      692.000     0.257076
      693.000     0.256195
      694.000     0.257468
      695.000     0.259451
      696.000     0.259347
      697.000     0.265825
      698.000     0.265449
      699.000     0.261892
      700.000     0.262068
      701.000     0.264397
      702.000     0.264219
      703.000     0.264041
      704.000     0.264757
      705.000     0.264757
      706.000     0.267075
      707.000     0.267075
      708.000     0.267426
      709.000     0.268504
      710.000     0.271547
      711.000     0.271703
      712.000     0.270977
      713.000     0.271810
      714.000     0.271447
      715.000     0.272767
      716.000     0.277059
      717.000     0.277343
      718.000     0.277343
      719.000     0.277343
      720.000     0.278066
      721.000     0.277009
      722.000     0.279093
      723.000     0.280054
      724.000     0.280550
      725.000     0.283145
      726.000     0.284571
      727.000     0.283631
      728.000     0.284194
      729.000     0.283818
      730.000     0.285999
      731.000     0.286375
      732.000     0.288477
      733.000     0.287701
      734.000     0.288082
      735.000     0.287131
      736.000     0.288948
      737.000     0.288371
      738.000     0.291427
      739.000     0.294381
      740.000     0.294947
      741.000     0.293794
      742.000     0.294837
      743.000     0.294257
      744.000     0.293871
      745.000     0.296251
      746.000     0.294643
      747.000     0.296641
      748.000     0.298268
      749.000     0.297324
      750.000     0.301213
      751.000     0.301411
      752.000     0.301016
      753.000     0.301685
      754.000     0.301291
      755.000     0.302573
      756.000     0.302771
      757.000     0.305034
      758.000     0.305034
      759.000     0.304673
      760.000     0.307370
      761.000     0.306141
      762.000     0.306539
      763.000     0.309173
      764.000     0.308324
      765.000     0.308798
      766.000     0.311256
      767.000     0.310158
      768.000     0.310799
      769.000     0.310872
      770.000     0.313926
      771.000     0.312903
      772.000     0.313308
      773.000     0.313308
      774.000     0.314535
      775.000     0.313511
      776.000     0.314325
      777.000     0.315967
      778.000     0.315147
      779.000     0.318218
      780.000     0.318692
      781.000     0.318898
      782.000     0.318692
      783.000     0.317055
      784.000     0.319239
      785.000     0.318890
      786.000     0.319982
      787.000     0.321147
      788.000     0.321354
      789.000     0.320394
      790.000     0.324285
      791.000     0.324261
      792.000     0.325304
      793.000     0.324469
      794.000     0.323845
      795.000     0.324692
      796.000     0.322416
      797.000     0.323887
      798.000     0.323473
      799.000     0.323458
      800.000     0.325918
      801.000     0.327081
      802.000     0.328243
      803.000     0.329406
      804.000     0.330568
      805.000     0.330805
      806.000     0.331042
      807.000     0.331278
      808.000     0.331515
      809.000     0.330849
      810.000     0.330183
      811.000     0.329517
      812.000     0.328851
      813.000     0.329362
      814.000     0.329874
      815.000     0.330385
      816.000     0.330896
      817.000     0.331137
      818.000     0.331378
      819.000     0.331620
      820.000     0.331861
      821.000     0.332221
      822.000     0.332581
      823.000     0.332941
      824.000     0.333301
      825.000     0.333456
      826.000     0.333611
      827.000     0.333766
      828.000     0.333921
      829.000     0.333936
      830.000     0.333951
      831.000     0.333965
      832.000     0.333980
      833.000     0.333671
      834.000     0.333363
      835.000     0.333054
      836.000     0.332745
      837.000     0.333037
      838.000     0.333329
      839.000     0.333622
      840.000     0.333914
      841.000     0.335146
      842.000     0.336378
      843.000     0.337610
      844.000     0.338842
      845.000     0.338751
      846.000     0.338661
      847.000     0.338571
      848.000     0.338480
      849.000     0.338343
      850.000     0.338206
      851.000     0.338069
      852.000     0.337932
      853.000     0.338385
      854.000     0.338838
      855.000     0.339290
      856.000     0.339743
      857.000     0.339572
      858.000     0.339400
      859.000     0.339229
      860.000     0.339057
      861.000     0.339378
      862.000     0.339700
      863.000     0.340021
      864.000     0.340342
      865.000     0.340417
      866.000     0.340492
      867.000     0.340567
      868.000     0.340642
      869.000     0.340217
      870.000     0.339791
      871.000     0.339366
      872.000     0.338940
      873.000     0.339658
      874.000     0.340376
      875.000     0.341095
      876.000     0.341813
      877.000     0.342313
      878.000     0.342813
      879.000     0.343313
      880.000     0.343813
      881.000     0.344622
      882.000     0.345430
      883.000     0.346239
      884.000     0.347048
      885.000     0.346617
      886.000     0.346185
      887.000     0.345753
      888.000     0.345322
      889.000     0.345639
      890.000     0.345955
      891.000     0.346272
      892.000     0.346589
      893.000     0.347487
      894.000     0.348386
      895.000     0.349284
      896.000     0.350182
      897.000     0.350414
      898.000     0.350645
      899.000     0.350877
      900.000     0.351108
      901.000     0.351147
      902.000     0.351185
      903.000     0.351223
      904.000     0.351262
      905.000     0.351054
      906.000     0.350846
      907.000     0.350638
      908.000     0.350430
      909.000     0.350761
      910.000     0.351093
      911.000     0.351424
      912.000     0.351756
      913.000     0.351898
      914.000     0.352040
      915.000     0.352182
      916.000     0.352324
      917.000     0.352741
      918.000     0.353158
      919.000     0.353576
      920.000     0.353993
      921.000     0.354519
      922.000     0.355044
      923.000     0.355570
      924.000     0.356095
      925.000     0.357110
      926.000     0.358124
      927.000     0.359139
      928.000     0.360153
      929.000     0.360135
      930.000     0.360118
      931.000     0.360100
      932.000     0.360082
      933.000     0.360433
      934.000     0.360783
      935.000     0.361134
      936.000     0.361484
      937.000     0.362753
      938.000     0.364022
      939.000     0.365292
      940.000     0.366561
      941.000     0.366914
      942.000     0.367267
      943.000     0.367620
      944.000     0.367973
      945.000     0.368435
      946.000     0.368898
      947.000     0.369361
      948.000     0.369823
      949.000     0.369264
      950.000     0.368706
      951.000     0.368147
      952.000     0.367588
      953.000     0.368022
      954.000     0.368456
      955.000     0.368889
      956.000     0.369323
      957.000     0.369524
      958.000     0.369725
      959.000     0.369927
      960.000     0.370128
      961.000     0.370722
      962.000     0.371316
      963.000     0.371910
      964.000     0.372504
      965.000     0.372813
      966.000     0.373123
      967.000     0.373432
      968.000     0.373742
      969.000     0.373241
      970.000     0.372739
      971.000     0.372238
      972.000     0.371737
      973.000     0.372328
      974.000     0.372919
      975.000     0.373510
      976.000     0.374101
      977.000     0.374911
      978.000     0.375722
      979.000     0.376532
      980.000     0.377343
      981.000     0.378084
      982.000     0.378826
      983.000     0.379568
      984.000     0.380309
      985.000     0.380622
      986.000     0.380935
      987.000     0.381248
      988.000     0.381561
      989.000     0.380059
      990.000     0.378556
      991.000     0.377054
      992.000     0.375552
      993.000     0.377498
      994.000     0.379443
      995.000     0.381389
      996.000     0.383335
      997.000     0.382902
      998.000     0.382468
      999.000     0.382035
      1000.00     0.381602
      1001.00     0.382156
      1002.00     0.382711
      1003.00     0.383265
      1004.00     0.383819
      1005.00     0.384298
      1006.00     0.384777
      1007.00     0.385255
      1008.00     0.385734
      1009.00     0.386732
      1010.00     0.387730
      1011.00     0.388728
      1012.00     0.389726
      1013.00     0.390305
      1014.00     0.390884
      1015.00     0.391463
      1016.00     0.392042
      1017.00     0.392295
      1018.00     0.392549
      1019.00     0.392802
      1020.00     0.393055
      1021.00     0.393008
      1022.00     0.392962
      1023.00     0.392915
      1024.00     0.392868
      1025.00     0.393285
      1026.00     0.393701
      1027.00     0.394118
      1028.00     0.394535
      1029.00     0.394317
      1030.00     0.394099
      1031.00     0.393882
      1032.00     0.393664
      1033.00     0.394190
      1034.00     0.394717
      1035.00     0.395243
      1036.00     0.395770
      1037.00     0.394838
      1038.00     0.393906
      1039.00     0.392973
      1040.00     0.392041
      1041.00     0.392389
      1042.00     0.392738
      1043.00     0.393086
      1044.00     0.393434
      1045.00     0.394083
      1046.00     0.394732
      1047.00     0.395381
      1048.00     0.396030
      1049.00     0.397300
      1050.00     0.398570
      1051.00     0.399839
      1052.00     0.401109
      1053.00     0.401350
      1054.00     0.401591
      1055.00     0.401832
      1056.00     0.402073
      1057.00     0.402247
      1058.00     0.402421
      1059.00     0.402595
      1060.00     0.402769
      1061.00     0.403178
      1062.00     0.403588
      1063.00     0.403997
      1064.00     0.404406
      1065.00     0.404350
      1066.00     0.404293
      1067.00     0.404236
      1068.00     0.404180
      1069.00     0.404179
      1070.00     0.404177
      1071.00     0.404176
      1072.00     0.404175
      1073.00     0.404641
      1074.00     0.405107
      1075.00     0.405574
      1076.00     0.406040
      1077.00     0.406156
      1078.00     0.406272
      1079.00     0.406388
      1080.00     0.406504
      1081.00     0.406567
      1082.00     0.406630
      1083.00     0.406694
      1084.00     0.406757
      1085.00     0.408026
      1086.00     0.409296
      1087.00     0.410565
      1088.00     0.411835
      1089.00     0.412598
      1090.00     0.413361
      1091.00     0.414123
      1092.00     0.414886
      1093.00     0.414477
      1094.00     0.414068
      1095.00     0.413658
      1096.00     0.413249
      1097.00     0.413709
      1098.00     0.414169
      1099.00     0.414628
      1100.00     0.415088
      1101.00     0.414158
      1102.00     0.413227
      1103.00     0.412297
      1104.00     0.411367
      1105.00     0.412108
      1106.00     0.412849
      1107.00     0.413590
      1108.00     0.414331
      1109.00     0.415316
      1110.00     0.416301
      1111.00     0.417286
      1112.00     0.418271
      1113.00     0.418572
      1114.00     0.418872
      1115.00     0.419173
      1116.00     0.419474
      1117.00     0.420232
      1118.00     0.420990
      1119.00     0.421747
      1120.00     0.422505
      1121.00     0.422938
      1122.00     0.423371
      1123.00     0.423804
      1124.00     0.424237
      1125.00     0.423420
      1126.00     0.422603
      1127.00     0.421785
      1128.00     0.420968
      1129.00     0.421893
      1130.00     0.422817
      1131.00     0.423741
      1132.00     0.424666
      1133.00     0.424880
      1134.00     0.425094
      1135.00     0.425308
      1136.00     0.425522
      1137.00     0.425566
      1138.00     0.425610
      1139.00     0.425655
      1140.00     0.425699
      1141.00     0.425018
      1142.00     0.424336
      1143.00     0.423655
      1144.00     0.422974
      1145.00     0.424107
      1146.00     0.425240
      1147.00     0.426373
      1148.00     0.427506
      1149.00     0.428063
      1150.00     0.428620
      1151.00     0.429177
      1152.00     0.429734
      1153.00     0.430207
      1154.00     0.430681
      1155.00     0.431154
      1156.00     0.431628
      1157.00     0.431872
      1158.00     0.432115
      1159.00     0.432359
      1160.00     0.432602
      1161.00     0.432888
      1162.00     0.433174
      1163.00     0.433461
      1164.00     0.433747
      1165.00     0.434191
      1166.00     0.434634
      1167.00     0.435077
      1168.00     0.435521
      1169.00     0.435582
      1170.00     0.435643
      1171.00     0.435703
      1172.00     0.435764
      1173.00     0.435825
      1174.00     0.435885
      1175.00     0.435946
      1176.00     0.436006
      1177.00     0.436447
      1178.00     0.436889
      1179.00     0.437330
      1180.00     0.437771
      1181.00     0.438177
      1182.00     0.438582
      1183.00     0.438987
      1184.00     0.439393
      1185.00     0.439738
      1186.00     0.440084
      1187.00     0.440429
      1188.00     0.440774
      1189.00     0.441564
      1190.00     0.442354
      1191.00     0.443144
      1192.00     0.443934
      1193.00     0.443861
      1194.00     0.443788
      1195.00     0.443714
      1196.00     0.443641
      1197.00     0.444027
      1198.00     0.444412
      1199.00     0.444798
      1200.00     0.445184
      1201.00     0.445309
      1202.00     0.445435
      1203.00     0.445560
      1204.00     0.445686
      1205.00     0.446231
      1206.00     0.446777
      1207.00     0.447322
      1208.00     0.447868
      1209.00     0.447742
      1210.00     0.447616
      1211.00     0.447489
      1212.00     0.447363
      1213.00     0.446477
      1214.00     0.445590
      1215.00     0.444704
      1216.00     0.443818
      1217.00     0.444418
      1218.00     0.445019
      1219.00     0.445619
      1220.00     0.446219
      1221.00     0.447045
      1222.00     0.447871
      1223.00     0.448697
      1224.00     0.449523
      1225.00     0.450031
      1226.00     0.450540
      1227.00     0.451048
      1228.00     0.451556
      1229.00     0.451971
      1230.00     0.452386
      1231.00     0.452800
      1232.00     0.453215
      1233.00     0.453373
      1234.00     0.453530
      1235.00     0.453687
      1236.00     0.453845
      1237.00     0.453145
      1238.00     0.452444
      1239.00     0.451744
      1240.00     0.451044
      1241.00     0.451458
      1242.00     0.451872
      1243.00     0.452287
      1244.00     0.452701
      1245.00     0.452899
      1246.00     0.453097
      1247.00     0.453295
      1248.00     0.453493
      1249.00     0.453864
      1250.00     0.454235
      1251.00     0.454606
      1252.00     0.454977
      1253.00     0.455166
      1254.00     0.455355
      1255.00     0.455544
      1256.00     0.455733
      1257.00     0.455733
      1258.00     0.455733
      1259.00     0.455733
      1260.00     0.455733
      1261.00     0.455507
      1262.00     0.455281
      1263.00     0.455055
      1264.00     0.454829
      1265.00     0.455339
      1266.00     0.455849
      1267.00     0.456360
      1268.00     0.456870
      1269.00     0.457819
      1270.00     0.458769
      1271.00     0.459718
      1272.00     0.460668
      1273.00     0.461075
      1274.00     0.461482
      1275.00     0.461889
      1276.00     0.462296
      1277.00     0.462341
      1278.00     0.462387
      1279.00     0.462432
      1280.00     0.462478
      1281.00     0.462581
      1282.00     0.462684
      1283.00     0.462787
      1284.00     0.462890
      1285.00     0.463250
      1286.00     0.463609
      1287.00     0.463969
      1288.00     0.464328
      1289.00     0.464687
      1290.00     0.465046
      1291.00     0.465405
      1292.00     0.465764
      1293.00     0.465843
      1294.00     0.465922
      1295.00     0.466001
      1296.00     0.466080
      1297.00     0.465887
      1298.00     0.465693
      1299.00     0.465500
      1300.00     0.465306
      1301.00     0.465520
      1302.00     0.465734
      1303.00     0.465948
      1304.00     0.466162
      1305.00     0.466252
      1306.00     0.466343
      1307.00     0.466433
      1308.00     0.466523
      1309.00     0.466885
      1310.00     0.467247
      1311.00     0.467609
      1312.00     0.467971
      1313.00     0.467842
      1314.00     0.467712
      1315.00     0.467583
      1316.00     0.467454
      1317.00     0.467602
      1318.00     0.467750
      1319.00     0.467899
      1320.00     0.468047
      1321.00     0.467730
      1322.00     0.467413
      1323.00     0.467096
      1324.00     0.466779
      1325.00     0.467056
      1326.00     0.467332
      1327.00     0.467609
      1328.00     0.467886
      1329.00     0.467945
      1330.00     0.468004
      1331.00     0.468063
      1332.00     0.468122
      1333.00     0.468693
      1334.00     0.469263
      1335.00     0.469834
      1336.00     0.470405
      1337.00     0.471215
      1338.00     0.472026
      1339.00     0.472836
      1340.00     0.473646
      1341.00     0.473253
      1342.00     0.472861
      1343.00     0.472468
      1344.00     0.472075
      1345.00     0.472080
      1346.00     0.472085
      1347.00     0.472089
      1348.00     0.472094
      1349.00     0.472665
      1350.00     0.473235
      1351.00     0.473806
      1352.00     0.474377
      1353.00     0.474285
      1354.00     0.474193
      1355.00     0.474101
      1356.00     0.474009
      1357.00     0.473527
      1358.00     0.473045
      1359.00     0.472564
      1360.00     0.472082
      1361.00     0.471432
      1362.00     0.470783
      1363.00     0.470133
      1364.00     0.469484
      1365.00     0.469016
      1366.00     0.468548
      1367.00     0.468080
      1368.00     0.467612
      1369.00     0.467793
      1370.00     0.467973
      1371.00     0.468154
      1372.00     0.468334
      1373.00     0.467739
      1374.00     0.467144
      1375.00     0.466548
      1376.00     0.465953
      1377.00     0.464998
      1378.00     0.464043
      1379.00     0.463088
      1380.00     0.462133
      1381.00     0.462000
      1382.00     0.461867
      1383.00     0.461735
      1384.00     0.461602
      1385.00     0.461649
      1386.00     0.461696
      1387.00     0.461743
      1388.00     0.461790
      1389.00     0.462120
      1390.00     0.462450
      1391.00     0.462780
      1392.00     0.463110
      1393.00     0.462226
      1394.00     0.461343
      1395.00     0.460459
      1396.00     0.459575
      1397.00     0.459466
      1398.00     0.459356
      1399.00     0.459246
      1400.00     0.459137
      1401.00     0.459154
      1402.00     0.459172
      1403.00     0.459189
      1404.00     0.459206
      1405.00     0.459579
      1406.00     0.459952
      1407.00     0.460324
      1408.00     0.460697
      1409.00     0.461565
      1410.00     0.462434
      1411.00     0.463302
      1412.00     0.464170
      1413.00     0.464907
      1414.00     0.465644
      1415.00     0.466380
      1416.00     0.467117
      1417.00     0.467479
      1418.00     0.467840
      1419.00     0.468202
      1420.00     0.468564
      1421.00     0.469503
      1422.00     0.470443
      1423.00     0.471382
      1424.00     0.472321
      1425.00     0.473055
      1426.00     0.473790
      1427.00     0.474524
      1428.00     0.475258
      1429.00     0.475733
      1430.00     0.476207
      1431.00     0.476682
      1432.00     0.477157
      1433.00     0.477144
      1434.00     0.477131
      1435.00     0.477118
      1436.00     0.477105
      1437.00     0.477162
      1438.00     0.477219
      1439.00     0.477277
      1440.00     0.477334
      1441.00     0.477281
      1442.00     0.477228
      1443.00     0.477176
      1444.00     0.477123
      1445.00     0.476808
      1446.00     0.476492
      1447.00     0.476177
      1448.00     0.475862
      1449.00     0.475556
      1450.00     0.475250
      1451.00     0.474944
      1452.00     0.474638
      1453.00     0.474233
      1454.00     0.473829
      1455.00     0.473424
      1456.00     0.473020
      1457.00     0.473061
      1458.00     0.473101
      1459.00     0.473142
      1460.00     0.473183
      1461.00     0.473118
      1462.00     0.473053
      1463.00     0.472988
      1464.00     0.472923
      1465.00     0.473197
      1466.00     0.473470
      1467.00     0.473743
      1468.00     0.474017
      1469.00     0.474200
      1470.00     0.474383
      1471.00     0.474566
      1472.00     0.474749
      1473.00     0.474481
      1474.00     0.474214
      1475.00     0.473946
      1476.00     0.473678
      1477.00     0.474780
      1478.00     0.475882
      1479.00     0.476984
      1480.00     0.478086
      1481.00     0.478144
      1482.00     0.478203
      1483.00     0.478261
      1484.00     0.478319
      1485.00     0.478725
      1486.00     0.479130
      1487.00     0.479535
      1488.00     0.479941
      1489.00     0.480186
      1490.00     0.480431
      1491.00     0.480676
      1492.00     0.480921
      1493.00     0.481356
      1494.00     0.481792
      1495.00     0.482228
      1496.00     0.482663
      1497.00     0.482331
      1498.00     0.481999
      1499.00     0.481667
      1500.00     0.481335
      1501.00     0.481704
      1502.00     0.482073
      1503.00     0.482442
      1504.00     0.482811
      1505.00     0.483643
      1506.00     0.484475
      1507.00     0.485307
      1508.00     0.486139
      1509.00     0.486139
      1510.00     0.486139
      1511.00     0.486139
      1512.00     0.486139
      1513.00     0.486065
      1514.00     0.485991
      1515.00     0.485916
      1516.00     0.485842
      1517.00     0.485652
      1518.00     0.485462
      1519.00     0.485272
      1520.00     0.485082
      1521.00     0.485024
      1522.00     0.484966
      1523.00     0.484907
      1524.00     0.484849
      1525.00     0.485667
      1526.00     0.486484
      1527.00     0.487302
      1528.00     0.488120
      1529.00     0.488120
      1530.00     0.488120
      1531.00     0.488120
      1532.00     0.488120
      1533.00     0.488252
      1534.00     0.488384
      1535.00     0.488517
      1536.00     0.488649
      1537.00     0.489052
      1538.00     0.489455
      1539.00     0.489858
      1540.00     0.490261
      1541.00     0.490399
      1542.00     0.490537
      1543.00     0.490674
      1544.00     0.490812
      1545.00     0.491157
      1546.00     0.491501
      1547.00     0.491845
      1548.00     0.492190
      1549.00     0.492480
      1550.00     0.492770
      1551.00     0.493061
      1552.00     0.493351
      1553.00     0.493618
      1554.00     0.493886
      1555.00     0.494153
      1556.00     0.494420
      1557.00     0.494892
      1558.00     0.495363
      1559.00     0.495834
      1560.00     0.496306
      1561.00     0.496350
      1562.00     0.496393
      1563.00     0.496436
      1564.00     0.496480
      1565.00     0.497180
      1566.00     0.497881
      1567.00     0.498581
      1568.00     0.499282
      1569.00     0.499214
      1570.00     0.499147
      1571.00     0.499079
      1572.00     0.499011
      1573.00     0.497896
      1574.00     0.496782
      1575.00     0.495667
      1576.00     0.494552
      1577.00     0.494969
      1578.00     0.495385
      1579.00     0.495802
      1580.00     0.496218
      1581.00     0.496510
      1582.00     0.496803
      1583.00     0.497095
      1584.00     0.497387
      1585.00     0.497590
      1586.00     0.497793
      1587.00     0.497995
      1588.00     0.498198
      1589.00     0.497793
      1590.00     0.497389
      1591.00     0.496984
      1592.00     0.496579
      1593.00     0.496444
      1594.00     0.496308
      1595.00     0.496172
      1596.00     0.496037
      1597.00     0.495970
      1598.00     0.495902
      1599.00     0.495835
      1600.00     0.495768
      1601.00     0.495543
      1602.00     0.495319
      1603.00     0.495094
      1604.00     0.494869
      1605.00     0.494874
      1606.00     0.494879
      1607.00     0.494883
      1608.00     0.494888
      1609.00     0.493953
      1610.00     0.493017
      1611.00     0.492082
      1612.00     0.491147
      1613.00     0.491299
      1614.00     0.491451
      1615.00     0.491603
      1616.00     0.491755
      1617.00     0.492559
      1618.00     0.493363
      1619.00     0.494167
      1620.00     0.494971
      1621.00     0.494346
      1622.00     0.493721
      1623.00     0.493095
      1624.00     0.492470
      1625.00     0.492603
      1626.00     0.492736
      1627.00     0.492869
      1628.00     0.493002
      1629.00     0.493338
      1630.00     0.493674
      1631.00     0.494009
      1632.00     0.494345
      1633.00     0.496434
      1634.00     0.498523
      1635.00     0.500611
      1636.00     0.502700
      1637.00     0.502044
      1638.00     0.501387
      1639.00     0.500731
      1640.00     0.500075
      1641.00     0.499855
      1642.00     0.499635
      1643.00     0.499415
      1644.00     0.499195
      1645.00     0.499214
      1646.00     0.499233
      1647.00     0.499253
      1648.00     0.499272
      1649.00     0.499608
      1650.00     0.499945
      1651.00     0.500281
      1652.00     0.500618
      1653.00     0.500887
      1654.00     0.501155
      1655.00     0.501424
      1656.00     0.501693
      1657.00     0.501606
      1658.00     0.501520
      1659.00     0.501433
      1660.00     0.501346
      1661.00     0.502375
      1662.00     0.503403
      1663.00     0.504432
      1664.00     0.505461
      1665.00     0.505393
      1666.00     0.505325
      1667.00     0.505257
      1668.00     0.505189
      1669.00     0.503891
      1670.00     0.502594
      1671.00     0.501296
      1672.00     0.499998
      1673.00     0.500233
      1674.00     0.500468
      1675.00     0.500703
      1676.00     0.500938
      1677.00     0.501055
      1678.00     0.501171
      1679.00     0.501287
      1680.00     0.501404
      1681.00     0.501805
      1682.00     0.502207
      1683.00     0.502608
      1684.00     0.503010
      1685.00     0.502875
      1686.00     0.502741
      1687.00     0.502606
      1688.00     0.502471
      1689.00     0.502955
      1690.00     0.503440
      1691.00     0.503924
      1692.00     0.504408
      1693.00     0.503588
      1694.00     0.502769
      1695.00     0.501949
      1696.00     0.501129
      1697.00     0.501278
      1698.00     0.501427
      1699.00     0.501577
      1700.00     0.501726
      1701.00     0.501176
      1702.00     0.500627
      1703.00     0.500077
      1704.00     0.499528
      1705.00     0.500546
      1706.00     0.501563
      1707.00     0.502580
      1708.00     0.503598
      1709.00     0.503446
      1710.00     0.503294
      1711.00     0.503143
      1712.00     0.502991
      1713.00     0.503747
      1714.00     0.504504
      1715.00     0.505260
      1716.00     0.506017
      1717.00     0.506167
      1718.00     0.506317
      1719.00     0.506468
      1720.00     0.506618
      1721.00     0.506760
      1722.00     0.506903
      1723.00     0.507045
      1724.00     0.507187
      1725.00     0.507113
      1726.00     0.507040
      1727.00     0.506966
      1728.00     0.506892
      1729.00     0.506327
      1730.00     0.505762
      1731.00     0.505197
      1732.00     0.504632
      1733.00     0.504625
      1734.00     0.504619
      1735.00     0.504613
      1736.00     0.504606
      1737.00     0.504823
      1738.00     0.505041
      1739.00     0.505258
      1740.00     0.505475
      1741.00     0.505507
      1742.00     0.505538
      1743.00     0.505570
      1744.00     0.505602
      1745.00     0.505421
      1746.00     0.505239
      1747.00     0.505058
      1748.00     0.504877
      1749.00     0.505035
      1750.00     0.505193
      1751.00     0.505351
      1752.00     0.505509
      1753.00     0.505381
      1754.00     0.505253
      1755.00     0.505125
      1756.00     0.504997
      1757.00     0.504861
      1758.00     0.504725
      1759.00     0.504588
      1760.00     0.504452
      1761.00     0.504716
      1762.00     0.504981
      1763.00     0.505245
      1764.00     0.505509
      1765.00     0.505437
      1766.00     0.505365
      1767.00     0.505292
      1768.00     0.505220
      1769.00     0.504867
      1770.00     0.504514
      1771.00     0.504161
      1772.00     0.503808
      1773.00     0.504900
      1774.00     0.505993
      1775.00     0.507086
      1776.00     0.508178
      1777.00     0.507832
      1778.00     0.507486
      1779.00     0.507140
      1780.00     0.506794
      1781.00     0.507395
      1782.00     0.507995
      1783.00     0.508596
      1784.00     0.509197
      1785.00     0.509395
      1786.00     0.509593
      1787.00     0.509792
      1788.00     0.509990
      1789.00     0.509447
      1790.00     0.508903
      1791.00     0.508359
      1792.00     0.507816
      1793.00     0.507555
      1794.00     0.507295
      1795.00     0.507035
      1796.00     0.506774
      1797.00     0.506842
      1798.00     0.506909
      1799.00     0.506977
      1800.00     0.507045
      1801.00     0.506847
      1802.00     0.506648
      1803.00     0.506450
      1804.00     0.506252
      1805.00     0.506778
      1806.00     0.507305
      1807.00     0.507832
      1808.00     0.508358
      1809.00     0.508358
      1810.00     0.508358
      1811.00     0.508358
      1812.00     0.508358
      1813.00     0.508494
      1814.00     0.508630
      1815.00     0.508765
      1816.00     0.508901
      1817.00     0.508083
      1818.00     0.507265
      1819.00     0.506447
      1820.00     0.505629
      1821.00     0.505578
      1822.00     0.505527
      1823.00     0.505475
      1824.00     0.505424
      1825.00     0.505177
      1826.00     0.504930
      1827.00     0.504683
      1828.00     0.504436
      1829.00     0.504243
      1830.00     0.504050
      1831.00     0.503856
      1832.00     0.503663
      1833.00     0.504283
      1834.00     0.504903
      1835.00     0.505523
      1836.00     0.506143
      1837.00     0.506078
      1838.00     0.506014
      1839.00     0.505949
      1840.00     0.505885
      1841.00     0.505859
      1842.00     0.505833
      1843.00     0.505807
      1844.00     0.505781
      1845.00     0.505637
      1846.00     0.505493
      1847.00     0.505348
      1848.00     0.505204
      1849.00     0.505524
      1850.00     0.505844
      1851.00     0.506165
      1852.00     0.506485
      1853.00     0.506552
      1854.00     0.506620
      1855.00     0.506688
      1856.00     0.506755
      1857.00     0.507111
      1858.00     0.507466
      1859.00     0.507822
      1860.00     0.508178
      1861.00     0.507137
      1862.00     0.506096
      1863.00     0.505055
      1864.00     0.504014
      1865.00     0.503057
      1866.00     0.502100
      1867.00     0.501144
      1868.00     0.500187
      1869.00     0.498363
      1870.00     0.496539
      1871.00     0.494715
      1872.00     0.492891
      1873.00     0.491712
      1874.00     0.490534
      1875.00     0.489355
      1876.00     0.488176
      1877.00     0.487527
      1878.00     0.486878
      1879.00     0.486228
      1880.00     0.485579
      1881.00     0.484458
      1882.00     0.483337
      1883.00     0.482216
      1884.00     0.481095
      1885.00     0.479384
      1886.00     0.477674
      1887.00     0.475963
      1888.00     0.474252
      1889.00     0.471675
      1890.00     0.469097
      1891.00     0.466520
      1892.00     0.463943
      1893.00     0.461867
      1894.00     0.459792
      1895.00     0.457716
      1896.00     0.455641
      1897.00     0.454286
      1898.00     0.452931
      1899.00     0.451576
      1900.00     0.450221
      1901.00     0.449199
      1902.00     0.448177
      1903.00     0.447155
      1904.00     0.446133
      1905.00     0.445626
      1906.00     0.445119
      1907.00     0.444611
      1908.00     0.444104
      1909.00     0.444016
      1910.00     0.443928
      1911.00     0.443840
      1912.00     0.443752
      1913.00     0.444081
      1914.00     0.444410
      1915.00     0.444739
      1916.00     0.445068
      1917.00     0.445094
      1918.00     0.445121
      1919.00     0.445147
      1920.00     0.445173
      1921.00     0.445183
      1922.00     0.445194
      1923.00     0.445204
      1924.00     0.445215
      1925.00     0.445573
      1926.00     0.445931
      1927.00     0.446289
      1928.00     0.446647
      1929.00     0.447706
      1930.00     0.448766
      1931.00     0.449825
      1932.00     0.450884
      1933.00     0.451286
      1934.00     0.451688
      1935.00     0.452091
      1936.00     0.452493
      1937.00     0.453034
      1938.00     0.453574
      1939.00     0.454115
      1940.00     0.454656
      1941.00     0.454805
      1942.00     0.454955
      1943.00     0.455104
      1944.00     0.455253
      1945.00     0.455436
      1946.00     0.455618
      1947.00     0.455801
      1948.00     0.455983
      1949.00     0.456596
      1950.00     0.457209
      1951.00     0.457822
      1952.00     0.458435
      1953.00     0.458738
      1954.00     0.459041
      1955.00     0.459345
      1956.00     0.459648
      1957.00     0.460133
      1958.00     0.460618
      1959.00     0.461103
      1960.00     0.461588
      1961.00     0.461422
      1962.00     0.461255
      1963.00     0.461089
      1964.00     0.460923
      1965.00     0.461712
      1966.00     0.462501
      1967.00     0.463289
      1968.00     0.464078
      1969.00     0.464204
      1970.00     0.464330
      1971.00     0.464457
      1972.00     0.464583
      1973.00     0.465785
      1974.00     0.466987
      1975.00     0.468189
      1976.00     0.469391
      1977.00     0.469342
      1978.00     0.469294
      1979.00     0.469245
      1980.00     0.469197
      1981.00     0.470432
      1982.00     0.471667
      1983.00     0.472901
      1984.00     0.474136
      1985.00     0.475123
      1986.00     0.476110
      1987.00     0.477097
      1988.00     0.478084
      1989.00     0.478335
      1990.00     0.478587
      1991.00     0.478839
      1992.00     0.479090
      1993.00     0.479504
      1994.00     0.479918
      1995.00     0.480331
      1996.00     0.480745
      1997.00     0.481268
      1998.00     0.481790
      1999.00     0.482313
      2000.00     0.482835
      2001.00     0.483218
      2002.00     0.483601
      2003.00     0.483985
      2004.00     0.484368
      2005.00     0.484368
      2006.00     0.484368
      2007.00     0.484368
      2008.00     0.484368
      2009.00     0.484762
      2010.00     0.485157
      2011.00     0.485551
      2012.00     0.485946
      2013.00     0.486021
      2014.00     0.486096
      2015.00     0.486172
      2016.00     0.486247
      2017.00     0.486458
      2018.00     0.486668
      2019.00     0.486879
      2020.00     0.487090
      2021.00     0.486770
      2022.00     0.486450
      2023.00     0.486130
      2024.00     0.485810
      2025.00     0.485433
      2026.00     0.485056
      2027.00     0.484678
      2028.00     0.484301
      2029.00     0.485330
      2030.00     0.486359
      2031.00     0.487388
      2032.00     0.488417
      2033.00     0.488801
      2034.00     0.489185
      2035.00     0.489569
      2036.00     0.489953
      2037.00     0.490274
      2038.00     0.490595
      2039.00     0.490916
      2040.00     0.491237
      2041.00     0.490726
      2042.00     0.490215
      2043.00     0.489704
      2044.00     0.489193
      2045.00     0.488797
      2046.00     0.488401
      2047.00     0.488006
      2048.00     0.487610
      2049.00     0.487999
      2050.00     0.488387
      2051.00     0.488775
      2052.00     0.489164
      2053.00     0.488923
      2054.00     0.488683
      2055.00     0.488442
      2056.00     0.488201
      2057.00     0.488906
      2058.00     0.489611
      2059.00     0.490316
      2060.00     0.491021
      2061.00     0.491787
      2062.00     0.492554
      2063.00     0.493320
      2064.00     0.494087
      2065.00     0.494282
      2066.00     0.494478
      2067.00     0.494673
      2068.00     0.494868
      2069.00     0.494294
      2070.00     0.493720
      2071.00     0.493146
      2072.00     0.492572
      2073.00     0.492635
      2074.00     0.492698
      2075.00     0.492762
      2076.00     0.492825
      2077.00     0.492966
      2078.00     0.493107
      2079.00     0.493248
      2080.00     0.492703
      2081.00     0.492196
      2082.00     0.492921
      2083.00     0.493500
      2084.00     0.493935
      2085.00     0.494068
      2086.00     0.494056
      2087.00     0.494326
      2088.00     0.494837
      2089.00     0.495258
      2090.00     0.495356
      2091.00     0.495090
      2092.00     0.494585
      2093.00     0.494074
      2094.00     0.493986
      2095.00     0.494106
      2096.00     0.494172
      2097.00     0.494055
      2098.00     0.493719
      2099.00     0.493232
      2100.00     0.492908
      2101.00     0.492928
      2102.00     0.493133
      2103.00     0.493390
      2104.00     0.493473
      2105.00     0.493342
      2106.00     0.493316
      2107.00     0.493607
      2108.00     0.494125
      2109.00     0.494472
      2110.00     0.494459
      2111.00     0.493887
      2112.00     0.493201
      2113.00     0.492809
      2114.00     0.492890
      2115.00     0.493259
      2116.00     0.493597
      2117.00     0.493847
      2118.00     0.494024
      2119.00     0.494212
      2120.00     0.494369
      2121.00     0.494422
      2122.00     0.494303
      2123.00     0.493970
      2124.00     0.493653
      2125.00     0.493502
      2126.00     0.493464
      2127.00     0.493534
      2128.00     0.493694
      2129.00     0.493780
      2130.00     0.493791
      2131.00     0.493894
      2132.00     0.494002
      2133.00     0.493938
      2134.00     0.493736
      2135.00     0.493317
      2136.00     0.492589
      2137.00     0.491965
      2138.00     0.491491
      2139.00     0.491004
      2140.00     0.490359
      2141.00     0.489643
      2142.00     0.488990
      2143.00     0.488555
      2144.00     0.488522
      2145.00     0.488760
      2146.00     0.489000
      2147.00     0.489069
      2148.00     0.488882
      2149.00     0.488487
      2150.00     0.487946
      2151.00     0.487338
      2152.00     0.486700
      2153.00     0.486188
      2154.00     0.485859
      2155.00     0.485600
      2156.00     0.485348
      2157.00     0.484971
      2158.00     0.484392
      2159.00     0.483683
      2160.00     0.483069
      2161.00     0.482670
      2162.00     0.482262
      2163.00     0.481754
      2164.00     0.481155
      2165.00     0.480484
      2166.00     0.479868
      2167.00     0.479518
      2168.00     0.479405
      2169.00     0.479250
      2170.00     0.478942
      2171.00     0.478583
      2172.00     0.478149
      2173.00     0.477588
      2174.00     0.476991
      2175.00     0.476346
      2176.00     0.475534
      2177.00     0.474695
      2178.00     0.474061
      2179.00     0.473601
      2180.00     0.473109
      2181.00     0.472570
      2182.00     0.471841
      2183.00     0.470944
      2184.00     0.469919
      2185.00     0.469014
      2186.00     0.468258
      2187.00     0.467546
      2188.00     0.466979
      2189.00     0.466549
      2190.00     0.466075
      2191.00     0.465502
      2192.00     0.464860
      2193.00     0.464205
      2194.00     0.463392
      2195.00     0.462583
      2196.00     0.461830
      2197.00     0.461004
      2198.00     0.459985
      2199.00     0.458963
      2200.00     0.457940
      2201.00     0.456914
      2202.00     0.456005
      2203.00     0.455070
      2204.00     0.454035
      2205.00     0.452993
      2206.00     0.451910
      2207.00     0.451202
      2208.00     0.450990
      2209.00     0.451517
      2210.00     0.452619
      2211.00     0.454275
      2212.00     0.456102
      2213.00     0.457989
      2214.00     0.459618
      2215.00     0.460901
      2216.00     0.461872
      2217.00     0.462733
      2218.00     0.463483
      2219.00     0.464282
      2220.00     0.465106
      2221.00     0.466023
      2222.00     0.466824
      2223.00     0.467574
      2224.00     0.468449
      2225.00     0.469324
      2226.00     0.470320
      2227.00     0.471127
      2228.00     0.471787
      2229.00     0.472201
      2230.00     0.472439
      2231.00     0.472569
      2232.00     0.472681
      2233.00     0.472812
      2234.00     0.472920
      2235.00     0.472979
      2236.00     0.473072
      2237.00     0.473297
      2238.00     0.473709
      2239.00     0.474269
      2240.00     0.474948
      2241.00     0.475525
      2242.00     0.475900
      2243.00     0.476087
      2244.00     0.476064
      2245.00     0.475796
      2246.00     0.475378
      2247.00     0.474905
      2248.00     0.474554
      2249.00     0.474323
      2250.00     0.474309
      2251.00     0.474489
      2252.00     0.474615
      2253.00     0.474562
      2254.00     0.474378
      2255.00     0.474218
      2256.00     0.474206
      2257.00     0.474346
      2258.00     0.474634
      2259.00     0.474958
      2260.00     0.475169
      2261.00     0.475191
      2262.00     0.475034
      2263.00     0.474899
      2264.00     0.474924
      2265.00     0.475127
      2266.00     0.475458
      2267.00     0.475874
      2268.00     0.476280
      2269.00     0.476504
      2270.00     0.476459
      2271.00     0.476247
      2272.00     0.476019
      2273.00     0.475807
      2274.00     0.475583
      2275.00     0.475417
      2276.00     0.475363
      2277.00     0.475326
      2278.00     0.475280
      2279.00     0.475266
      2280.00     0.475267
      2281.00     0.475185
      2282.00     0.474913
      2283.00     0.474512
      2284.00     0.474133
      2285.00     0.473798
      2286.00     0.473543
      2287.00     0.473389
      2288.00     0.473251
      2289.00     0.473030
      2290.00     0.472706
      2291.00     0.472384
      2292.00     0.472143
      2293.00     0.471954
      2294.00     0.471755
      2295.00     0.471514
      2296.00     0.471145
      2297.00     0.470638
      2298.00     0.470108
      2299.00     0.469686
      2300.00     0.469264
      2301.00     0.468828
      2302.00     0.468361
      2303.00     0.467824
      2304.00     0.467324
      2305.00     0.466864
      2306.00     0.466555
      2307.00     0.466384
      2308.00     0.466261
      2309.00     0.466051
      2310.00     0.465642
      2311.00     0.465036
      2312.00     0.464255
      2313.00     0.463401
      2314.00     0.462660
      2315.00     0.462071
      2316.00     0.461717
      2317.00     0.461592
      2318.00     0.461528
      2319.00     0.461363
      2320.00     0.461034
      2321.00     0.460525
      2322.00     0.459844
      2323.00     0.459182
      2324.00     0.458619
      2325.00     0.458145
      2326.00     0.457770
      2327.00     0.457365
      2328.00     0.456942
      2329.00     0.456453
      2330.00     0.456002
      2331.00     0.455546
      2332.00     0.455124
      2333.00     0.454623
      2334.00     0.454075
      2335.00     0.453387
      2336.00     0.452709
      2337.00     0.452078
      2338.00     0.451626
      2339.00     0.451333
      2340.00     0.451175
      2341.00     0.451060
      2342.00     0.450856
      2343.00     0.450474
      2344.00     0.449929
      2345.00     0.449380
      2346.00     0.448898
      2347.00     0.448584
      2348.00     0.448498
      2349.00     0.448597
      2350.00     0.448826
      2351.00     0.448967
      2352.00     0.448959
      2353.00     0.448835
      2354.00     0.448668
      2355.00     0.448536
      2356.00     0.448471
      2357.00     0.448513
      2358.00     0.448653
      2359.00     0.448821
      2360.00     0.448918
      2361.00     0.448909
      2362.00     0.448862
      2363.00     0.448812
      2364.00     0.448777
      2365.00     0.448775
      2366.00     0.448838
      2367.00     0.448934
      2368.00     0.448977
      2369.00     0.448945
      2370.00     0.448864
      2371.00     0.448733
      2372.00     0.448532
      2373.00     0.448271
      2374.00     0.448002
      2375.00     0.447763
      2376.00     0.447546
      2377.00     0.447338
      2378.00     0.447143
      2379.00     0.446923
      2380.00     0.446631
      2381.00     0.446264
      2382.00     0.445930
      2383.00     0.445709
      2384.00     0.445608
      2385.00     0.445602
      2386.00     0.445671
      2387.00     0.445790
      2388.00     0.445916
      2389.00     0.445971
      2390.00     0.445937
      2391.00     0.445908
      2392.00     0.445892
      2393.00     0.445830
      2394.00     0.445684
      2395.00     0.445447
      2396.00     0.445135
      2397.00     0.444790
      2398.00     0.444467
      2399.00     0.444208
      2400.00     0.444157
      2401.00     0.444294
      2402.00     0.444505
      2403.00     0.444678
      2404.00     0.444722
      2405.00     0.444595
      2406.00     0.444325
      2407.00     0.443970
      2408.00     0.443542
      2409.00     0.443107
      2410.00     0.442694
      2411.00     0.442271
      2412.00     0.441845
      2413.00     0.441403
      2414.00     0.440994
      2415.00     0.440673
      2416.00     0.440443
      2417.00     0.440257
      2418.00     0.440023
      2419.00     0.439708
      2420.00     0.439281
      2421.00     0.438764
      2422.00     0.438144
      2423.00     0.437476
      2424.00     0.436880
      2425.00     0.436385
      2426.00     0.435927
      2427.00     0.435485
      2428.00     0.435100
      2429.00     0.434672
      2430.00     0.434178
      2431.00     0.433543
      2432.00     0.432739
      2433.00     0.431887
      2434.00     0.431094
      2435.00     0.430282
      2436.00     0.429641
      2437.00     0.429117
      2438.00     0.428786
      2439.00     0.428573
      2440.00     0.428423
      2441.00     0.428295
      2442.00     0.428159
      2443.00     0.428021
      2444.00     0.427843
      2445.00     0.427676
      2446.00     0.427490
      2447.00     0.427286
      2448.00     0.427074
      2449.00     0.426846
      2450.00     0.426620
      2451.00     0.426347
      2452.00     0.426076
      2453.00     0.425797
      2454.00     0.425486
      2455.00     0.425130
      2456.00     0.424738
      2457.00     0.424307
      2458.00     0.423931
      2459.00     0.423589
      2460.00     0.423272
      2461.00     0.423014
      2462.00     0.422802
      2463.00     0.422613
      2464.00     0.422450
      2465.00     0.422336
      2466.00     0.422274
      2467.00     0.422233
      2468.00     0.422195
      2469.00     0.422132
      2470.00     0.422015
      2471.00     0.421803
      2472.00     0.421474
      2473.00     0.421113
      2474.00     0.420735
      2475.00     0.420377
      2476.00     0.420060
      2477.00     0.419782
      2478.00     0.419544
      2479.00     0.419311
      2480.00     0.419060
      2481.00     0.418783
      2482.00     0.418487
      2483.00     0.418180
      2484.00     0.417850
      2485.00     0.417538
      2486.00     0.417252
      2487.00     0.416977
      2488.00     0.416702
      2489.00     0.416434
      2490.00     0.416200
      2491.00     0.416019
      2492.00     0.415814
      2493.00     0.415596
      2494.00     0.415395
      2495.00     0.415233
      2496.00     0.415111
      2497.00     0.415003
      2498.00     0.414894
      2499.00     0.414820
      2500.00     0.414778
