      400.000   0.00811100
      401.000   0.00629300
      402.000   0.00806500
      403.000   0.00496500
      404.000   0.00629100
      405.000   0.00318800
      406.000   0.00318900
      407.000   0.00319300
      408.000   0.00319600
      409.000   0.00320000
      410.000   0.00320700
      411.000   0.00974200
      412.000   0.00974200
      413.000   0.00800800
      414.000   0.00669100
      415.000   0.00797200
      416.000   0.00789500
      417.000   0.00479000
      418.000   0.00612000
      419.000   0.00431400
      420.000   0.00421000
      421.000   0.00552500
      422.000  0.000660000
      423.000   0.00302400
      424.000  0.000323000
      425.000  0.000454000
      426.000   0.00217100
      427.000   0.00475300
      428.000   0.00640100
      429.000   0.00461600
      430.000   0.00468400
      431.000   0.00388000
      432.000   0.00642600
      433.000   0.00627600
      434.000   0.00931800
      435.000   0.00937400
      436.000   0.00940200
      437.000   0.00948700
      438.000    0.0113810
      439.000   0.00979000
      440.000    0.0145010
      441.000    0.0145710
      442.000    0.0142920
      443.000    0.0142230
      444.000    0.0141190
      445.000    0.0158220
      446.000    0.0170520
      447.000    0.0182400
      448.000    0.0184320
      449.000    0.0205450
      450.000    0.0187420
      451.000    0.0203400
      452.000    0.0217960
      453.000    0.0214970
      454.000    0.0202820
      455.000    0.0216250
      456.000    0.0187110
      457.000    0.0252460
      458.000    0.0259280
      459.000    0.0221030
      460.000    0.0246750
      461.000    0.0251320
      462.000    0.0244830
      463.000    0.0277050
      464.000    0.0290680
      465.000    0.0274490
      466.000    0.0273980
      467.000    0.0285490
      468.000    0.0289440
      469.000    0.0291200
      470.000    0.0306800
      471.000    0.0323970
      472.000    0.0322840
      473.000    0.0304100
      474.000    0.0321150
      475.000    0.0335930
      476.000    0.0321710
      477.000    0.0365870
      478.000    0.0333070
      479.000    0.0391290
      480.000    0.0357400
      481.000    0.0360920
      482.000    0.0391290
      483.000    0.0390670
      484.000    0.0416670
      485.000    0.0399240
      486.000    0.0397980
      487.000    0.0412830
      488.000    0.0428300
      489.000    0.0426330
      490.000    0.0426330
      491.000    0.0425670
      492.000    0.0442580
      493.000    0.0444600
      494.000    0.0446620
      495.000    0.0467820
      496.000    0.0467130
      497.000    0.0499910
      498.000    0.0496110
      499.000    0.0509050
      500.000    0.0511940
      501.000    0.0528750
      502.000    0.0522710
      503.000    0.0535650
      504.000    0.0531970
      505.000    0.0529030
      506.000    0.0526121
      507.000    0.0543339
      508.000    0.0572099
      509.000    0.0574480
      510.000    0.0572950
      511.000    0.0569151
      512.000    0.0593150
      513.000    0.0583570
      514.000    0.0613120
      515.000    0.0609940
      516.000    0.0614400
      517.000    0.0632440
      518.000    0.0649360
      519.000    0.0661410
      520.000    0.0646910
      521.000    0.0664720
      522.000    0.0662240
      523.000    0.0671780
      524.000    0.0657290
      525.000    0.0703900
      526.000    0.0682110
      527.000    0.0706890
      528.000    0.0705190
      529.000    0.0715420
      530.000    0.0721430
      531.000    0.0765340
      532.000    0.0773580
      533.000    0.0774490
      534.000    0.0747080
      535.000    0.0773630
      536.000    0.0807520
      537.000    0.0832770
      538.000    0.0789180
      539.000    0.0786470
      540.000    0.0799300
      541.000    0.0834160
      542.000    0.0817580
      543.000    0.0817580
      544.000    0.0873790
      545.000    0.0875740
      546.000    0.0891470
      547.000    0.0899300
      548.000    0.0896940
      549.000    0.0894990
      550.000    0.0894990
      551.000    0.0921720
      552.000    0.0914840
      553.000    0.0936340
      554.000    0.0947040
      555.000    0.0968380
      556.000    0.0963360
      557.000    0.0993680
      558.000    0.0996750
      559.000    0.0994890
      560.000     0.105101
      561.000     0.107422
      562.000     0.105404
      563.000     0.108040
      564.000     0.108765
      565.000     0.108673
      566.000     0.109843
      567.000     0.109955
      568.000     0.111599
      569.000     0.112881
      570.000     0.114861
      571.000     0.115212
      572.000     0.114011
      573.000     0.117069
      574.000     0.118747
      575.000     0.118274
      576.000     0.117433
      577.000     0.117675
      578.000     0.120644
      579.000     0.120209
      580.000     0.119841
      581.000     0.123566
      582.000     0.124066
      583.000     0.123941
      584.000     0.127046
      585.000     0.126279
      586.000     0.126846
      587.000     0.125953
      588.000     0.128255
      589.000     0.129759
      590.000     0.133059
      591.000     0.132266
      592.000     0.133206
      593.000     0.135932
      594.000     0.135661
      595.000     0.135379
      596.000     0.132567
      597.000     0.132714
      598.000     0.133365
      599.000     0.132844
      600.000     0.133906
      601.000     0.133785
      602.000     0.134435
      603.000     0.134824
      604.000     0.138288
      605.000     0.140685
      606.000     0.140288
      607.000     0.138397
      608.000     0.139542
      609.000     0.141167
      610.000     0.140555
      611.000     0.142705
      612.000     0.144856
      613.000     0.146809
      614.000     0.145580
      615.000     0.146995
      616.000     0.147267
      617.000     0.148961
      618.000     0.149788
      619.000     0.151217
      620.000     0.151497
      621.000     0.151776
      622.000     0.151357
      623.000     0.152537
      624.000     0.155042
      625.000     0.152151
      626.000     0.152427
      627.000     0.154823
      628.000     0.151946
      629.000     0.152634
      630.000     0.155528
      631.000     0.154698
      632.000     0.157105
      633.000     0.154559
      634.000     0.157811
      635.000     0.158804
      636.000     0.160223
      637.000     0.159781
      638.000     0.160637
      639.000     0.165475
      640.000     0.167642
      641.000     0.168089
      642.000     0.166605
      643.000     0.167048
      644.000     0.168924
      645.000     0.168625
      646.000     0.168476
      647.000     0.172466
      648.000     0.168452
      649.000     0.172230
      650.000     0.172683
      651.000     0.174567
      652.000     0.175334
      653.000     0.174415
      654.000     0.175538
      655.000     0.176925
      656.000     0.174234
      657.000     0.179461
      658.000     0.179776
      659.000     0.177941
      660.000     0.178456
      661.000     0.182392
      662.000     0.182095
      663.000     0.181782
      664.000     0.181597
      665.000     0.182677
      666.000     0.184886
      667.000     0.186478
      668.000     0.185673
      669.000     0.185516
      670.000     0.183792
      671.000     0.185689
      672.000     0.188232
      673.000     0.190630
      674.000     0.191103
      675.000     0.194352
      676.000     0.190301
      677.000     0.189823
      678.000     0.191412
      679.000     0.196365
      680.000     0.201313
      681.000     0.200475
      682.000     0.202037
      683.000     0.200692
      684.000     0.199196
      685.000     0.197879
      686.000     0.202505
      687.000     0.203344
      688.000     0.202673
      689.000     0.202171
      690.000     0.204110
      691.000     0.203176
      692.000     0.205719
      693.000     0.205037
      694.000     0.207502
      695.000     0.208704
      696.000     0.207160
      697.000     0.208532
      698.000     0.210440
      699.000     0.219247
      700.000     0.211444
      701.000     0.212295
      702.000     0.212637
      703.000     0.213545
      704.000     0.212323
      705.000     0.212723
      706.000     0.217671
      707.000     0.219091
      708.000     0.218047
      709.000     0.218047
      710.000     0.218941
      711.000     0.218643
      712.000     0.220706
      713.000     0.220706
      714.000     0.221597
      715.000     0.223902
      716.000     0.224132
      717.000     0.225320
      718.000     0.226033
      719.000     0.227636
      720.000     0.228521
      721.000     0.228923
      722.000     0.231046
      723.000     0.229089
      724.000     0.230147
      725.000     0.229611
      726.000     0.231645
      727.000     0.231645
      728.000     0.232368
      729.000     0.232731
      730.000     0.234697
      731.000     0.235640
      732.000     0.237382
      733.000     0.239356
      734.000     0.237516
      735.000     0.237199
      736.000     0.237934
      737.000     0.239727
      738.000     0.243935
      739.000     0.241461
      740.000     0.242885
      741.000     0.242511
      742.000     0.243186
      743.000     0.242070
      744.000     0.244046
      745.000     0.243411
      746.000     0.246711
      747.000     0.245861
      748.000     0.244473
      749.000     0.245028
      750.000     0.247372
      751.000     0.250018
      752.000     0.247651
      753.000     0.247747
      754.000     0.250486
      755.000     0.253428
      756.000     0.257318
      757.000     0.255121
      758.000     0.254648
      759.000     0.255195
      760.000     0.254430
      761.000     0.254239
      762.000     0.254812
      763.000     0.253971
      764.000     0.258642
      765.000     0.255964
      766.000     0.258594
      767.000     0.262515
      768.000     0.259817
      769.000     0.260732
      770.000     0.261069
      771.000     0.263328
      772.000     0.265585
      773.000     0.265188
      774.000     0.264005
      775.000     0.261931
      776.000     0.264635
      777.000     0.263588
      778.000     0.264024
      779.000     0.265863
      780.000     0.268713
      781.000     0.270911
      782.000     0.264999
      783.000     0.266450
      784.000     0.270038
      785.000     0.272869
      786.000     0.274511
      787.000     0.274714
      788.000     0.273501
      789.000     0.272297
      790.000     0.270507
      791.000     0.269914
      792.000     0.271880
      793.000     0.274107
      794.000     0.270521
      795.000     0.277772
      796.000     0.278991
      797.000     0.274584
      798.000     0.276397
      799.000     0.276363
      800.000     0.277631
      801.000     0.278167
      802.000     0.278703
      803.000     0.279239
      804.000     0.279775
      805.000     0.280435
      806.000     0.281095
      807.000     0.281755
      808.000     0.282415
      809.000     0.283096
      810.000     0.283776
      811.000     0.284456
      812.000     0.285137
      813.000     0.286353
      814.000     0.287570
      815.000     0.288787
      816.000     0.290003
      817.000     0.289725
      818.000     0.289447
      819.000     0.289168
      820.000     0.288890
      821.000     0.289455
      822.000     0.290020
      823.000     0.290585
      824.000     0.291150
      825.000     0.291258
      826.000     0.291365
      827.000     0.291473
      828.000     0.291580
      829.000     0.291530
      830.000     0.291481
      831.000     0.291431
      832.000     0.291381
      833.000     0.292704
      834.000     0.294028
      835.000     0.295351
      836.000     0.296674
      837.000     0.296169
      838.000     0.295664
      839.000     0.295160
      840.000     0.294655
      841.000     0.296255
      842.000     0.297856
      843.000     0.299456
      844.000     0.301057
      845.000     0.300935
      846.000     0.300814
      847.000     0.300692
      848.000     0.300571
      849.000     0.300825
      850.000     0.301080
      851.000     0.301335
      852.000     0.301589
      853.000     0.301759
      854.000     0.301929
      855.000     0.302100
      856.000     0.302270
      857.000     0.302473
      858.000     0.302676
      859.000     0.302879
      860.000     0.303082
      861.000     0.303076
      862.000     0.303071
      863.000     0.303065
      864.000     0.303059
      865.000     0.303767
      866.000     0.304475
      867.000     0.305184
      868.000     0.305892
      869.000     0.306291
      870.000     0.306690
      871.000     0.307089
      872.000     0.307488
      873.000     0.308288
      874.000     0.309088
      875.000     0.309887
      876.000     0.310687
      877.000     0.310279
      878.000     0.309870
      879.000     0.309462
      880.000     0.309053
      881.000     0.309899
      882.000     0.310745
      883.000     0.311591
      884.000     0.312437
      885.000     0.313024
      886.000     0.313610
      887.000     0.314197
      888.000     0.314784
      889.000     0.314768
      890.000     0.314753
      891.000     0.314737
      892.000     0.314722
      893.000     0.315063
      894.000     0.315403
      895.000     0.315744
      896.000     0.316085
      897.000     0.316867
      898.000     0.317649
      899.000     0.318431
      900.000     0.319213
      901.000     0.318904
      902.000     0.318596
      903.000     0.318287
      904.000     0.317979
      905.000     0.318724
      906.000     0.319468
      907.000     0.320213
      908.000     0.320958
      909.000     0.321480
      910.000     0.322002
      911.000     0.322523
      912.000     0.323045
      913.000     0.323581
      914.000     0.324118
      915.000     0.324654
      916.000     0.325190
      917.000     0.325725
      918.000     0.326261
      919.000     0.326797
      920.000     0.327332
      921.000     0.327228
      922.000     0.327125
      923.000     0.327022
      924.000     0.326918
      925.000     0.327347
      926.000     0.327775
      927.000     0.328203
      928.000     0.328632
      929.000     0.329324
      930.000     0.330015
      931.000     0.330707
      932.000     0.331399
      933.000     0.331747
      934.000     0.332096
      935.000     0.332444
      936.000     0.332792
      937.000     0.333192
      938.000     0.333592
      939.000     0.333992
      940.000     0.334392
      941.000     0.334127
      942.000     0.333861
      943.000     0.333596
      944.000     0.333330
      945.000     0.334184
      946.000     0.335037
      947.000     0.335891
      948.000     0.336744
      949.000     0.336530
      950.000     0.336317
      951.000     0.336103
      952.000     0.335889
      953.000     0.337117
      954.000     0.338344
      955.000     0.339571
      956.000     0.340799
      957.000     0.340930
      958.000     0.341061
      959.000     0.341193
      960.000     0.341324
      961.000     0.341166
      962.000     0.341008
      963.000     0.340850
      964.000     0.340692
      965.000     0.341462
      966.000     0.342232
      967.000     0.343002
      968.000     0.343772
      969.000     0.343848
      970.000     0.343924
      971.000     0.343999
      972.000     0.344075
      973.000     0.345024
      974.000     0.345973
      975.000     0.346921
      976.000     0.347870
      977.000     0.348343
      978.000     0.348816
      979.000     0.349289
      980.000     0.349762
      981.000     0.350053
      982.000     0.350343
      983.000     0.350634
      984.000     0.350925
      985.000     0.350543
      986.000     0.350161
      987.000     0.349778
      988.000     0.349396
      989.000     0.350256
      990.000     0.351116
      991.000     0.351975
      992.000     0.352835
      993.000     0.353700
      994.000     0.354566
      995.000     0.355431
      996.000     0.356296
      997.000     0.356309
      998.000     0.356322
      999.000     0.356335
      1000.00     0.356348
      1001.00     0.357844
      1002.00     0.359340
      1003.00     0.360835
      1004.00     0.362331
      1005.00     0.362565
      1006.00     0.362799
      1007.00     0.363033
      1008.00     0.363267
      1009.00     0.362340
      1010.00     0.361412
      1011.00     0.360485
      1012.00     0.359558
      1013.00     0.360783
      1014.00     0.362008
      1015.00     0.363233
      1016.00     0.364458
      1017.00     0.364578
      1018.00     0.364698
      1019.00     0.364818
      1020.00     0.364938
      1021.00     0.364183
      1022.00     0.363427
      1023.00     0.362671
      1024.00     0.361916
      1025.00     0.362110
      1026.00     0.362303
      1027.00     0.362497
      1028.00     0.362691
      1029.00     0.362477
      1030.00     0.362262
      1031.00     0.362048
      1032.00     0.361834
      1033.00     0.362128
      1034.00     0.362422
      1035.00     0.362715
      1036.00     0.363009
      1037.00     0.364829
      1038.00     0.366649
      1039.00     0.368469
      1040.00     0.370289
      1041.00     0.372486
      1042.00     0.374682
      1043.00     0.376878
      1044.00     0.379075
      1045.00     0.378607
      1046.00     0.378139
      1047.00     0.377671
      1048.00     0.377203
      1049.00     0.376105
      1050.00     0.375007
      1051.00     0.373909
      1052.00     0.372811
      1053.00     0.373789
      1054.00     0.374766
      1055.00     0.375744
      1056.00     0.376722
      1057.00     0.377504
      1058.00     0.378286
      1059.00     0.379069
      1060.00     0.379851
      1061.00     0.379048
      1062.00     0.378246
      1063.00     0.377443
      1064.00     0.376641
      1065.00     0.375973
      1066.00     0.375305
      1067.00     0.374637
      1068.00     0.373969
      1069.00     0.375113
      1070.00     0.376256
      1071.00     0.377400
      1072.00     0.378543
      1073.00     0.378235
      1074.00     0.377926
      1075.00     0.377618
      1076.00     0.377309
      1077.00     0.377382
      1078.00     0.377456
      1079.00     0.377529
      1080.00     0.377602
      1081.00     0.379377
      1082.00     0.381151
      1083.00     0.382926
      1084.00     0.384701
      1085.00     0.385281
      1086.00     0.385860
      1087.00     0.386440
      1088.00     0.387019
      1089.00     0.386968
      1090.00     0.386918
      1091.00     0.386868
      1092.00     0.386817
      1093.00     0.387255
      1094.00     0.387692
      1095.00     0.388130
      1096.00     0.388567
      1097.00     0.387758
      1098.00     0.386950
      1099.00     0.386141
      1100.00     0.385333
      1101.00     0.385708
      1102.00     0.386084
      1103.00     0.386459
      1104.00     0.386835
      1105.00     0.387050
      1106.00     0.387264
      1107.00     0.387479
      1108.00     0.387694
      1109.00     0.388201
      1110.00     0.388708
      1111.00     0.389214
      1112.00     0.389721
      1113.00     0.390075
      1114.00     0.390429
      1115.00     0.390784
      1116.00     0.391138
      1117.00     0.391197
      1118.00     0.391256
      1119.00     0.391315
      1120.00     0.391374
      1121.00     0.392345
      1122.00     0.393315
      1123.00     0.394286
      1124.00     0.395257
      1125.00     0.395842
      1126.00     0.396426
      1127.00     0.397011
      1128.00     0.397596
      1129.00     0.397160
      1130.00     0.396724
      1131.00     0.396288
      1132.00     0.395852
      1133.00     0.396091
      1134.00     0.396331
      1135.00     0.396570
      1136.00     0.396809
      1137.00     0.397557
      1138.00     0.398306
      1139.00     0.399054
      1140.00     0.399802
      1141.00     0.400188
      1142.00     0.400574
      1143.00     0.400960
      1144.00     0.401346
      1145.00     0.402358
      1146.00     0.403369
      1147.00     0.404381
      1148.00     0.405392
      1149.00     0.405605
      1150.00     0.405818
      1151.00     0.406032
      1152.00     0.406245
      1153.00     0.406137
      1154.00     0.406030
      1155.00     0.405923
      1156.00     0.405815
      1157.00     0.406326
      1158.00     0.406836
      1159.00     0.407347
      1160.00     0.407857
      1161.00     0.407524
      1162.00     0.407191
      1163.00     0.406858
      1164.00     0.406525
      1165.00     0.407545
      1166.00     0.408565
      1167.00     0.409585
      1168.00     0.410605
      1169.00     0.410700
      1170.00     0.410795
      1171.00     0.410890
      1172.00     0.410985
      1173.00     0.411168
      1174.00     0.411350
      1175.00     0.411532
      1176.00     0.411715
      1177.00     0.411837
      1178.00     0.411959
      1179.00     0.412081
      1180.00     0.412203
      1181.00     0.412912
      1182.00     0.413622
      1183.00     0.414331
      1184.00     0.415041
      1185.00     0.415103
      1186.00     0.415164
      1187.00     0.415226
      1188.00     0.415287
      1189.00     0.415596
      1190.00     0.415906
      1191.00     0.416215
      1192.00     0.416524
      1193.00     0.416648
      1194.00     0.416772
      1195.00     0.416897
      1196.00     0.417021
      1197.00     0.417083
      1198.00     0.417145
      1199.00     0.417208
      1200.00     0.417270
      1201.00     0.418237
      1202.00     0.419204
      1203.00     0.420170
      1204.00     0.421137
      1205.00     0.420729
      1206.00     0.420321
      1207.00     0.419913
      1208.00     0.419505
      1209.00     0.419008
      1210.00     0.418512
      1211.00     0.418016
      1212.00     0.417519
      1213.00     0.416149
      1214.00     0.414780
      1215.00     0.413411
      1216.00     0.412041
      1217.00     0.412013
      1218.00     0.411985
      1219.00     0.411956
      1220.00     0.411928
      1221.00     0.412643
      1222.00     0.413357
      1223.00     0.414072
      1224.00     0.414787
      1225.00     0.415878
      1226.00     0.416969
      1227.00     0.418061
      1228.00     0.419152
      1229.00     0.419784
      1230.00     0.420415
      1231.00     0.421047
      1232.00     0.421679
      1233.00     0.421706
      1234.00     0.421733
      1235.00     0.421760
      1236.00     0.421787
      1237.00     0.422221
      1238.00     0.422655
      1239.00     0.423088
      1240.00     0.423522
      1241.00     0.423955
      1242.00     0.424388
      1243.00     0.424821
      1244.00     0.425254
      1245.00     0.425495
      1246.00     0.425735
      1247.00     0.425976
      1248.00     0.426217
      1249.00     0.425963
      1250.00     0.425709
      1251.00     0.425454
      1252.00     0.425200
      1253.00     0.425225
      1254.00     0.425250
      1255.00     0.425274
      1256.00     0.425299
      1257.00     0.425173
      1258.00     0.425046
      1259.00     0.424919
      1260.00     0.424793
      1261.00     0.425795
      1262.00     0.426796
      1263.00     0.427798
      1264.00     0.428799
      1265.00     0.429951
      1266.00     0.431103
      1267.00     0.432255
      1268.00     0.433407
      1269.00     0.433557
      1270.00     0.433707
      1271.00     0.433858
      1272.00     0.434008
      1273.00     0.433456
      1274.00     0.432904
      1275.00     0.432353
      1276.00     0.431801
      1277.00     0.432515
      1278.00     0.433228
      1279.00     0.433942
      1280.00     0.434656
      1281.00     0.434309
      1282.00     0.433962
      1283.00     0.433615
      1284.00     0.433268
      1285.00     0.433390
      1286.00     0.433512
      1287.00     0.433634
      1288.00     0.433756
      1289.00     0.433667
      1290.00     0.433578
      1291.00     0.433490
      1292.00     0.433401
      1293.00     0.433294
      1294.00     0.433186
      1295.00     0.433079
      1296.00     0.432972
      1297.00     0.432614
      1298.00     0.432256
      1299.00     0.431899
      1300.00     0.431541
      1301.00     0.431956
      1302.00     0.432371
      1303.00     0.432786
      1304.00     0.433201
      1305.00     0.433763
      1306.00     0.434325
      1307.00     0.434886
      1308.00     0.435448
      1309.00     0.435196
      1310.00     0.434943
      1311.00     0.434691
      1312.00     0.434439
      1313.00     0.433875
      1314.00     0.433311
      1315.00     0.432746
      1316.00     0.432182
      1317.00     0.431646
      1318.00     0.431111
      1319.00     0.430575
      1320.00     0.430039
      1321.00     0.429937
      1322.00     0.429835
      1323.00     0.429734
      1324.00     0.429632
      1325.00     0.430250
      1326.00     0.430868
      1327.00     0.431486
      1328.00     0.432104
      1329.00     0.433365
      1330.00     0.434627
      1331.00     0.435888
      1332.00     0.437150
      1333.00     0.437419
      1334.00     0.437687
      1335.00     0.437956
      1336.00     0.438225
      1337.00     0.439518
      1338.00     0.440811
      1339.00     0.442104
      1340.00     0.443397
      1341.00     0.442482
      1342.00     0.441567
      1343.00     0.440653
      1344.00     0.439738
      1345.00     0.439629
      1346.00     0.439519
      1347.00     0.439409
      1348.00     0.439300
      1349.00     0.438809
      1350.00     0.438318
      1351.00     0.437827
      1352.00     0.437336
      1353.00     0.436688
      1354.00     0.436040
      1355.00     0.435393
      1356.00     0.434745
      1357.00     0.436008
      1358.00     0.437270
      1359.00     0.438533
      1360.00     0.439796
      1361.00     0.439263
      1362.00     0.438730
      1363.00     0.438197
      1364.00     0.437664
      1365.00     0.437460
      1366.00     0.437256
      1367.00     0.437052
      1368.00     0.436848
      1369.00     0.436120
      1370.00     0.435391
      1371.00     0.434663
      1372.00     0.433935
      1373.00     0.432757
      1374.00     0.431580
      1375.00     0.430402
      1376.00     0.429224
      1377.00     0.428907
      1378.00     0.428591
      1379.00     0.428274
      1380.00     0.427957
      1381.00     0.426975
      1382.00     0.425994
      1383.00     0.425012
      1384.00     0.424030
      1385.00     0.423014
      1386.00     0.421997
      1387.00     0.420981
      1388.00     0.419965
      1389.00     0.420001
      1390.00     0.420038
      1391.00     0.420074
      1392.00     0.420111
      1393.00     0.419097
      1394.00     0.418083
      1395.00     0.417069
      1396.00     0.416055
      1397.00     0.415473
      1398.00     0.414892
      1399.00     0.414310
      1400.00     0.413729
      1401.00     0.413306
      1402.00     0.412883
      1403.00     0.412459
      1404.00     0.412036
      1405.00     0.411859
      1406.00     0.411683
      1407.00     0.411506
      1408.00     0.411329
      1409.00     0.412200
      1410.00     0.413071
      1411.00     0.413942
      1412.00     0.414813
      1413.00     0.416469
      1414.00     0.418124
      1415.00     0.419780
      1416.00     0.421436
      1417.00     0.422183
      1418.00     0.422931
      1419.00     0.423678
      1420.00     0.424425
      1421.00     0.424774
      1422.00     0.425124
      1423.00     0.425473
      1424.00     0.425822
      1425.00     0.426400
      1426.00     0.426979
      1427.00     0.427557
      1428.00     0.428136
      1429.00     0.428736
      1430.00     0.429336
      1431.00     0.429937
      1432.00     0.430537
      1433.00     0.430725
      1434.00     0.430913
      1435.00     0.431101
      1436.00     0.431289
      1437.00     0.431495
      1438.00     0.431702
      1439.00     0.431908
      1440.00     0.432115
      1441.00     0.432276
      1442.00     0.432438
      1443.00     0.432600
      1444.00     0.432761
      1445.00     0.433287
      1446.00     0.433814
      1447.00     0.434340
      1448.00     0.434866
      1449.00     0.434739
      1450.00     0.434612
      1451.00     0.434485
      1452.00     0.434358
      1453.00     0.434483
      1454.00     0.434608
      1455.00     0.434733
      1456.00     0.434858
      1457.00     0.435016
      1458.00     0.435174
      1459.00     0.435331
      1460.00     0.435489
      1461.00     0.435928
      1462.00     0.436366
      1463.00     0.436805
      1464.00     0.437244
      1465.00     0.437385
      1466.00     0.437526
      1467.00     0.437666
      1468.00     0.437807
      1469.00     0.437807
      1470.00     0.437807
      1471.00     0.437807
      1472.00     0.437807
      1473.00     0.438485
      1474.00     0.439162
      1475.00     0.439840
      1476.00     0.440518
      1477.00     0.440988
      1478.00     0.441458
      1479.00     0.441929
      1480.00     0.442399
      1481.00     0.442508
      1482.00     0.442617
      1483.00     0.442727
      1484.00     0.442836
      1485.00     0.443174
      1486.00     0.443511
      1487.00     0.443849
      1488.00     0.444187
      1489.00     0.444489
      1490.00     0.444790
      1491.00     0.445092
      1492.00     0.445394
      1493.00     0.445876
      1494.00     0.446358
      1495.00     0.446840
      1496.00     0.447322
      1497.00     0.446817
      1498.00     0.446312
      1499.00     0.445806
      1500.00     0.445301
      1501.00     0.445137
      1502.00     0.444974
      1503.00     0.444810
      1504.00     0.444646
      1505.00     0.445196
      1506.00     0.445746
      1507.00     0.446295
      1508.00     0.446845
      1509.00     0.448170
      1510.00     0.449495
      1511.00     0.450820
      1512.00     0.452145
      1513.00     0.452667
      1514.00     0.453189
      1515.00     0.453712
      1516.00     0.454234
      1517.00     0.454504
      1518.00     0.454774
      1519.00     0.455044
      1520.00     0.455314
      1521.00     0.455583
      1522.00     0.455852
      1523.00     0.456121
      1524.00     0.456390
      1525.00     0.457311
      1526.00     0.458232
      1527.00     0.459153
      1528.00     0.460074
      1529.00     0.460133
      1530.00     0.460193
      1531.00     0.460252
      1532.00     0.460311
      1533.00     0.460957
      1534.00     0.461602
      1535.00     0.462247
      1536.00     0.462893
      1537.00     0.462845
      1538.00     0.462797
      1539.00     0.462749
      1540.00     0.462701
      1541.00     0.461982
      1542.00     0.461264
      1543.00     0.460545
      1544.00     0.459826
      1545.00     0.459373
      1546.00     0.458919
      1547.00     0.458466
      1548.00     0.458012
      1549.00     0.457750
      1550.00     0.457488
      1551.00     0.457225
      1552.00     0.456963
      1553.00     0.457092
      1554.00     0.457221
      1555.00     0.457350
      1556.00     0.457479
      1557.00     0.457673
      1558.00     0.457867
      1559.00     0.458061
      1560.00     0.458255
      1561.00     0.458716
      1562.00     0.459176
      1563.00     0.459637
      1564.00     0.460098
      1565.00     0.460950
      1566.00     0.461802
      1567.00     0.462655
      1568.00     0.463507
      1569.00     0.464496
      1570.00     0.465484
      1571.00     0.466473
      1572.00     0.467461
      1573.00     0.467726
      1574.00     0.467991
      1575.00     0.468256
      1576.00     0.468521
      1577.00     0.468785
      1578.00     0.469050
      1579.00     0.469314
      1580.00     0.469578
      1581.00     0.469049
      1582.00     0.468520
      1583.00     0.467990
      1584.00     0.467461
      1585.00     0.466934
      1586.00     0.466407
      1587.00     0.465880
      1588.00     0.465353
      1589.00     0.465484
      1590.00     0.465616
      1591.00     0.465748
      1592.00     0.465879
      1593.00     0.465813
      1594.00     0.465747
      1595.00     0.465682
      1596.00     0.465616
      1597.00     0.466954
      1598.00     0.468292
      1599.00     0.469630
      1600.00     0.470968
      1601.00     0.470766
      1602.00     0.470563
      1603.00     0.470361
      1604.00     0.470158
      1605.00     0.470092
      1606.00     0.470026
      1607.00     0.469960
      1608.00     0.469894
      1609.00     0.470221
      1610.00     0.470549
      1611.00     0.470876
      1612.00     0.471204
      1613.00     0.470133
      1614.00     0.469063
      1615.00     0.467992
      1616.00     0.466921
      1617.00     0.467138
      1618.00     0.467354
      1619.00     0.467571
      1620.00     0.467787
      1621.00     0.467918
      1622.00     0.468050
      1623.00     0.468181
      1624.00     0.468312
      1625.00     0.468903
      1626.00     0.469494
      1627.00     0.470084
      1628.00     0.470675
      1629.00     0.470678
      1630.00     0.470682
      1631.00     0.470685
      1632.00     0.470688
      1633.00     0.470009
      1634.00     0.469330
      1635.00     0.468650
      1636.00     0.467971
      1637.00     0.468430
      1638.00     0.468889
      1639.00     0.469348
      1640.00     0.469807
      1641.00     0.470132
      1642.00     0.470458
      1643.00     0.470783
      1644.00     0.471108
      1645.00     0.472306
      1646.00     0.473504
      1647.00     0.474701
      1648.00     0.475899
      1649.00     0.475026
      1650.00     0.474153
      1651.00     0.473279
      1652.00     0.472406
      1653.00     0.471900
      1654.00     0.471395
      1655.00     0.470890
      1656.00     0.470384
      1657.00     0.469843
      1658.00     0.469302
      1659.00     0.468761
      1660.00     0.468220
      1661.00     0.469674
      1662.00     0.471127
      1663.00     0.472580
      1664.00     0.474034
      1665.00     0.474013
      1666.00     0.473992
      1667.00     0.473970
      1668.00     0.473949
      1669.00     0.473817
      1670.00     0.473685
      1671.00     0.473553
      1672.00     0.473421
      1673.00     0.472898
      1674.00     0.472375
      1675.00     0.471852
      1676.00     0.471329
      1677.00     0.471329
      1678.00     0.471329
      1679.00     0.471329
      1680.00     0.471329
      1681.00     0.471863
      1682.00     0.472397
      1683.00     0.472931
      1684.00     0.473465
      1685.00     0.473578
      1686.00     0.473691
      1687.00     0.473804
      1688.00     0.473917
      1689.00     0.474847
      1690.00     0.475777
      1691.00     0.476707
      1692.00     0.477637
      1693.00     0.478081
      1694.00     0.478526
      1695.00     0.478971
      1696.00     0.479415
      1697.00     0.478549
      1698.00     0.477683
      1699.00     0.476816
      1700.00     0.475950
      1701.00     0.475950
      1702.00     0.475950
      1703.00     0.475950
      1704.00     0.475950
      1705.00     0.476816
      1706.00     0.477683
      1707.00     0.478549
      1708.00     0.479415
      1709.00     0.480000
      1710.00     0.480585
      1711.00     0.481169
      1712.00     0.481754
      1713.00     0.480374
      1714.00     0.478994
      1715.00     0.477615
      1716.00     0.476235
      1717.00     0.476978
      1718.00     0.477722
      1719.00     0.478465
      1720.00     0.479209
      1721.00     0.479225
      1722.00     0.479240
      1723.00     0.479255
      1724.00     0.479271
      1725.00     0.478527
      1726.00     0.477784
      1727.00     0.477040
      1728.00     0.476296
      1729.00     0.476957
      1730.00     0.477619
      1731.00     0.478281
      1732.00     0.478942
      1733.00     0.478675
      1734.00     0.478409
      1735.00     0.478142
      1736.00     0.477875
      1737.00     0.478278
      1738.00     0.478680
      1739.00     0.479082
      1740.00     0.479485
      1741.00     0.478155
      1742.00     0.476824
      1743.00     0.475494
      1744.00     0.474163
      1745.00     0.474229
      1746.00     0.474295
      1747.00     0.474361
      1748.00     0.474427
      1749.00     0.474823
      1750.00     0.475219
      1751.00     0.475615
      1752.00     0.476011
      1753.00     0.476082
      1754.00     0.476153
      1755.00     0.476225
      1756.00     0.476296
      1757.00     0.476906
      1758.00     0.477516
      1759.00     0.478125
      1760.00     0.478735
      1761.00     0.478794
      1762.00     0.478854
      1763.00     0.478913
      1764.00     0.478972
      1765.00     0.478166
      1766.00     0.477359
      1767.00     0.476553
      1768.00     0.475746
      1769.00     0.476478
      1770.00     0.477211
      1771.00     0.477943
      1772.00     0.478675
      1773.00     0.478675
      1774.00     0.478675
      1775.00     0.478675
      1776.00     0.478675
      1777.00     0.478330
      1778.00     0.477984
      1779.00     0.477639
      1780.00     0.477293
      1781.00     0.477095
      1782.00     0.476896
      1783.00     0.476698
      1784.00     0.476499
      1785.00     0.477228
      1786.00     0.477957
      1787.00     0.478686
      1788.00     0.479415
      1789.00     0.479599
      1790.00     0.479783
      1791.00     0.479967
      1792.00     0.480151
      1793.00     0.479620
      1794.00     0.479089
      1795.00     0.478559
      1796.00     0.478028
      1797.00     0.478160
      1798.00     0.478293
      1799.00     0.478425
      1800.00     0.478557
      1801.00     0.478557
      1802.00     0.478557
      1803.00     0.478557
      1804.00     0.478557
      1805.00     0.478290
      1806.00     0.478023
      1807.00     0.477756
      1808.00     0.477489
      1809.00     0.478537
      1810.00     0.479586
      1811.00     0.480634
      1812.00     0.481682
      1813.00     0.482523
      1814.00     0.483364
      1815.00     0.484206
      1816.00     0.485047
      1817.00     0.484131
      1818.00     0.483214
      1819.00     0.482297
      1820.00     0.481381
      1821.00     0.481696
      1822.00     0.482010
      1823.00     0.482325
      1824.00     0.482640
      1825.00     0.482668
      1826.00     0.482696
      1827.00     0.482724
      1828.00     0.482752
      1829.00     0.482480
      1830.00     0.482208
      1831.00     0.481935
      1832.00     0.481663
      1833.00     0.481830
      1834.00     0.481997
      1835.00     0.482164
      1836.00     0.482331
      1837.00     0.482311
      1838.00     0.482292
      1839.00     0.482273
      1840.00     0.482253
      1841.00     0.481894
      1842.00     0.481536
      1843.00     0.481178
      1844.00     0.480819
      1845.00     0.480919
      1846.00     0.481018
      1847.00     0.481118
      1848.00     0.481218
      1849.00     0.480148
      1850.00     0.479079
      1851.00     0.478009
      1852.00     0.476939
      1853.00     0.477336
      1854.00     0.477733
      1855.00     0.478131
      1856.00     0.478528
      1857.00     0.478298
      1858.00     0.478068
      1859.00     0.477839
      1860.00     0.477609
      1861.00     0.476078
      1862.00     0.474547
      1863.00     0.473016
      1864.00     0.471485
      1865.00     0.469059
      1866.00     0.466632
      1867.00     0.464206
      1868.00     0.461780
      1869.00     0.460867
      1870.00     0.459953
      1871.00     0.459039
      1872.00     0.458126
      1873.00     0.455752
      1874.00     0.453377
      1875.00     0.451003
      1876.00     0.448629
      1877.00     0.445837
      1878.00     0.443045
      1879.00     0.440254
      1880.00     0.437462
      1881.00     0.435128
      1882.00     0.432793
      1883.00     0.430459
      1884.00     0.428125
      1885.00     0.424398
      1886.00     0.420672
      1887.00     0.416946
      1888.00     0.413219
      1889.00     0.409764
      1890.00     0.406309
      1891.00     0.402854
      1892.00     0.399399
      1893.00     0.395741
      1894.00     0.392083
      1895.00     0.388426
      1896.00     0.384768
      1897.00     0.382128
      1898.00     0.379489
      1899.00     0.376850
      1900.00     0.374210
      1901.00     0.373782
      1902.00     0.373354
      1903.00     0.372926
      1904.00     0.372498
      1905.00     0.372814
      1906.00     0.373131
      1907.00     0.373447
      1908.00     0.373763
      1909.00     0.374975
      1910.00     0.376188
      1911.00     0.377400
      1912.00     0.378612
      1913.00     0.379135
      1914.00     0.379659
      1915.00     0.380182
      1916.00     0.380706
      1917.00     0.380941
      1918.00     0.381176
      1919.00     0.381411
      1920.00     0.381646
      1921.00     0.382969
      1922.00     0.384292
      1923.00     0.385615
      1924.00     0.386938
      1925.00     0.389445
      1926.00     0.391952
      1927.00     0.394459
      1928.00     0.396966
      1929.00     0.397669
      1930.00     0.398373
      1931.00     0.399077
      1932.00     0.399780
      1933.00     0.401321
      1934.00     0.402862
      1935.00     0.404403
      1936.00     0.405944
      1937.00     0.406748
      1938.00     0.407553
      1939.00     0.408358
      1940.00     0.409162
      1941.00     0.409664
      1942.00     0.410167
      1943.00     0.410670
      1944.00     0.411172
      1945.00     0.412097
      1946.00     0.413022
      1947.00     0.413946
      1948.00     0.414871
      1949.00     0.414687
      1950.00     0.414503
      1951.00     0.414319
      1952.00     0.414135
      1953.00     0.414557
      1954.00     0.414979
      1955.00     0.415400
      1956.00     0.415822
      1957.00     0.416306
      1958.00     0.416791
      1959.00     0.417275
      1960.00     0.417759
      1961.00     0.417766
      1962.00     0.417772
      1963.00     0.417778
      1964.00     0.417785
      1965.00     0.417802
      1966.00     0.417819
      1967.00     0.417837
      1968.00     0.417854
      1969.00     0.418463
      1970.00     0.419071
      1971.00     0.419679
      1972.00     0.420288
      1973.00     0.420736
      1974.00     0.421184
      1975.00     0.421633
      1976.00     0.422081
      1977.00     0.423330
      1978.00     0.424579
      1979.00     0.425828
      1980.00     0.427077
      1981.00     0.427842
      1982.00     0.428608
      1983.00     0.429373
      1984.00     0.430138
      1985.00     0.430761
      1986.00     0.431384
      1987.00     0.432007
      1988.00     0.432630
      1989.00     0.433832
      1990.00     0.435034
      1991.00     0.436236
      1992.00     0.437438
      1993.00     0.438533
      1994.00     0.439627
      1995.00     0.440721
      1996.00     0.441816
      1997.00     0.441705
      1998.00     0.441594
      1999.00     0.441484
      2000.00     0.441373
      2001.00     0.441022
      2002.00     0.440670
      2003.00     0.440319
      2004.00     0.439968
      2005.00     0.439965
      2006.00     0.439961
      2007.00     0.439958
      2008.00     0.439955
      2009.00     0.440710
      2010.00     0.441464
      2011.00     0.442219
      2012.00     0.442974
      2013.00     0.444364
      2014.00     0.445755
      2015.00     0.447145
      2016.00     0.448536
      2017.00     0.448922
      2018.00     0.449309
      2019.00     0.449695
      2020.00     0.450081
      2021.00     0.451273
      2022.00     0.452464
      2023.00     0.453656
      2024.00     0.454847
      2025.00     0.454351
      2026.00     0.453855
      2027.00     0.453359
      2028.00     0.452863
      2029.00     0.452557
      2030.00     0.452252
      2031.00     0.451946
      2032.00     0.451640
      2033.00     0.450480
      2034.00     0.449320
      2035.00     0.448159
      2036.00     0.446999
      2037.00     0.449161
      2038.00     0.451322
      2039.00     0.453483
      2040.00     0.455645
      2041.00     0.455894
      2042.00     0.456143
      2043.00     0.456392
      2044.00     0.456641
      2045.00     0.456409
      2046.00     0.456178
      2047.00     0.455946
      2048.00     0.455714
      2049.00     0.455585
      2050.00     0.455456
      2051.00     0.455327
      2052.00     0.455198
      2053.00     0.455503
      2054.00     0.455809
      2055.00     0.456114
      2056.00     0.456420
      2057.00     0.456734
      2058.00     0.457048
      2059.00     0.457363
      2060.00     0.457677
      2061.00     0.458108
      2062.00     0.458539
      2063.00     0.458970
      2064.00     0.459401
      2065.00     0.459095
      2066.00     0.458788
      2067.00     0.458481
      2068.00     0.458175
      2069.00     0.457931
      2070.00     0.457687
      2071.00     0.457443
      2072.00     0.457199
      2073.00     0.456532
      2074.00     0.455865
      2075.00     0.455198
      2076.00     0.454531
      2077.00     0.454881
      2078.00     0.455232
      2079.00     0.455582
      2080.00     0.455508
      2081.00     0.455090
      2082.00     0.455198
      2083.00     0.455495
      2084.00     0.455754
      2085.00     0.455896
      2086.00     0.455832
      2087.00     0.455695
      2088.00     0.455627
      2089.00     0.455698
      2090.00     0.455899
      2091.00     0.456148
      2092.00     0.456294
      2093.00     0.456276
      2094.00     0.456174
      2095.00     0.456119
      2096.00     0.456130
      2097.00     0.456125
      2098.00     0.456102
      2099.00     0.456045
      2100.00     0.455940
      2101.00     0.455895
      2102.00     0.455989
      2103.00     0.456097
      2104.00     0.456088
      2105.00     0.456014
      2106.00     0.455886
      2107.00     0.455707
      2108.00     0.455636
      2109.00     0.455724
      2110.00     0.455823
      2111.00     0.455847
      2112.00     0.455816
      2113.00     0.455718
      2114.00     0.455614
      2115.00     0.455607
      2116.00     0.455721
      2117.00     0.455858
      2118.00     0.455944
      2119.00     0.456018
      2120.00     0.456118
      2121.00     0.456250
      2122.00     0.456434
      2123.00     0.456584
      2124.00     0.456647
      2125.00     0.456602
      2126.00     0.456502
      2127.00     0.456397
      2128.00     0.456292
      2129.00     0.456240
      2130.00     0.456236
      2131.00     0.456267
      2132.00     0.456287
      2133.00     0.456248
      2134.00     0.456112
      2135.00     0.455907
      2136.00     0.455674
      2137.00     0.455433
      2138.00     0.455194
      2139.00     0.455005
      2140.00     0.454864
      2141.00     0.454747
      2142.00     0.454640
      2143.00     0.454527
      2144.00     0.454298
      2145.00     0.453938
      2146.00     0.453559
      2147.00     0.453192
      2148.00     0.452805
      2149.00     0.452336
      2150.00     0.451845
      2151.00     0.451348
      2152.00     0.450840
      2153.00     0.450364
      2154.00     0.449935
      2155.00     0.449496
      2156.00     0.449039
      2157.00     0.448602
      2158.00     0.448212
      2159.00     0.447821
      2160.00     0.447398
      2161.00     0.446971
      2162.00     0.446557
      2163.00     0.446155
      2164.00     0.445730
      2165.00     0.445293
      2166.00     0.444830
      2167.00     0.444339
      2168.00     0.443864
      2169.00     0.443405
      2170.00     0.442950
      2171.00     0.442515
      2172.00     0.442130
      2173.00     0.441798
      2174.00     0.441516
      2175.00     0.441253
      2176.00     0.440956
      2177.00     0.440593
      2178.00     0.440156
      2179.00     0.439638
      2180.00     0.439045
      2181.00     0.438486
      2182.00     0.437832
      2183.00     0.437206
      2184.00     0.436612
      2185.00     0.435998
      2186.00     0.435298
      2187.00     0.434427
      2188.00     0.433475
      2189.00     0.432527
      2190.00     0.431537
      2191.00     0.430572
      2192.00     0.429626
      2193.00     0.428781
      2194.00     0.427849
      2195.00     0.426964
      2196.00     0.426109
      2197.00     0.425260
      2198.00     0.424332
      2199.00     0.423413
      2200.00     0.422490
      2201.00     0.421500
      2202.00     0.420487
      2203.00     0.419284
      2204.00     0.417869
      2205.00     0.416529
      2206.00     0.415185
      2207.00     0.414312
      2208.00     0.413985
      2209.00     0.414331
      2210.00     0.415189
      2211.00     0.416521
      2212.00     0.418015
      2213.00     0.419619
      2214.00     0.421118
      2215.00     0.422463
      2216.00     0.423612
      2217.00     0.424640
      2218.00     0.425446
      2219.00     0.426179
      2220.00     0.426844
      2221.00     0.427557
      2222.00     0.428222
      2223.00     0.428838
      2224.00     0.429451
      2225.00     0.429908
      2226.00     0.430285
      2227.00     0.430570
      2228.00     0.430857
      2229.00     0.431139
      2230.00     0.431469
      2231.00     0.431765
      2232.00     0.432012
      2233.00     0.432151
      2234.00     0.432174
      2235.00     0.432136
      2236.00     0.432106
      2237.00     0.432130
      2238.00     0.432202
      2239.00     0.432296
      2240.00     0.432399
      2241.00     0.432465
      2242.00     0.432503
      2243.00     0.432560
      2244.00     0.432673
      2245.00     0.432812
      2246.00     0.432956
      2247.00     0.433159
      2248.00     0.433390
      2249.00     0.433584
      2250.00     0.433745
      2251.00     0.433889
      2252.00     0.433972
      2253.00     0.433974
      2254.00     0.433934
      2255.00     0.433953
      2256.00     0.434091
      2257.00     0.434266
      2258.00     0.434512
      2259.00     0.434821
      2260.00     0.435113
      2261.00     0.435315
      2262.00     0.435442
      2263.00     0.435521
      2264.00     0.435587
      2265.00     0.435635
      2266.00     0.435687
      2267.00     0.435743
      2268.00     0.435767
      2269.00     0.435734
      2270.00     0.435663
      2271.00     0.435558
      2272.00     0.435464
      2273.00     0.435411
      2274.00     0.435379
      2275.00     0.435333
      2276.00     0.435241
      2277.00     0.435060
      2278.00     0.434780
      2279.00     0.434455
      2280.00     0.434168
      2281.00     0.433966
      2282.00     0.433886
      2283.00     0.433890
      2284.00     0.433920
      2285.00     0.433902
      2286.00     0.433775
      2287.00     0.433527
      2288.00     0.433189
      2289.00     0.432814
      2290.00     0.432451
      2291.00     0.432117
      2292.00     0.431837
      2293.00     0.431608
      2294.00     0.431363
      2295.00     0.431113
      2296.00     0.430845
      2297.00     0.430547
      2298.00     0.430240
      2299.00     0.429965
      2300.00     0.429707
      2301.00     0.429477
      2302.00     0.429245
      2303.00     0.429018
      2304.00     0.428794
      2305.00     0.428488
      2306.00     0.428088
      2307.00     0.427617
      2308.00     0.427202
      2309.00     0.426822
      2310.00     0.426502
      2311.00     0.426282
      2312.00     0.426119
      2313.00     0.425982
      2314.00     0.425833
      2315.00     0.425653
      2316.00     0.425471
      2317.00     0.425321
      2318.00     0.425171
      2319.00     0.424986
      2320.00     0.424769
      2321.00     0.424516
      2322.00     0.424201
      2323.00     0.423847
      2324.00     0.423489
      2325.00     0.423140
      2326.00     0.422842
      2327.00     0.422567
      2328.00     0.422344
      2329.00     0.422125
      2330.00     0.421890
      2331.00     0.421501
      2332.00     0.421062
      2333.00     0.420532
      2334.00     0.420039
      2335.00     0.419551
      2336.00     0.419134
      2337.00     0.418732
      2338.00     0.418339
      2339.00     0.417901
      2340.00     0.417446
      2341.00     0.416969
      2342.00     0.416488
      2343.00     0.416039
      2344.00     0.415614
      2345.00     0.415225
      2346.00     0.414828
      2347.00     0.414416
      2348.00     0.414051
      2349.00     0.413689
      2350.00     0.413315
      2351.00     0.413054
      2352.00     0.412908
      2353.00     0.412845
      2354.00     0.412831
      2355.00     0.412832
      2356.00     0.412831
      2357.00     0.412798
      2358.00     0.412730
      2359.00     0.412645
      2360.00     0.412558
      2361.00     0.412472
      2362.00     0.412371
      2363.00     0.412236
      2364.00     0.412083
      2365.00     0.411896
      2366.00     0.411679
      2367.00     0.411413
      2368.00     0.411114
      2369.00     0.410790
      2370.00     0.410428
      2371.00     0.410089
      2372.00     0.409810
      2373.00     0.409570
      2374.00     0.409333
      2375.00     0.409055
      2376.00     0.408711
      2377.00     0.408308
      2378.00     0.407837
      2379.00     0.407289
      2380.00     0.406838
      2381.00     0.406457
      2382.00     0.406142
      2383.00     0.405898
      2384.00     0.405732
      2385.00     0.405635
      2386.00     0.405588
      2387.00     0.405566
      2388.00     0.405541
      2389.00     0.405504
      2390.00     0.405390
      2391.00     0.405197
      2392.00     0.404949
      2393.00     0.404682
      2394.00     0.404432
      2395.00     0.404230
      2396.00     0.404078
      2397.00     0.403948
      2398.00     0.403825
      2399.00     0.403679
      2400.00     0.403484
      2401.00     0.403256
      2402.00     0.403006
      2403.00     0.402757
      2404.00     0.402511
      2405.00     0.402247
      2406.00     0.401956
      2407.00     0.401636
      2408.00     0.401261
      2409.00     0.400863
      2410.00     0.400473
      2411.00     0.400105
      2412.00     0.399765
      2413.00     0.399400
      2414.00     0.398991
      2415.00     0.398525
      2416.00     0.398001
      2417.00     0.397444
      2418.00     0.396813
      2419.00     0.396210
      2420.00     0.395639
      2421.00     0.395118
      2422.00     0.394586
      2423.00     0.394034
      2424.00     0.393482
      2425.00     0.392921
      2426.00     0.392286
      2427.00     0.391629
      2428.00     0.391027
      2429.00     0.390378
      2430.00     0.389752
      2431.00     0.389113
      2432.00     0.388453
      2433.00     0.387824
      2434.00     0.387241
      2435.00     0.386625
      2436.00     0.386059
      2437.00     0.385454
      2438.00     0.384871
      2439.00     0.384269
      2440.00     0.383656
      2441.00     0.383069
      2442.00     0.382466
      2443.00     0.381952
      2444.00     0.381455
      2445.00     0.381028
      2446.00     0.380617
      2447.00     0.380230
      2448.00     0.379852
      2449.00     0.379438
      2450.00     0.379014
      2451.00     0.378498
      2452.00     0.378009
      2453.00     0.377535
      2454.00     0.377056
      2455.00     0.376594
      2456.00     0.376171
      2457.00     0.375759
      2458.00     0.375409
      2459.00     0.375058
      2460.00     0.374684
      2461.00     0.374329
      2462.00     0.373993
      2463.00     0.373660
      2464.00     0.373319
      2465.00     0.372888
      2466.00     0.372451
      2467.00     0.372002
      2468.00     0.371530
      2469.00     0.371068
      2470.00     0.370662
      2471.00     0.370299
      2472.00     0.370003
      2473.00     0.369753
      2474.00     0.369494
      2475.00     0.369219
      2476.00     0.368939
      2477.00     0.368648
      2478.00     0.368323
      2479.00     0.367952
      2480.00     0.367540
      2481.00     0.367077
      2482.00     0.366584
      2483.00     0.366095
      2484.00     0.365594
      2485.00     0.365132
      2486.00     0.364729
      2487.00     0.364368
      2488.00     0.364031
      2489.00     0.363700
      2490.00     0.363368
      2491.00     0.363021
      2492.00     0.362684
      2493.00     0.362392
      2494.00     0.362168
      2495.00     0.362020
      2496.00     0.361933
      2497.00     0.361855
      2498.00     0.361737
      2499.00     0.361568
      2500.00     0.361340
