      400.000    0.0189710
      401.000    0.0220010
      402.000    0.0220180
      403.000    0.0241390
      404.000    0.0241390
      405.000    0.0241790
      406.000    0.0254750
      407.000    0.0254750
      408.000    0.0241920
      409.000    0.0258710
      410.000    0.0271610
      411.000    0.0271610
      412.000    0.0288290
      413.000    0.0288320
      414.000    0.0288330
      415.000    0.0288340
      416.000    0.0288310
      417.000    0.0305110
      418.000    0.0292290
      419.000    0.0326070
      420.000    0.0300270
      421.000    0.0326520
      422.000    0.0326330
      423.000    0.0342790
      424.000    0.0358990
      425.000    0.0342270
      426.000    0.0359640
      427.000    0.0359310
      428.000    0.0342180
      429.000    0.0358660
      430.000    0.0374920
      431.000    0.0374790
      432.000    0.0405030
      433.000    0.0404390
      434.000    0.0403910
      435.000    0.0436350
      436.000    0.0437370
      437.000    0.0425270
      438.000    0.0437770
      439.000    0.0452820
      440.000    0.0452370
      441.000    0.0453040
      442.000    0.0438040
      443.000    0.0455500
      444.000    0.0467570
      445.000    0.0467080
      446.000    0.0466840
      447.000    0.0496660
      448.000    0.0466350
      449.000    0.0481770
      450.000    0.0496940
      451.000    0.0484420
      452.000    0.0515300
      453.000    0.0513780
      454.000    0.0516220
      455.000    0.0515300
      456.000    0.0531870
      457.000    0.0531210
      458.000    0.0527650
      459.000    0.0526360
      460.000    0.0552710
      461.000    0.0525440
      462.000    0.0525790
      463.000    0.0527160
      464.000    0.0569410
      465.000    0.0541300
      466.000    0.0539850
      467.000    0.0542390
      468.000    0.0542020
      469.000    0.0528570
      470.000    0.0542750
      471.000    0.0573690
      472.000    0.0573690
      473.000    0.0573690
      474.000    0.0574090
      475.000    0.0575310
      476.000    0.0588190
      477.000    0.0588620
      478.000    0.0613150
      479.000    0.0611400
      480.000    0.0587350
      481.000    0.0589040
      482.000    0.0612270
      483.000    0.0610530
      484.000    0.0609660
      485.000    0.0620530
      486.000    0.0624060
      487.000    0.0640530
      488.000    0.0653670
      489.000    0.0650840
      490.000    0.0633560
      491.000    0.0647570
      492.000    0.0632670
      493.000    0.0650840
      494.000    0.0665380
      495.000    0.0661560
      496.000    0.0662040
      497.000    0.0675940
      498.000    0.0702090
      499.000    0.0681890
      500.000    0.0703620
      501.000    0.0697840
      502.000    0.0715190
      503.000    0.0713120
      504.000    0.0714160
      505.000    0.0725680
      506.000    0.0726210
      507.000    0.0737180
      508.000    0.0738240
      509.000    0.0741980
      510.000    0.0742510
      511.000    0.0751881
      512.000    0.0778710
      513.000    0.0775370
      514.000    0.0788480
      515.000    0.0821240
      516.000    0.0785680
      517.000    0.0796500
      518.000    0.0825930
      519.000    0.0798200
      520.000    0.0847630
      521.000    0.0841110
      522.000    0.0839910
      523.000    0.0869010
      524.000    0.0848880
      525.000    0.0860810
      526.000    0.0858390
      527.000    0.0890230
      528.000    0.0900780
      529.000    0.0900780
      530.000    0.0887030
      531.000    0.0897550
      532.000    0.0866620
      533.000    0.0915890
      534.000    0.0923180
      535.000    0.0921850
      536.000    0.0917870
      537.000    0.0947680
      538.000    0.0954770
      539.000    0.0967980
      540.000    0.0963840
      541.000    0.0961780
      542.000    0.0944510
      543.000    0.0941890
      544.000    0.0998460
      545.000    0.0964780
      546.000    0.0983290
      547.000    0.0972820
      548.000    0.0974850
      549.000     0.101306
      550.000     0.102120
      551.000     0.102928
      552.000     0.102496
      553.000     0.100479
      554.000     0.105902
      555.000     0.102942
      556.000     0.105976
      557.000     0.106123
      558.000     0.108032
      559.000     0.109404
      560.000     0.108943
      561.000     0.110038
      562.000     0.114770
      563.000     0.114448
      564.000     0.112912
      565.000     0.113227
      566.000     0.114548
      567.000     0.115872
      568.000     0.115952
      569.000     0.116114
      570.000     0.117832
      571.000     0.115930
      572.000     0.115283
      573.000     0.115952
      574.000     0.117161
      575.000     0.117660
      576.000     0.116569
      577.000     0.119179
      578.000     0.120037
      579.000     0.121230
      580.000     0.121131
      581.000     0.120531
      582.000     0.119002
      583.000     0.120190
      584.000     0.119764
      585.000     0.123394
      586.000     0.121563
      587.000     0.122761
      588.000     0.121131
      589.000     0.121563
      590.000     0.123966
      591.000     0.124799
      592.000     0.124799
      593.000     0.124710
      594.000     0.124358
      595.000     0.125598
      596.000     0.124799
      597.000     0.125900
      598.000     0.127353
      599.000     0.128446
      600.000     0.127646
      601.000     0.127200
      602.000     0.129102
      603.000     0.128654
      604.000     0.129732
      605.000     0.130852
      606.000     0.130670
      607.000     0.131463
      608.000     0.129641
      609.000     0.131065
      610.000     0.131155
      611.000     0.131245
      612.000     0.132493
      613.000     0.130885
      614.000     0.130975
      615.000     0.132220
      616.000     0.131949
      617.000     0.134434
      618.000     0.136657
      619.000     0.135262
      620.000     0.135817
      621.000     0.134574
      622.000     0.135308
      623.000     0.137222
      624.000     0.139324
      625.000     0.139509
      626.000     0.139603
      627.000     0.141411
      628.000     0.143338
      629.000     0.142085
      630.000     0.141795
      631.000     0.141892
      632.000     0.141795
      633.000     0.142650
      634.000     0.142650
      635.000     0.142553
      636.000     0.144929
      637.000     0.147507
      638.000     0.149147
      639.000     0.148145
      640.000     0.148345
      641.000     0.148445
      642.000     0.149781
      643.000     0.149781
      644.000     0.149379
      645.000     0.149479
      646.000     0.150613
      647.000     0.149908
      648.000     0.151757
      649.000     0.153594
      650.000     0.154108
      651.000     0.155861
      652.000     0.157097
      653.000     0.157730
      654.000     0.158262
      655.000     0.155268
      656.000     0.154755
      657.000     0.158758
      658.000     0.157699
      659.000     0.160483
      660.000     0.157957
      661.000     0.161452
      662.000     0.161344
      663.000     0.162950
      664.000     0.163495
      665.000     0.164843
      666.000     0.167320
      667.000     0.164794
      668.000     0.169009
      669.000     0.168558
      670.000     0.168333
      671.000     0.168109
      672.000     0.164733
      673.000     0.164733
      674.000     0.166511
      675.000     0.167058
      676.000     0.168078
      677.000     0.169874
      678.000     0.169539
      679.000     0.171683
      680.000     0.170231
      681.000     0.170564
      682.000     0.171907
      683.000     0.173139
      684.000     0.174597
      685.000     0.174257
      686.000     0.174597
      687.000     0.174711
      688.000     0.175054
      689.000     0.176636
      690.000     0.175945
      691.000     0.178413
      692.000     0.179646
      693.000     0.179881
      694.000     0.181708
      695.000     0.181471
      696.000     0.180705
      697.000     0.181774
      698.000     0.182856
      699.000     0.185601
      700.000     0.183783
      701.000     0.182024
      702.000     0.183351
      703.000     0.183585
      704.000     0.185390
      705.000     0.185867
      706.000     0.189645
      707.000     0.187326
      708.000     0.186846
      709.000     0.186726
      710.000     0.189159
      711.000     0.189280
      712.000     0.189647
      713.000     0.191949
      714.000     0.190981
      715.000     0.191827
      716.000     0.191217
      717.000     0.193755
      718.000     0.194001
      719.000     0.194620
      720.000     0.199989
      721.000     0.195087
      722.000     0.196420
      723.000     0.194716
      724.000     0.196545
      725.000     0.197003
      726.000     0.196632
      727.000     0.198418
      728.000     0.196713
      729.000     0.196342
      730.000     0.196837
      731.000     0.200494
      732.000     0.201386
      733.000     0.202467
      734.000     0.203290
      735.000     0.201317
      736.000     0.202520
      737.000     0.205067
      738.000     0.205067
      739.000     0.205067
      740.000     0.206531
      741.000     0.205196
      742.000     0.205869
      743.000     0.203787
      744.000     0.203915
      745.000     0.206810
      746.000     0.208970
      747.000     0.208840
      748.000     0.211370
      749.000     0.210452
      750.000     0.208709
      751.000     0.208190
      752.000     0.207659
      753.000     0.208970
      754.000     0.209410
      755.000     0.210321
      756.000     0.211524
      757.000     0.214037
      758.000     0.212199
      759.000     0.212726
      760.000     0.212870
      761.000     0.212214
      762.000     0.214204
      763.000     0.212214
      764.000     0.212739
      765.000     0.212870
      766.000     0.215396
      767.000     0.217656
      768.000     0.216719
      769.000     0.215656
      770.000     0.216852
      771.000     0.216852
      772.000     0.218044
      773.000     0.216888
      774.000     0.217021
      775.000     0.218350
      776.000     0.217642
      777.000     0.219102
      778.000     0.221894
      779.000     0.221213
      780.000     0.221935
      781.000     0.219931
      782.000     0.222267
      783.000     0.223501
      784.000     0.224144
      785.000     0.223593
      786.000     0.224835
      787.000     0.224697
      788.000     0.224783
      789.000     0.224282
      790.000     0.223182
      791.000     0.223456
      792.000     0.223650
      793.000     0.223913
      794.000     0.220934
      795.000     0.226438
      796.000     0.226715
      797.000     0.226974
      798.000     0.225198
      799.000     0.225213
      800.000     0.228724
      801.000     0.229123
      802.000     0.229521
      803.000     0.229919
      804.000     0.230318
      805.000     0.230380
      806.000     0.230441
      807.000     0.230503
      808.000     0.230565
      809.000     0.231615
      810.000     0.232666
      811.000     0.233716
      812.000     0.234766
      813.000     0.234477
      814.000     0.234188
      815.000     0.233898
      816.000     0.233609
      817.000     0.233286
      818.000     0.232962
      819.000     0.232639
      820.000     0.232315
      821.000     0.232249
      822.000     0.232184
      823.000     0.232118
      824.000     0.232052
      825.000     0.232475
      826.000     0.232897
      827.000     0.233320
      828.000     0.233742
      829.000     0.234474
      830.000     0.235207
      831.000     0.235939
      832.000     0.236671
      833.000     0.236436
      834.000     0.236200
      835.000     0.235965
      836.000     0.235729
      837.000     0.235805
      838.000     0.235881
      839.000     0.235957
      840.000     0.236033
      841.000     0.236828
      842.000     0.237623
      843.000     0.238418
      844.000     0.239213
      845.000     0.239364
      846.000     0.239516
      847.000     0.239667
      848.000     0.239818
      849.000     0.240081
      850.000     0.240344
      851.000     0.240608
      852.000     0.240871
      853.000     0.240735
      854.000     0.240598
      855.000     0.240462
      856.000     0.240326
      857.000     0.240102
      858.000     0.239879
      859.000     0.239655
      860.000     0.239431
      861.000     0.240111
      862.000     0.240791
      863.000     0.241470
      864.000     0.242150
      865.000     0.241497
      866.000     0.240844
      867.000     0.240191
      868.000     0.239538
      869.000     0.240127
      870.000     0.240716
      871.000     0.241304
      872.000     0.241893
      873.000     0.242210
      874.000     0.242527
      875.000     0.242843
      876.000     0.243160
      877.000     0.242924
      878.000     0.242687
      879.000     0.242451
      880.000     0.242215
      881.000     0.242541
      882.000     0.242867
      883.000     0.243192
      884.000     0.243518
      885.000     0.243611
      886.000     0.243704
      887.000     0.243798
      888.000     0.243891
      889.000     0.243367
      890.000     0.242843
      891.000     0.242320
      892.000     0.241796
      893.000     0.242105
      894.000     0.242415
      895.000     0.242725
      896.000     0.243034
      897.000     0.242968
      898.000     0.242902
      899.000     0.242836
      900.000     0.242770
      901.000     0.242540
      902.000     0.242310
      903.000     0.242080
      904.000     0.241850
      905.000     0.242362
      906.000     0.242875
      907.000     0.243387
      908.000     0.243900
      909.000     0.244733
      910.000     0.245567
      911.000     0.246401
      912.000     0.247234
      913.000     0.247234
      914.000     0.247234
      915.000     0.247234
      916.000     0.247234
      917.000     0.247322
      918.000     0.247410
      919.000     0.247498
      920.000     0.247586
      921.000     0.247773
      922.000     0.247961
      923.000     0.248148
      924.000     0.248335
      925.000     0.248181
      926.000     0.248027
      927.000     0.247873
      928.000     0.247719
      929.000     0.248651
      930.000     0.249584
      931.000     0.250516
      932.000     0.251448
      933.000     0.251702
      934.000     0.251957
      935.000     0.252211
      936.000     0.252465
      937.000     0.252336
      938.000     0.252207
      939.000     0.252077
      940.000     0.251948
      941.000     0.252135
      942.000     0.252322
      943.000     0.252509
      944.000     0.252696
      945.000     0.253064
      946.000     0.253431
      947.000     0.253799
      948.000     0.254167
      949.000     0.254411
      950.000     0.254655
      951.000     0.254899
      952.000     0.255143
      953.000     0.255444
      954.000     0.255746
      955.000     0.256047
      956.000     0.256349
      957.000     0.256314
      958.000     0.256280
      959.000     0.256245
      960.000     0.256211
      961.000     0.256934
      962.000     0.257656
      963.000     0.258379
      964.000     0.259102
      965.000     0.258885
      966.000     0.258668
      967.000     0.258451
      968.000     0.258234
      969.000     0.258851
      970.000     0.259467
      971.000     0.260084
      972.000     0.260701
      973.000     0.260841
      974.000     0.260980
      975.000     0.261119
      976.000     0.261259
      977.000     0.260651
      978.000     0.260043
      979.000     0.259435
      980.000     0.258827
      981.000     0.258949
      982.000     0.259071
      983.000     0.259192
      984.000     0.259314
      985.000     0.258900
      986.000     0.258485
      987.000     0.258070
      988.000     0.257656
      989.000     0.259170
      990.000     0.260683
      991.000     0.262196
      992.000     0.263710
      993.000     0.263640
      994.000     0.263569
      995.000     0.263499
      996.000     0.263429
      997.000     0.263599
      998.000     0.263768
      999.000     0.263938
      1000.00     0.264108
      1001.00     0.264754
      1002.00     0.265400
      1003.00     0.266045
      1004.00     0.266691
      1005.00     0.266726
      1006.00     0.266762
      1007.00     0.266797
      1008.00     0.266832
      1009.00     0.266230
      1010.00     0.265629
      1011.00     0.265027
      1012.00     0.264426
      1013.00     0.264675
      1014.00     0.264924
      1015.00     0.265173
      1016.00     0.265422
      1017.00     0.265918
      1018.00     0.266414
      1019.00     0.266910
      1020.00     0.267406
      1021.00     0.268225
      1022.00     0.269043
      1023.00     0.269862
      1024.00     0.270680
      1025.00     0.270893
      1026.00     0.271105
      1027.00     0.271318
      1028.00     0.271531
      1029.00     0.271815
      1030.00     0.272099
      1031.00     0.272384
      1032.00     0.272668
      1033.00     0.273423
      1034.00     0.274177
      1035.00     0.274931
      1036.00     0.275686
      1037.00     0.275180
      1038.00     0.274673
      1039.00     0.274166
      1040.00     0.273660
      1041.00     0.273480
      1042.00     0.273299
      1043.00     0.273118
      1044.00     0.272938
      1045.00     0.272193
      1046.00     0.271448
      1047.00     0.270702
      1048.00     0.269957
      1049.00     0.270914
      1050.00     0.271872
      1051.00     0.272830
      1052.00     0.273787
      1053.00     0.274243
      1054.00     0.274698
      1055.00     0.275154
      1056.00     0.275610
      1057.00     0.275929
      1058.00     0.276249
      1059.00     0.276568
      1060.00     0.276887
      1061.00     0.277023
      1062.00     0.277160
      1063.00     0.277297
      1064.00     0.277433
      1065.00     0.277569
      1066.00     0.277705
      1067.00     0.277840
      1068.00     0.277976
      1069.00     0.278196
      1070.00     0.278416
      1071.00     0.278635
      1072.00     0.278855
      1073.00     0.279360
      1074.00     0.279866
      1075.00     0.280371
      1076.00     0.280876
      1077.00     0.280727
      1078.00     0.280578
      1079.00     0.280430
      1080.00     0.280281
      1081.00     0.279961
      1082.00     0.279642
      1083.00     0.279322
      1084.00     0.279002
      1085.00     0.279604
      1086.00     0.280207
      1087.00     0.280809
      1088.00     0.281411
      1089.00     0.281714
      1090.00     0.282017
      1091.00     0.282321
      1092.00     0.282624
      1093.00     0.282831
      1094.00     0.283037
      1095.00     0.283244
      1096.00     0.283451
      1097.00     0.283451
      1098.00     0.283451
      1099.00     0.283451
      1100.00     0.283451
      1101.00     0.284127
      1102.00     0.284802
      1103.00     0.285478
      1104.00     0.286154
      1105.00     0.286376
      1106.00     0.286599
      1107.00     0.286821
      1108.00     0.287043
      1109.00     0.287528
      1110.00     0.288012
      1111.00     0.288496
      1112.00     0.288981
      1113.00     0.289452
      1114.00     0.289924
      1115.00     0.290395
      1116.00     0.290867
      1117.00     0.290649
      1118.00     0.290431
      1119.00     0.290213
      1120.00     0.289995
      1121.00     0.290444
      1122.00     0.290893
      1123.00     0.291341
      1124.00     0.291790
      1125.00     0.292263
      1126.00     0.292737
      1127.00     0.293210
      1128.00     0.293683
      1129.00     0.292774
      1130.00     0.291866
      1131.00     0.290957
      1132.00     0.290049
      1133.00     0.290742
      1134.00     0.291435
      1135.00     0.292128
      1136.00     0.292821
      1137.00     0.293102
      1138.00     0.293383
      1139.00     0.293663
      1140.00     0.293944
      1141.00     0.294423
      1142.00     0.294902
      1143.00     0.295381
      1144.00     0.295860
      1145.00     0.296336
      1146.00     0.296813
      1147.00     0.297289
      1148.00     0.297765
      1149.00     0.297938
      1150.00     0.298111
      1151.00     0.298284
      1152.00     0.298457
      1153.00     0.299008
      1154.00     0.299559
      1155.00     0.300110
      1156.00     0.300661
      1157.00     0.300357
      1158.00     0.300053
      1159.00     0.299750
      1160.00     0.299446
      1161.00     0.299803
      1162.00     0.300160
      1163.00     0.300517
      1164.00     0.300874
      1165.00     0.301268
      1166.00     0.301663
      1167.00     0.302057
      1168.00     0.302451
      1169.00     0.302687
      1170.00     0.302922
      1171.00     0.303158
      1172.00     0.303393
      1173.00     0.303618
      1174.00     0.303843
      1175.00     0.304068
      1176.00     0.304293
      1177.00     0.304993
      1178.00     0.305692
      1179.00     0.306392
      1180.00     0.307092
      1181.00     0.306867
      1182.00     0.306643
      1183.00     0.306418
      1184.00     0.306193
      1185.00     0.306579
      1186.00     0.306965
      1187.00     0.307351
      1188.00     0.307737
      1189.00     0.307511
      1190.00     0.307285
      1191.00     0.307060
      1192.00     0.306834
      1193.00     0.307303
      1194.00     0.307772
      1195.00     0.308240
      1196.00     0.308709
      1197.00     0.308790
      1198.00     0.308872
      1199.00     0.308953
      1200.00     0.309034
      1201.00     0.309548
      1202.00     0.310063
      1203.00     0.310577
      1204.00     0.311092
      1205.00     0.311010
      1206.00     0.310928
      1207.00     0.310847
      1208.00     0.310765
      1209.00     0.310642
      1210.00     0.310520
      1211.00     0.310398
      1212.00     0.310275
      1213.00     0.310140
      1214.00     0.310004
      1215.00     0.309869
      1216.00     0.309734
      1217.00     0.310857
      1218.00     0.311980
      1219.00     0.313102
      1220.00     0.314225
      1221.00     0.314908
      1222.00     0.315591
      1223.00     0.316273
      1224.00     0.316956
      1225.00     0.317150
      1226.00     0.317344
      1227.00     0.317538
      1228.00     0.317732
      1229.00     0.317580
      1230.00     0.317428
      1231.00     0.317277
      1232.00     0.317125
      1233.00     0.316678
      1234.00     0.316231
      1235.00     0.315785
      1236.00     0.315338
      1237.00     0.314976
      1238.00     0.314615
      1239.00     0.314253
      1240.00     0.313891
      1241.00     0.314044
      1242.00     0.314196
      1243.00     0.314349
      1244.00     0.314502
      1245.00     0.314654
      1246.00     0.314806
      1247.00     0.314958
      1248.00     0.315110
      1249.00     0.315652
      1250.00     0.316193
      1251.00     0.316735
      1252.00     0.317277
      1253.00     0.317373
      1254.00     0.317469
      1255.00     0.317566
      1256.00     0.317662
      1257.00     0.318174
      1258.00     0.318686
      1259.00     0.319199
      1260.00     0.319711
      1261.00     0.319903
      1262.00     0.320095
      1263.00     0.320288
      1264.00     0.320480
      1265.00     0.320587
      1266.00     0.320694
      1267.00     0.320801
      1268.00     0.320908
      1269.00     0.321404
      1270.00     0.321900
      1271.00     0.322396
      1272.00     0.322892
      1273.00     0.323505
      1274.00     0.324117
      1275.00     0.324730
      1276.00     0.325342
      1277.00     0.325720
      1278.00     0.326097
      1279.00     0.326475
      1280.00     0.326853
      1281.00     0.327560
      1282.00     0.328268
      1283.00     0.328975
      1284.00     0.329683
      1285.00     0.329439
      1286.00     0.329194
      1287.00     0.328949
      1288.00     0.328705
      1289.00     0.328805
      1290.00     0.328905
      1291.00     0.329004
      1292.00     0.329104
      1293.00     0.329854
      1294.00     0.330603
      1295.00     0.331353
      1296.00     0.332102
      1297.00     0.331692
      1298.00     0.331282
      1299.00     0.330873
      1300.00     0.330463
      1301.00     0.330647
      1302.00     0.330831
      1303.00     0.331014
      1304.00     0.331198
      1305.00     0.330823
      1306.00     0.330447
      1307.00     0.330072
      1308.00     0.329697
      1309.00     0.329838
      1310.00     0.329980
      1311.00     0.330121
      1312.00     0.330262
      1313.00     0.330220
      1314.00     0.330177
      1315.00     0.330135
      1316.00     0.330092
      1317.00     0.330466
      1318.00     0.330840
      1319.00     0.331214
      1320.00     0.331588
      1321.00     0.331674
      1322.00     0.331760
      1323.00     0.331846
      1324.00     0.331932
      1325.00     0.331911
      1326.00     0.331890
      1327.00     0.331870
      1328.00     0.331849
      1329.00     0.332096
      1330.00     0.332343
      1331.00     0.332589
      1332.00     0.332836
      1333.00     0.333738
      1334.00     0.334639
      1335.00     0.335541
      1336.00     0.336443
      1337.00     0.336278
      1338.00     0.336113
      1339.00     0.335948
      1340.00     0.335783
      1341.00     0.336515
      1342.00     0.337246
      1343.00     0.337978
      1344.00     0.338710
      1345.00     0.338437
      1346.00     0.338165
      1347.00     0.337892
      1348.00     0.337619
      1349.00     0.337572
      1350.00     0.337524
      1351.00     0.337477
      1352.00     0.337429
      1353.00     0.337700
      1354.00     0.337970
      1355.00     0.338241
      1356.00     0.338511
      1357.00     0.337926
      1358.00     0.337341
      1359.00     0.336755
      1360.00     0.336170
      1361.00     0.337049
      1362.00     0.337929
      1363.00     0.338808
      1364.00     0.339687
      1365.00     0.339375
      1366.00     0.339064
      1367.00     0.338752
      1368.00     0.338440
      1369.00     0.338085
      1370.00     0.337730
      1371.00     0.337374
      1372.00     0.337019
      1373.00     0.336895
      1374.00     0.336772
      1375.00     0.336648
      1376.00     0.336525
      1377.00     0.336136
      1378.00     0.335747
      1379.00     0.335358
      1380.00     0.334969
      1381.00     0.334436
      1382.00     0.333902
      1383.00     0.333369
      1384.00     0.332836
      1385.00     0.332826
      1386.00     0.332817
      1387.00     0.332808
      1388.00     0.332798
      1389.00     0.331583
      1390.00     0.330369
      1391.00     0.329154
      1392.00     0.327940
      1393.00     0.327208
      1394.00     0.326475
      1395.00     0.325742
      1396.00     0.325010
      1397.00     0.324750
      1398.00     0.324490
      1399.00     0.324230
      1400.00     0.323970
      1401.00     0.324313
      1402.00     0.324655
      1403.00     0.324998
      1404.00     0.325341
      1405.00     0.325178
      1406.00     0.325014
      1407.00     0.324851
      1408.00     0.324688
      1409.00     0.326153
      1410.00     0.327618
      1411.00     0.329083
      1412.00     0.330548
      1413.00     0.331054
      1414.00     0.331560
      1415.00     0.332066
      1416.00     0.332572
      1417.00     0.333760
      1418.00     0.334948
      1419.00     0.336136
      1420.00     0.337324
      1421.00     0.336949
      1422.00     0.336575
      1423.00     0.336201
      1424.00     0.335826
      1425.00     0.335826
      1426.00     0.335826
      1427.00     0.335826
      1428.00     0.335826
      1429.00     0.336044
      1430.00     0.336261
      1431.00     0.336479
      1432.00     0.336696
      1433.00     0.336891
      1434.00     0.337086
      1435.00     0.337282
      1436.00     0.337477
      1437.00     0.337702
      1438.00     0.337927
      1439.00     0.338152
      1440.00     0.338377
      1441.00     0.338138
      1442.00     0.337898
      1443.00     0.337659
      1444.00     0.337420
      1445.00     0.338247
      1446.00     0.339074
      1447.00     0.339902
      1448.00     0.340729
      1449.00     0.340822
      1450.00     0.340916
      1451.00     0.341009
      1452.00     0.341102
      1453.00     0.340795
      1454.00     0.340488
      1455.00     0.340182
      1456.00     0.339875
      1457.00     0.340449
      1458.00     0.341024
      1459.00     0.341598
      1460.00     0.342172
      1461.00     0.341861
      1462.00     0.341549
      1463.00     0.341238
      1464.00     0.340926
      1465.00     0.341282
      1466.00     0.341637
      1467.00     0.341992
      1468.00     0.342348
      1469.00     0.342409
      1470.00     0.342470
      1471.00     0.342531
      1472.00     0.342592
      1473.00     0.342355
      1474.00     0.342119
      1475.00     0.341883
      1476.00     0.341646
      1477.00     0.341866
      1478.00     0.342085
      1479.00     0.342304
      1480.00     0.342524
      1481.00     0.342656
      1482.00     0.342789
      1483.00     0.342921
      1484.00     0.343054
      1485.00     0.343471
      1486.00     0.343887
      1487.00     0.344303
      1488.00     0.344720
      1489.00     0.344703
      1490.00     0.344685
      1491.00     0.344668
      1492.00     0.344651
      1493.00     0.345071
      1494.00     0.345491
      1495.00     0.345912
      1496.00     0.346332
      1497.00     0.347157
      1498.00     0.347982
      1499.00     0.348808
      1500.00     0.349633
      1501.00     0.350611
      1502.00     0.351589
      1503.00     0.352567
      1504.00     0.353545
      1505.00     0.354330
      1506.00     0.355115
      1507.00     0.355899
      1508.00     0.356684
      1509.00     0.356994
      1510.00     0.357305
      1511.00     0.357615
      1512.00     0.357925
      1513.00     0.357154
      1514.00     0.356383
      1515.00     0.355612
      1516.00     0.354841
      1517.00     0.355028
      1518.00     0.355215
      1519.00     0.355402
      1520.00     0.355589
      1521.00     0.355726
      1522.00     0.355862
      1523.00     0.355999
      1524.00     0.356136
      1525.00     0.355863
      1526.00     0.355590
      1527.00     0.355317
      1528.00     0.355044
      1529.00     0.354820
      1530.00     0.354596
      1531.00     0.354372
      1532.00     0.354148
      1533.00     0.354676
      1534.00     0.355204
      1535.00     0.355732
      1536.00     0.356260
      1537.00     0.357033
      1538.00     0.357805
      1539.00     0.358578
      1540.00     0.359351
      1541.00     0.359121
      1542.00     0.358891
      1543.00     0.358660
      1544.00     0.358430
      1545.00     0.357878
      1546.00     0.357327
      1547.00     0.356775
      1548.00     0.356223
      1549.00     0.356841
      1550.00     0.357458
      1551.00     0.358076
      1552.00     0.358694
      1553.00     0.358582
      1554.00     0.358470
      1555.00     0.358358
      1556.00     0.358246
      1557.00     0.358866
      1558.00     0.359486
      1559.00     0.360106
      1560.00     0.360726
      1561.00     0.360060
      1562.00     0.359394
      1563.00     0.358729
      1564.00     0.358063
      1565.00     0.357789
      1566.00     0.357515
      1567.00     0.357240
      1568.00     0.356966
      1569.00     0.357355
      1570.00     0.357743
      1571.00     0.358131
      1572.00     0.358520
      1573.00     0.357859
      1574.00     0.357198
      1575.00     0.356536
      1576.00     0.355875
      1577.00     0.356193
      1578.00     0.356512
      1579.00     0.356830
      1580.00     0.357148
      1581.00     0.357672
      1582.00     0.358196
      1583.00     0.358719
      1584.00     0.359243
      1585.00     0.360624
      1586.00     0.362004
      1587.00     0.363385
      1588.00     0.364765
      1589.00     0.365387
      1590.00     0.366009
      1591.00     0.366631
      1592.00     0.367253
      1593.00     0.366818
      1594.00     0.366383
      1595.00     0.365949
      1596.00     0.365514
      1597.00     0.364970
      1598.00     0.364425
      1599.00     0.363881
      1600.00     0.363337
      1601.00     0.363752
      1602.00     0.364168
      1603.00     0.364583
      1604.00     0.364998
      1605.00     0.365497
      1606.00     0.365995
      1607.00     0.366493
      1608.00     0.366992
      1609.00     0.366852
      1610.00     0.366711
      1611.00     0.366571
      1612.00     0.366430
      1613.00     0.366121
      1614.00     0.365811
      1615.00     0.365501
      1616.00     0.365192
      1617.00     0.365055
      1618.00     0.364918
      1619.00     0.364781
      1620.00     0.364644
      1621.00     0.364968
      1622.00     0.365292
      1623.00     0.365615
      1624.00     0.365939
      1625.00     0.366325
      1626.00     0.366710
      1627.00     0.367096
      1628.00     0.367482
      1629.00     0.367295
      1630.00     0.367108
      1631.00     0.366920
      1632.00     0.366733
      1633.00     0.366500
      1634.00     0.366267
      1635.00     0.366034
      1636.00     0.365801
      1637.00     0.365847
      1638.00     0.365894
      1639.00     0.365941
      1640.00     0.365987
      1641.00     0.366062
      1642.00     0.366138
      1643.00     0.366214
      1644.00     0.366289
      1645.00     0.366522
      1646.00     0.366755
      1647.00     0.366988
      1648.00     0.367221
      1649.00     0.366866
      1650.00     0.366511
      1651.00     0.366156
      1652.00     0.365801
      1653.00     0.365662
      1654.00     0.365523
      1655.00     0.365383
      1656.00     0.365244
      1657.00     0.364614
      1658.00     0.363984
      1659.00     0.363355
      1660.00     0.362725
      1661.00     0.362985
      1662.00     0.363246
      1663.00     0.363507
      1664.00     0.363767
      1665.00     0.364044
      1666.00     0.364321
      1667.00     0.364597
      1668.00     0.364874
      1669.00     0.364996
      1670.00     0.365118
      1671.00     0.365240
      1672.00     0.365362
      1673.00     0.366098
      1674.00     0.366833
      1675.00     0.367568
      1676.00     0.368304
      1677.00     0.368612
      1678.00     0.368920
      1679.00     0.369228
      1680.00     0.369536
      1681.00     0.368949
      1682.00     0.368362
      1683.00     0.367776
      1684.00     0.367189
      1685.00     0.367542
      1686.00     0.367895
      1687.00     0.368247
      1688.00     0.368600
      1689.00     0.368247
      1690.00     0.367895
      1691.00     0.367542
      1692.00     0.367189
      1693.00     0.367356
      1694.00     0.367523
      1695.00     0.367690
      1696.00     0.367857
      1697.00     0.368537
      1698.00     0.369216
      1699.00     0.369895
      1700.00     0.370575
      1701.00     0.371425
      1702.00     0.372275
      1703.00     0.373125
      1704.00     0.373975
      1705.00     0.373156
      1706.00     0.372338
      1707.00     0.371519
      1708.00     0.370701
      1709.00     0.371193
      1710.00     0.371686
      1711.00     0.372178
      1712.00     0.372671
      1713.00     0.372788
      1714.00     0.372904
      1715.00     0.373021
      1716.00     0.373137
      1717.00     0.373230
      1718.00     0.373323
      1719.00     0.373416
      1720.00     0.373509
      1721.00     0.373580
      1722.00     0.373650
      1723.00     0.373720
      1724.00     0.373791
      1725.00     0.375084
      1726.00     0.376377
      1727.00     0.377670
      1728.00     0.378963
      1729.00     0.378242
      1730.00     0.377521
      1731.00     0.376800
      1732.00     0.376079
      1733.00     0.376337
      1734.00     0.376596
      1735.00     0.376854
      1736.00     0.377113
      1737.00     0.376687
      1738.00     0.376261
      1739.00     0.375835
      1740.00     0.375409
      1741.00     0.374960
      1742.00     0.374510
      1743.00     0.374061
      1744.00     0.373612
      1745.00     0.373845
      1746.00     0.374078
      1747.00     0.374311
      1748.00     0.374544
      1749.00     0.374356
      1750.00     0.374169
      1751.00     0.373981
      1752.00     0.373793
      1753.00     0.373865
      1754.00     0.373938
      1755.00     0.374011
      1756.00     0.374083
      1757.00     0.374035
      1758.00     0.373987
      1759.00     0.373940
      1760.00     0.373892
      1761.00     0.373867
      1762.00     0.373842
      1763.00     0.373818
      1764.00     0.373793
      1765.00     0.374219
      1766.00     0.374645
      1767.00     0.375070
      1768.00     0.375496
      1769.00     0.374339
      1770.00     0.373182
      1771.00     0.372024
      1772.00     0.370867
      1773.00     0.371648
      1774.00     0.372428
      1775.00     0.373208
      1776.00     0.373989
      1777.00     0.374599
      1778.00     0.375210
      1779.00     0.375821
      1780.00     0.376431
      1781.00     0.376288
      1782.00     0.376145
      1783.00     0.376003
      1784.00     0.375860
      1785.00     0.374735
      1786.00     0.373611
      1787.00     0.372487
      1788.00     0.371362
      1789.00     0.371409
      1790.00     0.371455
      1791.00     0.371502
      1792.00     0.371549
      1793.00     0.372367
      1794.00     0.373186
      1795.00     0.374004
      1796.00     0.374822
      1797.00     0.375293
      1798.00     0.375764
      1799.00     0.376235
      1800.00     0.376706
      1801.00     0.375675
      1802.00     0.374645
      1803.00     0.373614
      1804.00     0.372583
      1805.00     0.372795
      1806.00     0.373006
      1807.00     0.373217
      1808.00     0.373429
      1809.00     0.373031
      1810.00     0.372633
      1811.00     0.372234
      1812.00     0.371836
      1813.00     0.371908
      1814.00     0.371979
      1815.00     0.372050
      1816.00     0.372122
      1817.00     0.372613
      1818.00     0.373104
      1819.00     0.373596
      1820.00     0.374087
      1821.00     0.374369
      1822.00     0.374651
      1823.00     0.374934
      1824.00     0.375216
      1825.00     0.375759
      1826.00     0.376302
      1827.00     0.376845
      1828.00     0.377388
      1829.00     0.376897
      1830.00     0.376406
      1831.00     0.375916
      1832.00     0.375425
      1833.00     0.375644
      1834.00     0.375864
      1835.00     0.376083
      1836.00     0.376303
      1837.00     0.376083
      1838.00     0.375864
      1839.00     0.375644
      1840.00     0.375425
      1841.00     0.375374
      1842.00     0.375324
      1843.00     0.375273
      1844.00     0.375223
      1845.00     0.375669
      1846.00     0.376114
      1847.00     0.376559
      1848.00     0.377005
      1849.00     0.376503
      1850.00     0.376002
      1851.00     0.375500
      1852.00     0.374998
      1853.00     0.374925
      1854.00     0.374853
      1855.00     0.374781
      1856.00     0.374708
      1857.00     0.374758
      1858.00     0.374809
      1859.00     0.374860
      1860.00     0.374910
      1861.00     0.374728
      1862.00     0.374546
      1863.00     0.374365
      1864.00     0.374183
      1865.00     0.373130
      1866.00     0.372077
      1867.00     0.371024
      1868.00     0.369971
      1869.00     0.368852
      1870.00     0.367734
      1871.00     0.366616
      1872.00     0.365497
      1873.00     0.364957
      1874.00     0.364418
      1875.00     0.363878
      1876.00     0.363338
      1877.00     0.363232
      1878.00     0.363126
      1879.00     0.363020
      1880.00     0.362914
      1881.00     0.361992
      1882.00     0.361070
      1883.00     0.360147
      1884.00     0.359225
      1885.00     0.357854
      1886.00     0.356484
      1887.00     0.355114
      1888.00     0.353743
      1889.00     0.352563
      1890.00     0.351382
      1891.00     0.350202
      1892.00     0.349022
      1893.00     0.346612
      1894.00     0.344203
      1895.00     0.341793
      1896.00     0.339383
      1897.00     0.337759
      1898.00     0.336136
      1899.00     0.334512
      1900.00     0.332888
      1901.00     0.331842
      1902.00     0.330796
      1903.00     0.329749
      1904.00     0.328703
      1905.00     0.327634
      1906.00     0.326565
      1907.00     0.325496
      1908.00     0.324427
      1909.00     0.323858
      1910.00     0.323289
      1911.00     0.322720
      1912.00     0.322151
      1913.00     0.321943
      1914.00     0.321736
      1915.00     0.321528
      1916.00     0.321320
      1917.00     0.321403
      1918.00     0.321486
      1919.00     0.321569
      1920.00     0.321652
      1921.00     0.321832
      1922.00     0.322012
      1923.00     0.322192
      1924.00     0.322372
      1925.00     0.322648
      1926.00     0.322924
      1927.00     0.323199
      1928.00     0.323475
      1929.00     0.324230
      1930.00     0.324985
      1931.00     0.325740
      1932.00     0.326495
      1933.00     0.327035
      1934.00     0.327575
      1935.00     0.328115
      1936.00     0.328655
      1937.00     0.328797
      1938.00     0.328939
      1939.00     0.329082
      1940.00     0.329224
      1941.00     0.329832
      1942.00     0.330439
      1943.00     0.331047
      1944.00     0.331654
      1945.00     0.331570
      1946.00     0.331487
      1947.00     0.331403
      1948.00     0.331319
      1949.00     0.331708
      1950.00     0.332098
      1951.00     0.332487
      1952.00     0.332876
      1953.00     0.333007
      1954.00     0.333139
      1955.00     0.333270
      1956.00     0.333401
      1957.00     0.334172
      1958.00     0.334943
      1959.00     0.335714
      1960.00     0.336485
      1961.00     0.337042
      1962.00     0.337599
      1963.00     0.338155
      1964.00     0.338712
      1965.00     0.339483
      1966.00     0.340254
      1967.00     0.341026
      1968.00     0.341797
      1969.00     0.341911
      1970.00     0.342025
      1971.00     0.342139
      1972.00     0.342253
      1973.00     0.342562
      1974.00     0.342871
      1975.00     0.343180
      1976.00     0.343489
      1977.00     0.344039
      1978.00     0.344589
      1979.00     0.345139
      1980.00     0.345689
      1981.00     0.346963
      1982.00     0.348237
      1983.00     0.349510
      1984.00     0.350784
      1985.00     0.350943
      1986.00     0.351102
      1987.00     0.351261
      1988.00     0.351420
      1989.00     0.351376
      1990.00     0.351332
      1991.00     0.351289
      1992.00     0.351245
      1993.00     0.351455
      1994.00     0.351665
      1995.00     0.351875
      1996.00     0.352085
      1997.00     0.352165
      1998.00     0.352244
      1999.00     0.352324
      2000.00     0.352404
      2001.00     0.353262
      2002.00     0.354119
      2003.00     0.354977
      2004.00     0.355834
      2005.00     0.355823
      2006.00     0.355811
      2007.00     0.355799
      2008.00     0.355788
      2009.00     0.355480
      2010.00     0.355173
      2011.00     0.354865
      2012.00     0.354557
      2013.00     0.354557
      2014.00     0.354557
      2015.00     0.354557
      2016.00     0.354557
      2017.00     0.354459
      2018.00     0.354362
      2019.00     0.354264
      2020.00     0.354167
      2021.00     0.354834
      2022.00     0.355500
      2023.00     0.356167
      2024.00     0.356833
      2025.00     0.356658
      2026.00     0.356483
      2027.00     0.356307
      2028.00     0.356132
      2029.00     0.355327
      2030.00     0.354523
      2031.00     0.353718
      2032.00     0.352913
      2033.00     0.353793
      2034.00     0.354673
      2035.00     0.355553
      2036.00     0.356433
      2037.00     0.357346
      2038.00     0.358259
      2039.00     0.359173
      2040.00     0.360086
      2041.00     0.360425
      2042.00     0.360763
      2043.00     0.361102
      2044.00     0.361440
      2045.00     0.361014
      2046.00     0.360588
      2047.00     0.360162
      2048.00     0.359736
      2049.00     0.359106
      2050.00     0.358476
      2051.00     0.357846
      2052.00     0.357216
      2053.00     0.356339
      2054.00     0.355462
      2055.00     0.354584
      2056.00     0.353707
      2057.00     0.353287
      2058.00     0.352867
      2059.00     0.352447
      2060.00     0.352027
      2061.00     0.352825
      2062.00     0.353624
      2063.00     0.354422
      2064.00     0.355220
      2065.00     0.355719
      2066.00     0.356218
      2067.00     0.356717
      2068.00     0.357216
      2069.00     0.355914
      2070.00     0.354612
      2071.00     0.353309
      2072.00     0.352007
      2073.00     0.352167
      2074.00     0.352328
      2075.00     0.352489
      2076.00     0.352649
      2077.00     0.352402
      2078.00     0.352156
      2079.00     0.351909
      2080.00     0.351415
      2081.00     0.352028
      2082.00     0.352145
      2083.00     0.352289
      2084.00     0.352360
      2085.00     0.352318
      2086.00     0.352322
      2087.00     0.352328
      2088.00     0.352356
      2089.00     0.352330
      2090.00     0.352248
      2091.00     0.352136
      2092.00     0.352035
      2093.00     0.351964
      2094.00     0.351929
      2095.00     0.351868
      2096.00     0.351727
      2097.00     0.351479
      2098.00     0.351198
      2099.00     0.350938
      2100.00     0.350842
      2101.00     0.350960
      2102.00     0.351243
      2103.00     0.351611
      2104.00     0.351889
      2105.00     0.351954
      2106.00     0.351791
      2107.00     0.351437
      2108.00     0.350999
      2109.00     0.350595
      2110.00     0.350263
      2111.00     0.350032
      2112.00     0.349925
      2113.00     0.349908
      2114.00     0.349968
      2115.00     0.350118
      2116.00     0.350302
      2117.00     0.350452
      2118.00     0.350514
      2119.00     0.350472
      2120.00     0.350356
      2121.00     0.350252
      2122.00     0.350214
      2123.00     0.350251
      2124.00     0.350306
      2125.00     0.350350
      2126.00     0.350335
      2127.00     0.350268
      2128.00     0.350142
      2129.00     0.349994
      2130.00     0.349839
      2131.00     0.349716
      2132.00     0.349685
      2133.00     0.349782
      2134.00     0.349987
      2135.00     0.350236
      2136.00     0.350463
      2137.00     0.350490
      2138.00     0.350322
      2139.00     0.350014
      2140.00     0.349663
      2141.00     0.349448
      2142.00     0.349459
      2143.00     0.349667
      2144.00     0.349938
      2145.00     0.350100
      2146.00     0.350027
      2147.00     0.349718
      2148.00     0.349368
      2149.00     0.349072
      2150.00     0.348890
      2151.00     0.348805
      2152.00     0.348742
      2153.00     0.348571
      2154.00     0.348290
      2155.00     0.347979
      2156.00     0.347706
      2157.00     0.347507
      2158.00     0.347418
      2159.00     0.347433
      2160.00     0.347493
      2161.00     0.347541
      2162.00     0.347535
      2163.00     0.347459
      2164.00     0.347283
      2165.00     0.347014
      2166.00     0.346684
      2167.00     0.346323
      2168.00     0.345948
      2169.00     0.345582
      2170.00     0.345255
      2171.00     0.344978
      2172.00     0.344720
      2173.00     0.344458
      2174.00     0.344186
      2175.00     0.343857
      2176.00     0.343401
      2177.00     0.342821
      2178.00     0.342127
      2179.00     0.341320
      2180.00     0.340434
      2181.00     0.339621
      2182.00     0.338755
      2183.00     0.337950
      2184.00     0.337202
      2185.00     0.336514
      2186.00     0.335841
      2187.00     0.335079
      2188.00     0.334233
      2189.00     0.333362
      2190.00     0.332387
      2191.00     0.331337
      2192.00     0.330307
      2193.00     0.329467
      2194.00     0.328678
      2195.00     0.328052
      2196.00     0.327599
      2197.00     0.327304
      2198.00     0.327116
      2199.00     0.327026
      2200.00     0.326984
      2201.00     0.326953
      2202.00     0.326915
      2203.00     0.326892
      2204.00     0.326934
      2205.00     0.327065
      2206.00     0.327309
      2207.00     0.327602
      2208.00     0.327984
      2209.00     0.328401
      2210.00     0.328866
      2211.00     0.329487
      2212.00     0.330227
      2213.00     0.331123
      2214.00     0.332092
      2215.00     0.333105
      2216.00     0.334096
      2217.00     0.335073
      2218.00     0.335898
      2219.00     0.336665
      2220.00     0.337291
      2221.00     0.337852
      2222.00     0.338276
      2223.00     0.338616
      2224.00     0.338927
      2225.00     0.339189
      2226.00     0.339492
      2227.00     0.339801
      2228.00     0.340148
      2229.00     0.340446
      2230.00     0.340682
      2231.00     0.340818
      2232.00     0.340888
      2233.00     0.340937
      2234.00     0.341003
      2235.00     0.341097
      2236.00     0.341169
      2237.00     0.341152
      2238.00     0.340982
      2239.00     0.340658
      2240.00     0.340181
      2241.00     0.339656
      2242.00     0.339164
      2243.00     0.338733
      2244.00     0.338339
      2245.00     0.338017
      2246.00     0.337745
      2247.00     0.337481
      2248.00     0.337249
      2249.00     0.336997
      2250.00     0.336688
      2251.00     0.336252
      2252.00     0.335754
      2253.00     0.335214
      2254.00     0.334718
      2255.00     0.334347
      2256.00     0.334146
      2257.00     0.334116
      2258.00     0.334180
      2259.00     0.334258
      2260.00     0.334276
      2261.00     0.334180
      2262.00     0.333933
      2263.00     0.333609
      2264.00     0.333234
      2265.00     0.332847
      2266.00     0.332486
      2267.00     0.332190
      2268.00     0.331963
      2269.00     0.331810
      2270.00     0.331718
      2271.00     0.331673
      2272.00     0.331656
      2273.00     0.331638
      2274.00     0.331597
      2275.00     0.331526
      2276.00     0.331433
      2277.00     0.331321
      2278.00     0.331187
      2279.00     0.331035
      2280.00     0.330873
      2281.00     0.330676
      2282.00     0.330472
      2283.00     0.330272
      2284.00     0.330070
      2285.00     0.329853
      2286.00     0.329587
      2287.00     0.329256
      2288.00     0.328863
      2289.00     0.328447
      2290.00     0.328063
      2291.00     0.327746
      2292.00     0.327511
      2293.00     0.327351
      2294.00     0.327211
      2295.00     0.327057
      2296.00     0.326853
      2297.00     0.326590
      2298.00     0.326260
      2299.00     0.325898
      2300.00     0.325441
      2301.00     0.324955
      2302.00     0.324469
      2303.00     0.324020
      2304.00     0.323672
      2305.00     0.323367
      2306.00     0.323133
      2307.00     0.322953
      2308.00     0.322817
      2309.00     0.322679
      2310.00     0.322551
      2311.00     0.322448
      2312.00     0.322359
      2313.00     0.322297
      2314.00     0.322276
      2315.00     0.322287
      2316.00     0.322311
      2317.00     0.322325
      2318.00     0.322313
      2319.00     0.322239
      2320.00     0.322072
      2321.00     0.321805
      2322.00     0.321435
      2323.00     0.321033
      2324.00     0.320630
      2325.00     0.320234
      2326.00     0.319900
      2327.00     0.319592
      2328.00     0.319304
      2329.00     0.318945
      2330.00     0.318559
      2331.00     0.318068
      2332.00     0.317582
      2333.00     0.317050
      2334.00     0.316579
      2335.00     0.316113
      2336.00     0.315698
      2337.00     0.315255
      2338.00     0.314804
      2339.00     0.314315
      2340.00     0.313826
      2341.00     0.313347
      2342.00     0.312895
      2343.00     0.312483
      2344.00     0.312105
      2345.00     0.311785
      2346.00     0.311501
      2347.00     0.311267
      2348.00     0.311125
      2349.00     0.311071
      2350.00     0.311117
      2351.00     0.311224
      2352.00     0.311372
      2353.00     0.311565
      2354.00     0.311781
      2355.00     0.312026
      2356.00     0.312318
      2357.00     0.312628
      2358.00     0.312922
      2359.00     0.313178
      2360.00     0.313369
      2361.00     0.313475
      2362.00     0.313501
      2363.00     0.313489
      2364.00     0.313476
      2365.00     0.313510
      2366.00     0.313595
      2367.00     0.313718
      2368.00     0.313847
      2369.00     0.313959
      2370.00     0.314041
      2371.00     0.314081
      2372.00     0.314097
      2373.00     0.314096
      2374.00     0.314075
      2375.00     0.314029
      2376.00     0.313943
      2377.00     0.313800
      2378.00     0.313614
      2379.00     0.313389
      2380.00     0.313200
      2381.00     0.313064
      2382.00     0.312974
      2383.00     0.312927
      2384.00     0.312908
      2385.00     0.312901
      2386.00     0.312895
      2387.00     0.312896
      2388.00     0.312901
      2389.00     0.312907
      2390.00     0.312904
      2391.00     0.312870
      2392.00     0.312798
      2393.00     0.312679
      2394.00     0.312523
      2395.00     0.312346
      2396.00     0.312158
      2397.00     0.311962
      2398.00     0.311761
      2399.00     0.311528
      2400.00     0.311279
      2401.00     0.311022
      2402.00     0.310781
      2403.00     0.310582
      2404.00     0.310438
      2405.00     0.310339
      2406.00     0.310264
      2407.00     0.310188
      2408.00     0.310074
      2409.00     0.309892
      2410.00     0.309610
      2411.00     0.309247
      2412.00     0.308848
      2413.00     0.308390
      2414.00     0.307894
      2415.00     0.307408
      2416.00     0.306974
      2417.00     0.306622
      2418.00     0.306318
      2419.00     0.306075
      2420.00     0.305858
      2421.00     0.305640
      2422.00     0.305376
      2423.00     0.305047
      2424.00     0.304677
      2425.00     0.304287
      2426.00     0.303857
      2427.00     0.303449
      2428.00     0.303103
      2429.00     0.302761
      2430.00     0.302458
      2431.00     0.302167
      2432.00     0.301868
      2433.00     0.301567
      2434.00     0.301271
      2435.00     0.300934
      2436.00     0.300635
      2437.00     0.300336
      2438.00     0.300079
      2439.00     0.299855
      2440.00     0.299661
      2441.00     0.299493
      2442.00     0.299317
      2443.00     0.299143
      2444.00     0.298921
      2445.00     0.298692
      2446.00     0.298443
      2447.00     0.298194
      2448.00     0.297955
      2449.00     0.297715
      2450.00     0.297507
      2451.00     0.297312
      2452.00     0.297149
      2453.00     0.296999
      2454.00     0.296846
      2455.00     0.296686
      2456.00     0.296523
      2457.00     0.296345
      2458.00     0.296178
      2459.00     0.296037
      2460.00     0.295919
      2461.00     0.295833
      2462.00     0.295766
      2463.00     0.295702
      2464.00     0.295614
      2465.00     0.295455
      2466.00     0.295249
      2467.00     0.295004
      2468.00     0.294733
      2469.00     0.294472
      2470.00     0.294258
      2471.00     0.294093
      2472.00     0.293994
      2473.00     0.293928
      2474.00     0.293868
      2475.00     0.293785
      2476.00     0.293662
      2477.00     0.293484
      2478.00     0.293241
      2479.00     0.292953
      2480.00     0.292660
      2481.00     0.292381
      2482.00     0.292154
      2483.00     0.292004
      2484.00     0.291918
      2485.00     0.291890
      2486.00     0.291873
      2487.00     0.291839
      2488.00     0.291769
      2489.00     0.291656
      2490.00     0.291506
      2491.00     0.291323
      2492.00     0.291135
      2493.00     0.290967
      2494.00     0.290835
      2495.00     0.290743
      2496.00     0.290688
      2497.00     0.290651
      2498.00     0.290619
      2499.00     0.290587
      2500.00     0.290550
