      400.000     0.000000
      401.000     0.000000
      402.000     0.000000
      403.000     0.000000
      404.000     0.000000
      405.000     0.000000
      406.000     0.000000
      407.000     0.000000
      408.000     0.000000
      409.000     0.000000
      410.000     0.000000
      411.000     0.000000
      412.000     0.000000
      413.000     0.000000
      414.000     0.000000
      415.000     0.000000
      416.000     0.000000
      417.000     0.000000
      418.000     0.000000
      419.000     0.000000
      420.000     0.000000
      421.000     0.000000
      422.000     0.000000
      423.000     0.000000
      424.000     0.000000
      425.000     0.000000
      426.000     0.000000
      427.000     0.000000
      428.000     0.000000
      429.000  0.000987000
      430.000  0.000987000
      431.000     0.000000
      432.000     0.000000
      433.000 9.10000e-005
      434.000     0.000000
      435.000 5.60000e-005
      436.000   0.00349600
      437.000   0.00347300
      438.000   0.00349600
      439.000   0.00432300
      440.000   0.00437400
      441.000   0.00515700
      442.000   0.00768600
      443.000   0.00759200
      444.000   0.00759200
      445.000   0.00774800
      446.000   0.00674700
      447.000   0.00751100
      448.000   0.00928000
      449.000    0.0102630
      450.000    0.0109370
      451.000    0.0100740
      452.000    0.0107360
      453.000    0.0116470
      454.000    0.0119200
      455.000    0.0159490
      456.000    0.0160280
      457.000    0.0161620
      458.000    0.0149280
      459.000    0.0147510
      460.000    0.0179500
      461.000    0.0153900
      462.000    0.0169850
      463.000    0.0169560
      464.000    0.0160490
      465.000    0.0177150
      466.000    0.0163540
      467.000    0.0177150
      468.000    0.0185000
      469.000    0.0211330
      470.000    0.0212330
      471.000    0.0212660
      472.000    0.0185000
      473.000    0.0210670
      474.000    0.0202580
      475.000    0.0245560
      476.000    0.0245560
      477.000    0.0185310
      478.000    0.0243310
      479.000    0.0242940
      480.000    0.0251720
      481.000    0.0243690
      482.000    0.0251340
      483.000    0.0251720
      484.000    0.0271890
      485.000    0.0271890
      486.000    0.0271090
      487.000    0.0280680
      488.000    0.0271090
      489.000    0.0292790
      490.000    0.0299010
      491.000    0.0266690
      492.000    0.0274520
      493.000    0.0287350
      494.000    0.0304870
      495.000    0.0305300
      496.000    0.0303590
      497.000    0.0311020
      498.000    0.0311900
      499.000    0.0310590
      500.000    0.0311460
      501.000    0.0346000
      502.000    0.0348330
      503.000    0.0344140
      504.000    0.0365280
      505.000    0.0350520
      506.000    0.0364310
      507.000    0.0377650
      508.000    0.0355121
      509.000    0.0353720
      510.000    0.0367000
      511.000    0.0393000
      512.000    0.0383700
      513.000    0.0384680
      514.000    0.0378140
      515.000    0.0392000
      516.000    0.0402340
      517.000    0.0389510
      518.000    0.0401840
      519.000    0.0426460
      520.000    0.0430110
      521.000    0.0431150
      522.000    0.0440850
      523.000    0.0456230
      524.000    0.0428540
      525.000    0.0425420
      526.000    0.0440180
      527.000    0.0456780
      528.000    0.0469610
      529.000    0.0452080
      530.000    0.0464350
      531.000    0.0463810
      532.000    0.0505190
      533.000    0.0505190
      534.000    0.0506930
      535.000    0.0521520
      536.000    0.0521520
      537.000    0.0551450
      538.000    0.0551450
      539.000    0.0537380
      540.000    0.0532510
      541.000    0.0545280
      542.000    0.0542350
      543.000    0.0546580
      544.000    0.0559910
      545.000    0.0570810
      546.000    0.0559910
      547.000    0.0556800
      548.000    0.0550870
      549.000    0.0589910
      550.000    0.0600010
      551.000    0.0594760
      552.000    0.0591620
      553.000    0.0601680
      554.000    0.0582250
      555.000    0.0596020
      556.000    0.0619720
      557.000    0.0605400
      558.000    0.0622950
      559.000    0.0596590
      560.000    0.0609660
      561.000    0.0623160
      562.000    0.0629540
      563.000    0.0641120
      564.000    0.0633410
      565.000    0.0654070
      566.000    0.0633900
      567.000    0.0639500
      568.000    0.0641370
      569.000    0.0651690
      570.000    0.0672640
      571.000    0.0670540
      572.000    0.0672640
      573.000    0.0693180
      574.000    0.0676360
      575.000    0.0707860
      576.000    0.0707860
      577.000    0.0700590
      578.000    0.0686520
      579.000    0.0692400
      580.000    0.0705000
      581.000    0.0712340
      582.000    0.0702050
      583.000    0.0724100
      584.000    0.0714570
      585.000    0.0725610
      586.000    0.0707860
      587.000    0.0722590
      588.000    0.0710870
      589.000    0.0733860
      590.000    0.0735370
      591.000    0.0739650
      592.000    0.0752160
      593.000    0.0740310
      594.000    0.0743350
      595.000    0.0755860
      596.000    0.0775340
      597.000    0.0775340
      598.000    0.0758950
      599.000    0.0758430
      600.000    0.0790860
      601.000    0.0782980
      602.000    0.0777530
      603.000    0.0788150
      604.000    0.0788060
      605.000    0.0793250
      606.000    0.0784200
      607.000    0.0782660
      608.000    0.0807570
      609.000    0.0822440
      610.000    0.0806000
      611.000    0.0806780
      612.000    0.0816600
      613.000    0.0821200
      614.000    0.0844730
      615.000    0.0836450
      616.000    0.0837250
      617.000    0.0838060
      618.000    0.0838060
      619.000    0.0850450
      620.000    0.0851270
      621.000    0.0841280
      622.000    0.0846890
      623.000    0.0846080
      624.000    0.0849320
      625.000    0.0867980
      626.000    0.0864680
      627.000    0.0859730
      628.000    0.0863830
      629.000    0.0867120
      630.000    0.0904720
      631.000    0.0933250
      632.000    0.0918800
      633.000    0.0917940
      634.000    0.0906730
      635.000    0.0906730
      636.000    0.0900790
      637.000    0.0907720
      638.000    0.0927010
      639.000    0.0914580
      640.000    0.0916280
      641.000    0.0917980
      642.000    0.0947900
      643.000    0.0965140
      644.000    0.0966030
      645.000    0.0945130
      646.000    0.0969130
      647.000    0.0958970
      648.000    0.0973560
      649.000    0.0955370
      650.000    0.0970900
      651.000    0.0964260
      652.000    0.0979800
      653.000    0.0990880
      654.000    0.0988180
      655.000    0.0996310
      656.000     0.101015
      657.000     0.100375
      658.000     0.102949
      659.000     0.101293
      660.000     0.101672
      661.000    0.0995090
      662.000     0.101481
      663.000    0.0996840
      664.000    0.0996840
      665.000     0.104866
      666.000     0.105247
      667.000     0.103867
      668.000     0.104783
      669.000     0.107538
      670.000     0.107444
      671.000     0.107350
      672.000     0.104786
      673.000     0.104786
      674.000     0.104786
      675.000     0.108160
      676.000     0.108444
      677.000     0.109440
      678.000     0.108988
      679.000     0.109270
      680.000     0.108176
      681.000     0.109459
      682.000     0.109983
      683.000     0.109606
      684.000     0.109419
      685.000     0.113330
      686.000     0.112440
      687.000     0.113909
      688.000     0.113812
      689.000     0.112711
      690.000     0.116365
      691.000     0.114991
      692.000     0.113812
      693.000     0.114602
      694.000     0.114602
      695.000     0.116267
      696.000     0.118401
      697.000     0.120228
      698.000     0.121454
      699.000     0.120978
      700.000     0.121078
      701.000     0.120978
      702.000     0.120879
      703.000     0.123281
      704.000     0.122979
      705.000     0.122979
      706.000     0.124126
      707.000     0.124126
      708.000     0.124864
      709.000     0.125476
      710.000     0.127035
      711.000     0.126416
      712.000     0.128493
      713.000     0.127926
      714.000     0.127720
      715.000     0.128805
      716.000     0.130366
      717.000     0.130730
      718.000     0.131977
      719.000     0.131977
      720.000     0.130769
      721.000     0.132117
      722.000     0.131555
      723.000     0.133680
      724.000     0.133253
      725.000     0.135090
      726.000     0.135198
      727.000     0.135896
      728.000     0.137456
      729.000     0.137239
      730.000     0.137783
      731.000     0.137163
      732.000     0.139022
      733.000     0.139162
      734.000     0.139381
      735.000     0.138835
      736.000     0.139493
      737.000     0.141314
      738.000     0.139162
      739.000     0.142117
      740.000     0.143098
      741.000     0.143346
      742.000     0.144471
      743.000     0.144135
      744.000     0.143912
      745.000     0.144896
      746.000     0.143123
      747.000     0.145121
      748.000     0.147820
      749.000     0.147869
      750.000     0.149529
      751.000     0.149644
      752.000     0.149414
      753.000     0.148764
      754.000     0.151006
      755.000     0.150315
      756.000     0.150430
      757.000     0.149084
      758.000     0.149084
      759.000     0.149786
      760.000     0.152902
      761.000     0.152902
      762.000     0.153133
      763.000     0.152713
      764.000     0.153773
      765.000     0.153017
      766.000     0.155475
      767.000     0.159049
      768.000     0.159197
      769.000     0.158210
      770.000     0.158566
      771.000     0.158685
      772.000     0.160151
      773.000     0.158924
      774.000     0.160151
      775.000     0.161499
      776.000     0.161984
      777.000     0.162228
      778.000     0.160512
      779.000     0.161379
      780.000     0.164308
      781.000     0.164430
      782.000     0.164308
      783.000     0.161612
      784.000     0.166165
      785.000     0.166146
      786.000     0.165764
      787.000     0.165535
      788.000     0.166887
      789.000     0.166009
      790.000     0.169817
      791.000     0.169069
      792.000     0.169692
      793.000     0.169193
      794.000     0.170043
      795.000     0.170552
      796.000     0.168697
      797.000     0.170805
      798.000     0.171297
      799.000     0.171288
      800.000     0.177437
      801.000     0.177965
      802.000     0.178493
      803.000     0.179021
      804.000     0.179549
      805.000     0.179478
      806.000     0.179407
      807.000     0.179336
      808.000     0.179265
      809.000     0.179541
      810.000     0.179817
      811.000     0.180094
      812.000     0.180370
      813.000     0.180496
      814.000     0.180623
      815.000     0.180749
      816.000     0.180875
      817.000     0.181713
      818.000     0.182552
      819.000     0.183390
      820.000     0.184228
      821.000     0.184569
      822.000     0.184909
      823.000     0.185250
      824.000     0.185591
      825.000     0.185998
      826.000     0.186404
      827.000     0.186811
      828.000     0.187217
      829.000     0.187579
      830.000     0.187940
      831.000     0.188302
      832.000     0.188663
      833.000     0.188663
      834.000     0.188663
      835.000     0.188663
      836.000     0.188663
      837.000     0.189646
      838.000     0.190628
      839.000     0.191611
      840.000     0.192594
      841.000     0.192902
      842.000     0.193210
      843.000     0.193518
      844.000     0.193826
      845.000     0.193810
      846.000     0.193795
      847.000     0.193779
      848.000     0.193763
      849.000     0.194222
      850.000     0.194681
      851.000     0.195141
      852.000     0.195600
      853.000     0.195911
      854.000     0.196222
      855.000     0.196532
      856.000     0.196843
      857.000     0.196708
      858.000     0.196573
      859.000     0.196439
      860.000     0.196304
      861.000     0.196949
      862.000     0.197593
      863.000     0.198238
      864.000     0.198883
      865.000     0.200013
      866.000     0.201144
      867.000     0.202274
      868.000     0.203404
      869.000     0.203705
      870.000     0.204006
      871.000     0.204307
      872.000     0.204608
      873.000     0.204523
      874.000     0.204437
      875.000     0.204351
      876.000     0.204266
      877.000     0.205101
      878.000     0.205937
      879.000     0.206773
      880.000     0.207608
      881.000     0.208468
      882.000     0.209328
      883.000     0.210188
      884.000     0.211048
      885.000     0.210418
      886.000     0.209789
      887.000     0.209160
      888.000     0.208530
      889.000     0.208881
      890.000     0.209232
      891.000     0.209583
      892.000     0.209934
      893.000     0.210832
      894.000     0.211731
      895.000     0.212629
      896.000     0.213527
      897.000     0.214041
      898.000     0.214555
      899.000     0.215068
      900.000     0.215582
      901.000     0.216004
      902.000     0.216425
      903.000     0.216847
      904.000     0.217268
      905.000     0.217723
      906.000     0.218177
      907.000     0.218631
      908.000     0.219086
      909.000     0.219185
      910.000     0.219283
      911.000     0.219382
      912.000     0.219481
      913.000     0.220265
      914.000     0.221050
      915.000     0.221834
      916.000     0.222618
      917.000     0.222442
      918.000     0.222266
      919.000     0.222089
      920.000     0.221913
      921.000     0.222719
      922.000     0.223525
      923.000     0.224332
      924.000     0.225138
      925.000     0.225575
      926.000     0.226012
      927.000     0.226449
      928.000     0.226886
      929.000     0.227711
      930.000     0.228536
      931.000     0.229361
      932.000     0.230186
      933.000     0.230521
      934.000     0.230855
      935.000     0.231189
      936.000     0.231524
      937.000     0.232083
      938.000     0.232643
      939.000     0.233202
      940.000     0.233762
      941.000     0.233800
      942.000     0.233838
      943.000     0.233875
      944.000     0.233913
      945.000     0.234924
      946.000     0.235936
      947.000     0.236947
      948.000     0.237958
      949.000     0.237812
      950.000     0.237665
      951.000     0.237518
      952.000     0.237372
      953.000     0.237556
      954.000     0.237740
      955.000     0.237924
      956.000     0.238108
      957.000     0.238374
      958.000     0.238640
      959.000     0.238905
      960.000     0.239171
      961.000     0.240062
      962.000     0.240954
      963.000     0.241845
      964.000     0.242736
      965.000     0.243093
      966.000     0.243450
      967.000     0.243807
      968.000     0.244164
      969.000     0.244053
      970.000     0.243942
      971.000     0.243832
      972.000     0.243721
      973.000     0.243721
      974.000     0.243721
      975.000     0.243721
      976.000     0.243721
      977.000     0.244764
      978.000     0.245807
      979.000     0.246849
      980.000     0.247892
      981.000     0.248170
      982.000     0.248448
      983.000     0.248726
      984.000     0.249004
      985.000     0.249103
      986.000     0.249202
      987.000     0.249300
      988.000     0.249399
      989.000     0.250044
      990.000     0.250690
      991.000     0.251335
      992.000     0.251980
      993.000     0.252830
      994.000     0.253680
      995.000     0.254531
      996.000     0.255381
      997.000     0.256039
      998.000     0.256697
      999.000     0.257356
      1000.00     0.258014
      1001.00     0.257772
      1002.00     0.257530
      1003.00     0.257288
      1004.00     0.257046
      1005.00     0.257556
      1006.00     0.258066
      1007.00     0.258575
      1008.00     0.259085
      1009.00     0.259757
      1010.00     0.260428
      1011.00     0.261100
      1012.00     0.261771
      1013.00     0.262865
      1014.00     0.263958
      1015.00     0.265051
      1016.00     0.266145
      1017.00     0.266535
      1018.00     0.266926
      1019.00     0.267316
      1020.00     0.267707
      1021.00     0.267457
      1022.00     0.267208
      1023.00     0.266959
      1024.00     0.266709
      1025.00     0.265998
      1026.00     0.265288
      1027.00     0.264577
      1028.00     0.263866
      1029.00     0.264374
      1030.00     0.264881
      1031.00     0.265389
      1032.00     0.265897
      1033.00     0.266685
      1034.00     0.267473
      1035.00     0.268261
      1036.00     0.269049
      1037.00     0.269300
      1038.00     0.269550
      1039.00     0.269800
      1040.00     0.270051
      1041.00     0.270677
      1042.00     0.271303
      1043.00     0.271928
      1044.00     0.272554
      1045.00     0.272386
      1046.00     0.272218
      1047.00     0.272051
      1048.00     0.271883
      1049.00     0.273311
      1050.00     0.274740
      1051.00     0.276168
      1052.00     0.277597
      1053.00     0.277297
      1054.00     0.276998
      1055.00     0.276699
      1056.00     0.276399
      1057.00     0.276940
      1058.00     0.277481
      1059.00     0.278022
      1060.00     0.278563
      1061.00     0.278726
      1062.00     0.278888
      1063.00     0.279050
      1064.00     0.279213
      1065.00     0.279928
      1066.00     0.280643
      1067.00     0.281358
      1068.00     0.282073
      1069.00     0.282479
      1070.00     0.282885
      1071.00     0.283291
      1072.00     0.283697
      1073.00     0.281945
      1074.00     0.280192
      1075.00     0.278439
      1076.00     0.276687
      1077.00     0.276850
      1078.00     0.277012
      1079.00     0.277174
      1080.00     0.277337
      1081.00     0.278714
      1082.00     0.280092
      1083.00     0.281470
      1084.00     0.282847
      1085.00     0.283520
      1086.00     0.284193
      1087.00     0.284865
      1088.00     0.285538
      1089.00     0.285412
      1090.00     0.285287
      1091.00     0.285161
      1092.00     0.285035
      1093.00     0.285820
      1094.00     0.286606
      1095.00     0.287391
      1096.00     0.288176
      1097.00     0.288926
      1098.00     0.289677
      1099.00     0.290428
      1100.00     0.291178
      1101.00     0.291524
      1102.00     0.291869
      1103.00     0.292215
      1104.00     0.292561
      1105.00     0.293083
      1106.00     0.293605
      1107.00     0.294127
      1108.00     0.294649
      1109.00     0.294161
      1110.00     0.293672
      1111.00     0.293184
      1112.00     0.292695
      1113.00     0.292662
      1114.00     0.292628
      1115.00     0.292594
      1116.00     0.292561
      1117.00     0.293243
      1118.00     0.293925
      1119.00     0.294607
      1120.00     0.295289
      1121.00     0.295296
      1122.00     0.295303
      1123.00     0.295309
      1124.00     0.295316
      1125.00     0.296001
      1126.00     0.296685
      1127.00     0.297370
      1128.00     0.298054
      1129.00     0.298099
      1130.00     0.298145
      1131.00     0.298190
      1132.00     0.298235
      1133.00     0.298251
      1134.00     0.298267
      1135.00     0.298284
      1136.00     0.298300
      1137.00     0.298948
      1138.00     0.299597
      1139.00     0.300245
      1140.00     0.300894
      1141.00     0.300743
      1142.00     0.300593
      1143.00     0.300442
      1144.00     0.300292
      1145.00     0.301468
      1146.00     0.302644
      1147.00     0.303820
      1148.00     0.304996
      1149.00     0.305939
      1150.00     0.306883
      1151.00     0.307826
      1152.00     0.308770
      1153.00     0.308829
      1154.00     0.308889
      1155.00     0.308949
      1156.00     0.309008
      1157.00     0.309082
      1158.00     0.309157
      1159.00     0.309231
      1160.00     0.309305
      1161.00     0.309084
      1162.00     0.308863
      1163.00     0.308641
      1164.00     0.308420
      1165.00     0.308892
      1166.00     0.309365
      1167.00     0.309838
      1168.00     0.310310
      1169.00     0.310638
      1170.00     0.310966
      1171.00     0.311295
      1172.00     0.311623
      1173.00     0.311669
      1174.00     0.311715
      1175.00     0.311762
      1176.00     0.311808
      1177.00     0.312503
      1178.00     0.313198
      1179.00     0.313893
      1180.00     0.314588
      1181.00     0.314682
      1182.00     0.314776
      1183.00     0.314870
      1184.00     0.314964
      1185.00     0.315549
      1186.00     0.316135
      1187.00     0.316720
      1188.00     0.317305
      1189.00     0.317513
      1190.00     0.317722
      1191.00     0.317930
      1192.00     0.318139
      1193.00     0.318007
      1194.00     0.317875
      1195.00     0.317743
      1196.00     0.317611
      1197.00     0.317982
      1198.00     0.318353
      1199.00     0.318724
      1200.00     0.319095
      1201.00     0.319191
      1202.00     0.319287
      1203.00     0.319383
      1204.00     0.319479
      1205.00     0.319470
      1206.00     0.319462
      1207.00     0.319453
      1208.00     0.319444
      1209.00     0.319348
      1210.00     0.319251
      1211.00     0.319155
      1212.00     0.319059
      1213.00     0.320106
      1214.00     0.321153
      1215.00     0.322201
      1216.00     0.323248
      1217.00     0.323778
      1218.00     0.324308
      1219.00     0.324838
      1220.00     0.325368
      1221.00     0.325851
      1222.00     0.326335
      1223.00     0.326818
      1224.00     0.327301
      1225.00     0.327537
      1226.00     0.327774
      1227.00     0.328010
      1228.00     0.328247
      1229.00     0.329205
      1230.00     0.330164
      1231.00     0.331122
      1232.00     0.332081
      1233.00     0.332553
      1234.00     0.333025
      1235.00     0.333496
      1236.00     0.333968
      1237.00     0.333867
      1238.00     0.333767
      1239.00     0.333666
      1240.00     0.333565
      1241.00     0.333666
      1242.00     0.333767
      1243.00     0.333867
      1244.00     0.333968
      1245.00     0.333908
      1246.00     0.333848
      1247.00     0.333788
      1248.00     0.333728
      1249.00     0.333314
      1250.00     0.332900
      1251.00     0.332485
      1252.00     0.332071
      1253.00     0.332317
      1254.00     0.332564
      1255.00     0.332810
      1256.00     0.333056
      1257.00     0.333056
      1258.00     0.333056
      1259.00     0.333056
      1260.00     0.333056
      1261.00     0.333129
      1262.00     0.333201
      1263.00     0.333273
      1264.00     0.333346
      1265.00     0.334126
      1266.00     0.334907
      1267.00     0.335688
      1268.00     0.336468
      1269.00     0.336863
      1270.00     0.337259
      1271.00     0.337654
      1272.00     0.338049
      1273.00     0.338456
      1274.00     0.338863
      1275.00     0.339269
      1276.00     0.339676
      1277.00     0.340118
      1278.00     0.340560
      1279.00     0.341003
      1280.00     0.341445
      1281.00     0.341673
      1282.00     0.341902
      1283.00     0.342131
      1284.00     0.342359
      1285.00     0.343109
      1286.00     0.343859
      1287.00     0.344609
      1288.00     0.345359
      1289.00     0.345506
      1290.00     0.345653
      1291.00     0.345801
      1292.00     0.345948
      1293.00     0.345537
      1294.00     0.345127
      1295.00     0.344716
      1296.00     0.344305
      1297.00     0.344432
      1298.00     0.344559
      1299.00     0.344685
      1300.00     0.344812
      1301.00     0.345318
      1302.00     0.345824
      1303.00     0.346330
      1304.00     0.346836
      1305.00     0.346940
      1306.00     0.347044
      1307.00     0.347147
      1308.00     0.347251
      1309.00     0.347098
      1310.00     0.346945
      1311.00     0.346792
      1312.00     0.346639
      1313.00     0.346537
      1314.00     0.346435
      1315.00     0.346334
      1316.00     0.346232
      1317.00     0.346130
      1318.00     0.346029
      1319.00     0.345928
      1320.00     0.345826
      1321.00     0.346104
      1322.00     0.346382
      1323.00     0.346660
      1324.00     0.346938
      1325.00     0.346938
      1326.00     0.346938
      1327.00     0.346938
      1328.00     0.346938
      1329.00     0.347288
      1330.00     0.347637
      1331.00     0.347986
      1332.00     0.348336
      1333.00     0.348684
      1334.00     0.349033
      1335.00     0.349381
      1336.00     0.349730
      1337.00     0.349071
      1338.00     0.348412
      1339.00     0.347754
      1340.00     0.347095
      1341.00     0.347771
      1342.00     0.348448
      1343.00     0.349124
      1344.00     0.349800
      1345.00     0.349681
      1346.00     0.349562
      1347.00     0.349442
      1348.00     0.349323
      1349.00     0.349599
      1350.00     0.349876
      1351.00     0.350152
      1352.00     0.350428
      1353.00     0.349991
      1354.00     0.349555
      1355.00     0.349118
      1356.00     0.348681
      1357.00     0.348525
      1358.00     0.348368
      1359.00     0.348212
      1360.00     0.348056
      1361.00     0.347634
      1362.00     0.347212
      1363.00     0.346791
      1364.00     0.346369
      1365.00     0.346331
      1366.00     0.346293
      1367.00     0.346255
      1368.00     0.346217
      1369.00     0.345722
      1370.00     0.345226
      1371.00     0.344730
      1372.00     0.344235
      1373.00     0.344095
      1374.00     0.343956
      1375.00     0.343816
      1376.00     0.343676
      1377.00     0.343670
      1378.00     0.343664
      1379.00     0.343658
      1380.00     0.343652
      1381.00     0.342916
      1382.00     0.342180
      1383.00     0.341445
      1384.00     0.340709
      1385.00     0.338803
      1386.00     0.336896
      1387.00     0.334990
      1388.00     0.333084
      1389.00     0.331907
      1390.00     0.330730
      1391.00     0.329553
      1392.00     0.328376
      1393.00     0.326731
      1394.00     0.325086
      1395.00     0.323442
      1396.00     0.321797
      1397.00     0.321293
      1398.00     0.320790
      1399.00     0.320287
      1400.00     0.319783
      1401.00     0.318778
      1402.00     0.317774
      1403.00     0.316769
      1404.00     0.315764
      1405.00     0.315259
      1406.00     0.314754
      1407.00     0.314250
      1408.00     0.313745
      1409.00     0.314231
      1410.00     0.314717
      1411.00     0.315203
      1412.00     0.315689
      1413.00     0.315773
      1414.00     0.315857
      1415.00     0.315940
      1416.00     0.316024
      1417.00     0.316678
      1418.00     0.317332
      1419.00     0.317986
      1420.00     0.318640
      1421.00     0.318923
      1422.00     0.319207
      1423.00     0.319490
      1424.00     0.319773
      1425.00     0.320659
      1426.00     0.321545
      1427.00     0.322432
      1428.00     0.323318
      1429.00     0.323739
      1430.00     0.324161
      1431.00     0.324582
      1432.00     0.325003
      1433.00     0.325197
      1434.00     0.325391
      1435.00     0.325584
      1436.00     0.325778
      1437.00     0.325853
      1438.00     0.325928
      1439.00     0.326003
      1440.00     0.326078
      1441.00     0.325836
      1442.00     0.325595
      1443.00     0.325354
      1444.00     0.325112
      1445.00     0.324956
      1446.00     0.324800
      1447.00     0.324644
      1448.00     0.324488
      1449.00     0.325128
      1450.00     0.325769
      1451.00     0.326410
      1452.00     0.327050
      1453.00     0.326680
      1454.00     0.326309
      1455.00     0.325939
      1456.00     0.325568
      1457.00     0.325677
      1458.00     0.325785
      1459.00     0.325894
      1460.00     0.326002
      1461.00     0.326227
      1462.00     0.326453
      1463.00     0.326679
      1464.00     0.326904
      1465.00     0.327725
      1466.00     0.328546
      1467.00     0.329366
      1468.00     0.330187
      1469.00     0.330386
      1470.00     0.330585
      1471.00     0.330785
      1472.00     0.330984
      1473.00     0.331778
      1474.00     0.332572
      1475.00     0.333367
      1476.00     0.334161
      1477.00     0.334683
      1478.00     0.335205
      1479.00     0.335728
      1480.00     0.336250
      1481.00     0.336598
      1482.00     0.336947
      1483.00     0.337295
      1484.00     0.337643
      1485.00     0.338016
      1486.00     0.338389
      1487.00     0.338762
      1488.00     0.339135
      1489.00     0.339558
      1490.00     0.339981
      1491.00     0.340404
      1492.00     0.340827
      1493.00     0.340955
      1494.00     0.341083
      1495.00     0.341211
      1496.00     0.341339
      1497.00     0.342461
      1498.00     0.343583
      1499.00     0.344705
      1500.00     0.345827
      1501.00     0.346184
      1502.00     0.346542
      1503.00     0.346900
      1504.00     0.347257
      1505.00     0.347848
      1506.00     0.348439
      1507.00     0.349029
      1508.00     0.349620
      1509.00     0.349620
      1510.00     0.349620
      1511.00     0.349620
      1512.00     0.349620
      1513.00     0.349321
      1514.00     0.349021
      1515.00     0.348722
      1516.00     0.348423
      1517.00     0.348791
      1518.00     0.349159
      1519.00     0.349527
      1520.00     0.349895
      1521.00     0.349642
      1522.00     0.349389
      1523.00     0.349137
      1524.00     0.348884
      1525.00     0.348683
      1526.00     0.348481
      1527.00     0.348280
      1528.00     0.348078
      1529.00     0.348348
      1530.00     0.348618
      1531.00     0.348888
      1532.00     0.349158
      1533.00     0.349259
      1534.00     0.349360
      1535.00     0.349461
      1536.00     0.349562
      1537.00     0.350204
      1538.00     0.350846
      1539.00     0.351489
      1540.00     0.352131
      1541.00     0.352570
      1542.00     0.353009
      1543.00     0.353448
      1544.00     0.353887
      1545.00     0.353262
      1546.00     0.352636
      1547.00     0.352011
      1548.00     0.351386
      1549.00     0.351676
      1550.00     0.351967
      1551.00     0.352257
      1552.00     0.352547
      1553.00     0.353020
      1554.00     0.353494
      1555.00     0.353967
      1556.00     0.354441
      1557.00     0.354865
      1558.00     0.355289
      1559.00     0.355713
      1560.00     0.356137
      1561.00     0.356914
      1562.00     0.357691
      1563.00     0.358469
      1564.00     0.359246
      1565.00     0.359915
      1566.00     0.360585
      1567.00     0.361255
      1568.00     0.361924
      1569.00     0.361601
      1570.00     0.361277
      1571.00     0.360954
      1572.00     0.360630
      1573.00     0.359339
      1574.00     0.358048
      1575.00     0.356756
      1576.00     0.355465
      1577.00     0.355611
      1578.00     0.355757
      1579.00     0.355903
      1580.00     0.356049
      1581.00     0.356342
      1582.00     0.356634
      1583.00     0.356927
      1584.00     0.357219
      1585.00     0.357708
      1586.00     0.358196
      1587.00     0.358685
      1588.00     0.359174
      1589.00     0.358531
      1590.00     0.357887
      1591.00     0.357243
      1592.00     0.356600
      1593.00     0.356703
      1594.00     0.356806
      1595.00     0.356909
      1596.00     0.357012
      1597.00     0.356690
      1598.00     0.356369
      1599.00     0.356048
      1600.00     0.355726
      1601.00     0.355756
      1602.00     0.355785
      1603.00     0.355814
      1604.00     0.355844
      1605.00     0.355974
      1606.00     0.356103
      1607.00     0.356233
      1608.00     0.356363
      1609.00     0.356862
      1610.00     0.357361
      1611.00     0.357860
      1612.00     0.358359
      1613.00     0.359287
      1614.00     0.360215
      1615.00     0.361143
      1616.00     0.362071
      1617.00     0.362279
      1618.00     0.362487
      1619.00     0.362695
      1620.00     0.362903
      1621.00     0.362562
      1622.00     0.362221
      1623.00     0.361879
      1624.00     0.361538
      1625.00     0.361103
      1626.00     0.360669
      1627.00     0.360234
      1628.00     0.359799
      1629.00     0.360658
      1630.00     0.361518
      1631.00     0.362377
      1632.00     0.363237
      1633.00     0.363663
      1634.00     0.364089
      1635.00     0.364516
      1636.00     0.364942
      1637.00     0.364233
      1638.00     0.363524
      1639.00     0.362816
      1640.00     0.362107
      1641.00     0.361604
      1642.00     0.361100
      1643.00     0.360597
      1644.00     0.360094
      1645.00     0.360649
      1646.00     0.361205
      1647.00     0.361760
      1648.00     0.362315
      1649.00     0.362575
      1650.00     0.362835
      1651.00     0.363094
      1652.00     0.363354
      1653.00     0.363354
      1654.00     0.363354
      1655.00     0.363354
      1656.00     0.363354
      1657.00     0.363490
      1658.00     0.363626
      1659.00     0.363762
      1660.00     0.363898
      1661.00     0.364135
      1662.00     0.364372
      1663.00     0.364610
      1664.00     0.364847
      1665.00     0.364526
      1666.00     0.364205
      1667.00     0.363883
      1668.00     0.363562
      1669.00     0.362438
      1670.00     0.361315
      1671.00     0.360192
      1672.00     0.359068
      1673.00     0.359648
      1674.00     0.360229
      1675.00     0.360809
      1676.00     0.361389
      1677.00     0.362008
      1678.00     0.362627
      1679.00     0.363246
      1680.00     0.363865
      1681.00     0.363434
      1682.00     0.363004
      1683.00     0.362574
      1684.00     0.362143
      1685.00     0.362307
      1686.00     0.362471
      1687.00     0.362634
      1688.00     0.362798
      1689.00     0.363031
      1690.00     0.363264
      1691.00     0.363497
      1692.00     0.363730
      1693.00     0.363239
      1694.00     0.362748
      1695.00     0.362257
      1696.00     0.361766
      1697.00     0.361680
      1698.00     0.361594
      1699.00     0.361509
      1700.00     0.361423
      1701.00     0.360670
      1702.00     0.359918
      1703.00     0.359165
      1704.00     0.358412
      1705.00     0.359586
      1706.00     0.360759
      1707.00     0.361933
      1708.00     0.363107
      1709.00     0.362455
      1710.00     0.361802
      1711.00     0.361150
      1712.00     0.360497
      1713.00     0.360608
      1714.00     0.360719
      1715.00     0.360830
      1716.00     0.360941
      1717.00     0.361131
      1718.00     0.361321
      1719.00     0.361511
      1720.00     0.361701
      1721.00     0.361745
      1722.00     0.361788
      1723.00     0.361831
      1724.00     0.361875
      1725.00     0.361614
      1726.00     0.361354
      1727.00     0.361094
      1728.00     0.360833
      1729.00     0.360400
      1730.00     0.359966
      1731.00     0.359533
      1732.00     0.359099
      1733.00     0.358689
      1734.00     0.358279
      1735.00     0.357870
      1736.00     0.357460
      1737.00     0.358227
      1738.00     0.358994
      1739.00     0.359761
      1740.00     0.360528
      1741.00     0.360010
      1742.00     0.359491
      1743.00     0.358973
      1744.00     0.358455
      1745.00     0.358791
      1746.00     0.359127
      1747.00     0.359464
      1748.00     0.359800
      1749.00     0.360396
      1750.00     0.360992
      1751.00     0.361588
      1752.00     0.362184
      1753.00     0.361422
      1754.00     0.360660
      1755.00     0.359897
      1756.00     0.359135
      1757.00     0.359300
      1758.00     0.359466
      1759.00     0.359631
      1760.00     0.359796
      1761.00     0.359857
      1762.00     0.359919
      1763.00     0.359980
      1764.00     0.360041
      1765.00     0.360585
      1766.00     0.361129
      1767.00     0.361672
      1768.00     0.362216
      1769.00     0.362413
      1770.00     0.362610
      1771.00     0.362808
      1772.00     0.363005
      1773.00     0.363328
      1774.00     0.363652
      1775.00     0.363975
      1776.00     0.364299
      1777.00     0.363735
      1778.00     0.363171
      1779.00     0.362606
      1780.00     0.362042
      1781.00     0.362360
      1782.00     0.362679
      1783.00     0.362997
      1784.00     0.363315
      1785.00     0.363263
      1786.00     0.363211
      1787.00     0.363159
      1788.00     0.363107
      1789.00     0.362429
      1790.00     0.361751
      1791.00     0.361074
      1792.00     0.360396
      1793.00     0.360867
      1794.00     0.361338
      1795.00     0.361810
      1796.00     0.362281
      1797.00     0.362332
      1798.00     0.362384
      1799.00     0.362435
      1800.00     0.362487
      1801.00     0.362805
      1802.00     0.363122
      1803.00     0.363440
      1804.00     0.363758
      1805.00     0.363551
      1806.00     0.363344
      1807.00     0.363138
      1808.00     0.362931
      1809.00     0.363462
      1810.00     0.363993
      1811.00     0.364524
      1812.00     0.365055
      1813.00     0.365159
      1814.00     0.365263
      1815.00     0.365367
      1816.00     0.365471
      1817.00     0.364982
      1818.00     0.364493
      1819.00     0.364004
      1820.00     0.363515
      1821.00     0.363745
      1822.00     0.363975
      1823.00     0.364204
      1824.00     0.364434
      1825.00     0.364296
      1826.00     0.364159
      1827.00     0.364021
      1828.00     0.363883
      1829.00     0.364466
      1830.00     0.365048
      1831.00     0.365631
      1832.00     0.366214
      1833.00     0.366632
      1834.00     0.367051
      1835.00     0.367469
      1836.00     0.367888
      1837.00     0.367662
      1838.00     0.367437
      1839.00     0.367212
      1840.00     0.366986
      1841.00     0.366105
      1842.00     0.365225
      1843.00     0.364345
      1844.00     0.363464
      1845.00     0.363478
      1846.00     0.363493
      1847.00     0.363508
      1848.00     0.363522
      1849.00     0.363220
      1850.00     0.362917
      1851.00     0.362615
      1852.00     0.362313
      1853.00     0.362099
      1854.00     0.361885
      1855.00     0.361671
      1856.00     0.361457
      1857.00     0.360834
      1858.00     0.360210
      1859.00     0.359587
      1860.00     0.358964
      1861.00     0.357988
      1862.00     0.357012
      1863.00     0.356036
      1864.00     0.355060
      1865.00     0.353493
      1866.00     0.351925
      1867.00     0.350358
      1868.00     0.348791
      1869.00     0.347156
      1870.00     0.345522
      1871.00     0.343888
      1872.00     0.342253
      1873.00     0.339987
      1874.00     0.337721
      1875.00     0.335455
      1876.00     0.333189
      1877.00     0.332184
      1878.00     0.331180
      1879.00     0.330176
      1880.00     0.329171
      1881.00     0.326747
      1882.00     0.324324
      1883.00     0.321900
      1884.00     0.319476
      1885.00     0.316482
      1886.00     0.313488
      1887.00     0.310495
      1888.00     0.307501
      1889.00     0.304603
      1890.00     0.301705
      1891.00     0.298808
      1892.00     0.295910
      1893.00     0.292641
      1894.00     0.289371
      1895.00     0.286102
      1896.00     0.282833
      1897.00     0.279578
      1898.00     0.276323
      1899.00     0.273069
      1900.00     0.269814
      1901.00     0.267197
      1902.00     0.264581
      1903.00     0.261964
      1904.00     0.259348
      1905.00     0.258419
      1906.00     0.257489
      1907.00     0.256559
      1908.00     0.255630
      1909.00     0.254936
      1910.00     0.254241
      1911.00     0.253547
      1912.00     0.252853
      1913.00     0.252303
      1914.00     0.251753
      1915.00     0.251203
      1916.00     0.250653
      1917.00     0.250500
      1918.00     0.250347
      1919.00     0.250195
      1920.00     0.250042
      1921.00     0.250976
      1922.00     0.251909
      1923.00     0.252843
      1924.00     0.253777
      1925.00     0.254202
      1926.00     0.254628
      1927.00     0.255053
      1928.00     0.255479
      1929.00     0.255952
      1930.00     0.256424
      1931.00     0.256897
      1932.00     0.257370
      1933.00     0.258290
      1934.00     0.259210
      1935.00     0.260130
      1936.00     0.261050
      1937.00     0.261835
      1938.00     0.262621
      1939.00     0.263406
      1940.00     0.264191
      1941.00     0.264516
      1942.00     0.264841
      1943.00     0.265166
      1944.00     0.265491
      1945.00     0.266337
      1946.00     0.267182
      1947.00     0.268028
      1948.00     0.268873
      1949.00     0.269550
      1950.00     0.270227
      1951.00     0.270905
      1952.00     0.271582
      1953.00     0.271792
      1954.00     0.272002
      1955.00     0.272211
      1956.00     0.272421
      1957.00     0.273013
      1958.00     0.273605
      1959.00     0.274196
      1960.00     0.274788
      1961.00     0.275296
      1962.00     0.275804
      1963.00     0.276312
      1964.00     0.276820
      1965.00     0.277609
      1966.00     0.278398
      1967.00     0.279186
      1968.00     0.279975
      1969.00     0.280405
      1970.00     0.280836
      1971.00     0.281267
      1972.00     0.281697
      1973.00     0.282940
      1974.00     0.284184
      1975.00     0.285427
      1976.00     0.286670
      1977.00     0.287248
      1978.00     0.287826
      1979.00     0.288405
      1980.00     0.288983
      1981.00     0.289632
      1982.00     0.290282
      1983.00     0.290931
      1984.00     0.291581
      1985.00     0.292809
      1986.00     0.294038
      1987.00     0.295267
      1988.00     0.296495
      1989.00     0.296968
      1990.00     0.297441
      1991.00     0.297914
      1992.00     0.298387
      1993.00     0.299004
      1994.00     0.299621
      1995.00     0.300238
      1996.00     0.300855
      1997.00     0.301378
      1998.00     0.301900
      1999.00     0.302423
      2000.00     0.302945
      2001.00     0.303369
      2002.00     0.303793
      2003.00     0.304216
      2004.00     0.304640
      2005.00     0.304118
      2006.00     0.303596
      2007.00     0.303074
      2008.00     0.302552
      2009.00     0.303248
      2010.00     0.303944
      2011.00     0.304640
      2012.00     0.305336
      2013.00     0.305033
      2014.00     0.304730
      2015.00     0.304427
      2016.00     0.304124
      2017.00     0.304696
      2018.00     0.305268
      2019.00     0.305839
      2020.00     0.306411
      2021.00     0.305755
      2022.00     0.305100
      2023.00     0.304444
      2024.00     0.303789
      2025.00     0.303276
      2026.00     0.302763
      2027.00     0.302249
      2028.00     0.301736
      2029.00     0.301993
      2030.00     0.302250
      2031.00     0.302508
      2032.00     0.302765
      2033.00     0.302850
      2034.00     0.302935
      2035.00     0.303020
      2036.00     0.303105
      2037.00     0.303663
      2038.00     0.304221
      2039.00     0.304779
      2040.00     0.305337
      2041.00     0.305165
      2042.00     0.304994
      2043.00     0.304822
      2044.00     0.304651
      2045.00     0.304987
      2046.00     0.305322
      2047.00     0.305658
      2048.00     0.305993
      2049.00     0.305650
      2050.00     0.305308
      2051.00     0.304965
      2052.00     0.304622
      2053.00     0.304289
      2054.00     0.303955
      2055.00     0.303622
      2056.00     0.303288
      2057.00     0.303246
      2058.00     0.303203
      2059.00     0.303160
      2060.00     0.303118
      2061.00     0.302775
      2062.00     0.302432
      2063.00     0.302089
      2064.00     0.301746
      2065.00     0.302690
      2066.00     0.303634
      2067.00     0.304577
      2068.00     0.305521
      2069.00     0.304666
      2070.00     0.303812
      2071.00     0.302958
      2072.00     0.302103
      2073.00     0.302400
      2074.00     0.302698
      2075.00     0.302996
      2076.00     0.303293
      2077.00     0.303190
      2078.00     0.303088
      2079.00     0.302985
      2080.00     0.301292
      2081.00     0.298883
      2082.00     0.299443
      2083.00     0.298833
      2084.00     0.299129
      2085.00     0.299271
      2086.00     0.299363
      2087.00     0.299404
      2088.00     0.299387
      2089.00     0.299327
      2090.00     0.299227
      2091.00     0.299164
      2092.00     0.299163
      2093.00     0.299133
      2094.00     0.298953
      2095.00     0.298562
      2096.00     0.298069
      2097.00     0.297691
      2098.00     0.297658
      2099.00     0.297965
      2100.00     0.298318
      2101.00     0.298553
      2102.00     0.298567
      2103.00     0.298268
      2104.00     0.297795
      2105.00     0.297279
      2106.00     0.296912
      2107.00     0.296759
      2108.00     0.296920
      2109.00     0.297144
      2110.00     0.297177
      2111.00     0.296874
      2112.00     0.296431
      2113.00     0.295917
      2114.00     0.295519
      2115.00     0.295280
      2116.00     0.295246
      2117.00     0.295436
      2118.00     0.295780
      2119.00     0.296344
      2120.00     0.296860
      2121.00     0.297024
      2122.00     0.296752
      2123.00     0.296246
      2124.00     0.295699
      2125.00     0.295291
      2126.00     0.295194
      2127.00     0.295309
      2128.00     0.295486
      2129.00     0.295646
      2130.00     0.295831
      2131.00     0.295950
      2132.00     0.295960
      2133.00     0.295856
      2134.00     0.295688
      2135.00     0.295531
      2136.00     0.295431
      2137.00     0.295488
      2138.00     0.295621
      2139.00     0.295757
      2140.00     0.295799
      2141.00     0.295732
      2142.00     0.295619
      2143.00     0.295488
      2144.00     0.295468
      2145.00     0.295557
      2146.00     0.295615
      2147.00     0.295515
      2148.00     0.295186
      2149.00     0.294638
      2150.00     0.294010
      2151.00     0.293547
      2152.00     0.293339
      2153.00     0.293291
      2154.00     0.293295
      2155.00     0.293231
      2156.00     0.293051
      2157.00     0.292862
      2158.00     0.292795
      2159.00     0.292863
      2160.00     0.292926
      2161.00     0.292907
      2162.00     0.292833
      2163.00     0.292778
      2164.00     0.292754
      2165.00     0.292702
      2166.00     0.292601
      2167.00     0.292414
      2168.00     0.292117
      2169.00     0.291796
      2170.00     0.291520
      2171.00     0.291208
      2172.00     0.290798
      2173.00     0.290417
      2174.00     0.290192
      2175.00     0.290102
      2176.00     0.290119
      2177.00     0.290160
      2178.00     0.290050
      2179.00     0.289676
      2180.00     0.289098
      2181.00     0.288512
      2182.00     0.287839
      2183.00     0.287230
      2184.00     0.286712
      2185.00     0.286229
      2186.00     0.285658
      2187.00     0.284905
      2188.00     0.284079
      2189.00     0.283273
      2190.00     0.282431
      2191.00     0.281606
      2192.00     0.280876
      2193.00     0.280258
      2194.00     0.279502
      2195.00     0.278732
      2196.00     0.277978
      2197.00     0.277239
      2198.00     0.276501
      2199.00     0.275907
      2200.00     0.275444
      2201.00     0.275064
      2202.00     0.274715
      2203.00     0.274249
      2204.00     0.273596
      2205.00     0.272901
      2206.00     0.272118
      2207.00     0.271415
      2208.00     0.270961
      2209.00     0.271044
      2210.00     0.271527
      2211.00     0.272388
      2212.00     0.273399
      2213.00     0.274433
      2214.00     0.275245
      2215.00     0.275842
      2216.00     0.276373
      2217.00     0.276905
      2218.00     0.277390
      2219.00     0.277935
      2220.00     0.278512
      2221.00     0.279200
      2222.00     0.279874
      2223.00     0.280571
      2224.00     0.281293
      2225.00     0.281818
      2226.00     0.282277
      2227.00     0.282701
      2228.00     0.283276
      2229.00     0.283961
      2230.00     0.284751
      2231.00     0.285405
      2232.00     0.285894
      2233.00     0.286177
      2234.00     0.286325
      2235.00     0.286478
      2236.00     0.286653
      2237.00     0.286806
      2238.00     0.286817
      2239.00     0.286639
      2240.00     0.286298
      2241.00     0.285927
      2242.00     0.285671
      2243.00     0.285544
      2244.00     0.285418
      2245.00     0.285212
      2246.00     0.284865
      2247.00     0.284346
      2248.00     0.283830
      2249.00     0.283392
      2250.00     0.283085
      2251.00     0.282790
      2252.00     0.282453
      2253.00     0.282121
      2254.00     0.281838
      2255.00     0.281608
      2256.00     0.281513
      2257.00     0.281590
      2258.00     0.281766
      2259.00     0.281898
      2260.00     0.281928
      2261.00     0.281866
      2262.00     0.281664
      2263.00     0.281352
      2264.00     0.280974
      2265.00     0.280612
      2266.00     0.280326
      2267.00     0.280119
      2268.00     0.279985
      2269.00     0.279894
      2270.00     0.279812
      2271.00     0.279705
      2272.00     0.279592
      2273.00     0.279506
      2274.00     0.279454
      2275.00     0.279421
      2276.00     0.279361
      2277.00     0.279249
      2278.00     0.279089
      2279.00     0.278918
      2280.00     0.278798
      2281.00     0.278748
      2282.00     0.278741
      2283.00     0.278721
      2284.00     0.278628
      2285.00     0.278426
      2286.00     0.278111
      2287.00     0.277718
      2288.00     0.277301
      2289.00     0.276921
      2290.00     0.276595
      2291.00     0.276283
      2292.00     0.275978
      2293.00     0.275696
      2294.00     0.275414
      2295.00     0.275139
      2296.00     0.274843
      2297.00     0.274516
      2298.00     0.274119
      2299.00     0.273639
      2300.00     0.273002
      2301.00     0.272345
      2302.00     0.271796
      2303.00     0.271440
      2304.00     0.271295
      2305.00     0.271257
      2306.00     0.271261
      2307.00     0.271203
      2308.00     0.271020
      2309.00     0.270668
      2310.00     0.270135
      2311.00     0.269560
      2312.00     0.268943
      2313.00     0.268376
      2314.00     0.267976
      2315.00     0.267708
      2316.00     0.267561
      2317.00     0.267490
      2318.00     0.267399
      2319.00     0.267224
      2320.00     0.266995
      2321.00     0.266739
      2322.00     0.266456
      2323.00     0.266166
      2324.00     0.265861
      2325.00     0.265516
      2326.00     0.265142
      2327.00     0.264689
      2328.00     0.264260
      2329.00     0.263832
      2330.00     0.263464
      2331.00     0.263105
      2332.00     0.262810
      2333.00     0.262499
      2334.00     0.262196
      2335.00     0.261868
      2336.00     0.261530
      2337.00     0.261079
      2338.00     0.260524
      2339.00     0.259876
      2340.00     0.259230
      2341.00     0.258606
      2342.00     0.258055
      2343.00     0.257638
      2344.00     0.257360
      2345.00     0.257175
      2346.00     0.257003
      2347.00     0.256840
      2348.00     0.256737
      2349.00     0.256679
      2350.00     0.256642
      2351.00     0.256700
      2352.00     0.256892
      2353.00     0.257203
      2354.00     0.257490
      2355.00     0.257698
      2356.00     0.257816
      2357.00     0.257839
      2358.00     0.257802
      2359.00     0.257753
      2360.00     0.257772
      2361.00     0.257924
      2362.00     0.258149
      2363.00     0.258361
      2364.00     0.258486
      2365.00     0.258559
      2366.00     0.258648
      2367.00     0.258772
      2368.00     0.258917
      2369.00     0.259097
      2370.00     0.259299
      2371.00     0.259427
      2372.00     0.259411
      2373.00     0.259266
      2374.00     0.259070
      2375.00     0.258895
      2376.00     0.258762
      2377.00     0.258671
      2378.00     0.258636
      2379.00     0.258600
      2380.00     0.258516
      2381.00     0.258386
      2382.00     0.258243
      2383.00     0.258144
      2384.00     0.258125
      2385.00     0.258187
      2386.00     0.258299
      2387.00     0.258411
      2388.00     0.258483
      2389.00     0.258508
      2390.00     0.258474
      2391.00     0.258370
      2392.00     0.258229
      2393.00     0.258106
      2394.00     0.258030
      2395.00     0.257996
      2396.00     0.257985
      2397.00     0.258001
      2398.00     0.258053
      2399.00     0.258095
      2400.00     0.258040
      2401.00     0.257918
      2402.00     0.257722
      2403.00     0.257461
      2404.00     0.257135
      2405.00     0.256742
      2406.00     0.256335
      2407.00     0.255963
      2408.00     0.255605
      2409.00     0.255329
      2410.00     0.255220
      2411.00     0.255195
      2412.00     0.255199
      2413.00     0.255177
      2414.00     0.255048
      2415.00     0.254752
      2416.00     0.254291
      2417.00     0.253713
      2418.00     0.253002
      2419.00     0.252317
      2420.00     0.251648
      2421.00     0.251074
      2422.00     0.250561
      2423.00     0.250106
      2424.00     0.249703
      2425.00     0.249325
      2426.00     0.248930
      2427.00     0.248539
      2428.00     0.248151
      2429.00     0.247654
      2430.00     0.247120
      2431.00     0.246545
      2432.00     0.245918
      2433.00     0.245280
      2434.00     0.244681
      2435.00     0.244106
      2436.00     0.243652
      2437.00     0.243195
      2438.00     0.242776
      2439.00     0.242381
      2440.00     0.242009
      2441.00     0.241643
      2442.00     0.241212
      2443.00     0.240796
      2444.00     0.240365
      2445.00     0.239954
      2446.00     0.239507
      2447.00     0.239051
      2448.00     0.238614
      2449.00     0.238187
      2450.00     0.237817
      2451.00     0.237480
      2452.00     0.237210
      2453.00     0.236958
      2454.00     0.236696
      2455.00     0.236420
      2456.00     0.236134
      2457.00     0.235801
      2458.00     0.235487
      2459.00     0.235203
      2460.00     0.234931
      2461.00     0.234675
      2462.00     0.234416
      2463.00     0.234141
      2464.00     0.233864
      2465.00     0.233558
      2466.00     0.233271
      2467.00     0.233025
      2468.00     0.232809
      2469.00     0.232602
      2470.00     0.232382
      2471.00     0.232126
      2472.00     0.231823
      2473.00     0.231475
      2474.00     0.231095
      2475.00     0.230762
      2476.00     0.230532
      2477.00     0.230410
      2478.00     0.230370
      2479.00     0.230331
      2480.00     0.230269
      2481.00     0.230161
      2482.00     0.229980
      2483.00     0.229737
      2484.00     0.229453
      2485.00     0.229176
      2486.00     0.228912
      2487.00     0.228667
      2488.00     0.228441
      2489.00     0.228235
      2490.00     0.228071
      2491.00     0.228012
      2492.00     0.228027
      2493.00     0.228096
      2494.00     0.228186
      2495.00     0.228263
      2496.00     0.228298
      2497.00     0.228241
      2498.00     0.228078
      2499.00     0.227857
      2500.00     0.227643
