      400.000    0.0210670
      401.000    0.0254970
      402.000    0.0210420
      403.000    0.0228530
      404.000    0.0254900
      405.000    0.0245560
      406.000    0.0245490
      407.000    0.0245330
      408.000    0.0271650
      409.000    0.0284680
      410.000    0.0284260
      411.000    0.0318740
      412.000    0.0305570
      413.000    0.0336090
      414.000    0.0336090
      415.000    0.0323580
      416.000    0.0325060
      417.000    0.0342890
      418.000    0.0342890
      419.000    0.0334550
      420.000    0.0336080
      421.000    0.0323050
      422.000    0.0371450
      423.000    0.0333970
      424.000    0.0393320
      425.000    0.0395120
      426.000    0.0412160
      427.000    0.0424540
      428.000    0.0440780
      429.000    0.0422810
      430.000    0.0423680
      431.000    0.0442330
      432.000    0.0454290
      433.000    0.0439230
      434.000    0.0469650
      435.000    0.0457170
      436.000    0.0470680
      437.000    0.0471700
      438.000    0.0477700
      439.000    0.0487660
      440.000    0.0508340
      441.000    0.0522300
      442.000    0.0532130
      443.000    0.0531300
      444.000    0.0530060
      445.000    0.0573190
      446.000    0.0572290
      447.000    0.0570930
      448.000    0.0547090
      449.000    0.0568720
      450.000    0.0550590
      451.000    0.0566420
      452.000    0.0580680
      453.000    0.0577330
      454.000    0.0604290
      455.000    0.0604780
      456.000    0.0562750
      457.000    0.0615220
      458.000    0.0608450
      459.000    0.0595450
      460.000    0.0609870
      461.000    0.0627620
      462.000    0.0620820
      463.000    0.0640170
      464.000    0.0653850
      465.000    0.0637360
      466.000    0.0636800
      467.000    0.0648160
      468.000    0.0652110
      469.000    0.0641300
      470.000    0.0669880
      471.000    0.0687040
      472.000    0.0685810
      473.000    0.0666910
      474.000    0.0683970
      475.000    0.0685810
      476.000    0.0684580
      477.000    0.0741510
      478.000    0.0708830
      479.000    0.0740840
      480.000    0.0706950
      481.000    0.0710720
      482.000    0.0753860
      483.000    0.0740170
      484.000    0.0765920
      485.000    0.0748460
      486.000    0.0747110
      487.000    0.0762090
      488.000    0.0764530
      489.000    0.0775380
      490.000    0.0775380
      491.000    0.0774680
      492.000    0.0791840
      493.000    0.0793980
      494.000    0.0809130
      495.000    0.0804080
      496.000    0.0829250
      497.000    0.0861970
      498.000    0.0845240
      499.000    0.0819370
      500.000    0.0848270
      501.000    0.0878050
      502.000    0.0858940
      503.000    0.0871880
      504.000    0.0855130
      505.000    0.0852100
      506.000    0.0849081
      507.000    0.0879179
      508.000    0.0882310
      509.000    0.0884820
      510.000    0.0883270
      511.000    0.0905151
      512.000    0.0928920
      513.000    0.0919640
      514.000    0.0936280
      515.000    0.0933000
      516.000    0.0924500
      517.000    0.0955410
      518.000    0.0972450
      519.000    0.0971600
      520.000    0.0957070
      521.000    0.0974980
      522.000    0.0998200
      523.000    0.0994770
      524.000    0.0993060
      525.000     0.102686
      526.000    0.0992210
      527.000     0.100416
      528.000     0.101524
      529.000    0.0999880
      530.000     0.101871
      531.000     0.104980
      532.000     0.104527
      533.000     0.105895
      534.000     0.103154
      535.000     0.103242
      536.000     0.106629
      537.000     0.110428
      538.000     0.107364
      539.000     0.107093
      540.000     0.108376
      541.000     0.111862
      542.000     0.108927
      543.000     0.108927
      544.000     0.113274
      545.000     0.116020
      546.000     0.113755
      547.000     0.113274
      548.000     0.115560
      549.000     0.116656
      550.000     0.117945
      551.000     0.119339
      552.000     0.119930
      553.000     0.119540
      554.000     0.120614
      555.000     0.120223
      556.000     0.119738
      557.000     0.120223
      558.000     0.120516
      559.000     0.124094
      560.000     0.128333
      561.000     0.130674
      562.000     0.128666
      563.000     0.130018
      564.000     0.130765
      565.000     0.128146
      566.000     0.130602
      567.000     0.131992
      568.000     0.134917
      569.000     0.136199
      570.000     0.136873
      571.000     0.139790
      572.000     0.138580
      573.000     0.140294
      574.000     0.141925
      575.000     0.140105
      576.000     0.140573
      577.000     0.143465
      578.000     0.145107
      579.000     0.143345
      580.000     0.144313
      581.000     0.145397
      582.000     0.147206
      583.000     0.147084
      584.000     0.148802
      585.000     0.148062
      586.000     0.148655
      587.000     0.149090
      588.000     0.148678
      589.000     0.148901
      590.000     0.149423
      591.000     0.150015
      592.000     0.152311
      593.000     0.154993
      594.000     0.154735
      595.000     0.155855
      596.000     0.154406
      597.000     0.151965
      598.000     0.152585
      599.000     0.156032
      600.000     0.155830
      601.000     0.154461
      602.000     0.155136
      603.000     0.155559
      604.000     0.155189
      605.000     0.156336
      606.000     0.157240
      607.000     0.157915
      608.000     0.157791
      609.000     0.159416
      610.000     0.157544
      611.000     0.158444
      612.000     0.161838
      613.000     0.161199
      614.000     0.161222
      615.000     0.161349
      616.000     0.164168
      617.000     0.164555
      618.000     0.167913
      619.000     0.168045
      620.000     0.169602
      621.000     0.169868
      622.000     0.170760
      623.000     0.173282
      624.000     0.171958
      625.000     0.171680
      626.000     0.169394
      627.000     0.170449
      628.000     0.167549
      629.000     0.168195
      630.000     0.173686
      631.000     0.171680
      632.000     0.175366
      633.000     0.174093
      634.000     0.174829
      635.000     0.175771
      636.000     0.175907
      637.000     0.174293
      638.000     0.175097
      639.000     0.179873
      640.000     0.180705
      641.000     0.183692
      642.000     0.182288
      643.000     0.182707
      644.000     0.184551
      645.000     0.184268
      646.000     0.184127
      647.000     0.188109
      648.000     0.185412
      649.000     0.187954
      650.000     0.189657
      651.000     0.188957
      652.000     0.189678
      653.000     0.188813
      654.000     0.188669
      655.000     0.191252
      656.000     0.189812
      657.000     0.196296
      658.000     0.197888
      659.000     0.193527
      660.000     0.194083
      661.000     0.195494
      662.000     0.194022
      663.000     0.193730
      664.000     0.191067
      665.000     0.195876
      666.000     0.196751
      667.000     0.197045
      668.000     0.197486
      669.000     0.199896
      670.000     0.198270
      671.000     0.198859
      672.000     0.201325
      673.000     0.202454
      674.000     0.201704
      675.000     0.204953
      676.000     0.199688
      677.000     0.203050
      678.000     0.204619
      679.000     0.208231
      680.000     0.210505
      681.000     0.208293
      682.000     0.209933
      683.000     0.212526
      684.000     0.209853
      685.000     0.208625
      686.000     0.209391
      687.000     0.210162
      688.000     0.209545
      689.000     0.211618
      690.000     0.213508
      691.000     0.215093
      692.000     0.215093
      693.000     0.215705
      694.000     0.218114
      695.000     0.219237
      696.000     0.219067
      697.000     0.220355
      698.000     0.220859
      699.000     0.228305
      700.000     0.221206
      701.000     0.222000
      702.000     0.222319
      703.000     0.223249
      704.000     0.222005
      705.000     0.222462
      706.000     0.223697
      707.000     0.223857
      708.000     0.222900
      709.000     0.226626
      710.000     0.226304
      711.000     0.224765
      712.000     0.228029
      713.000     0.228029
      714.000     0.228946
      715.000     0.228784
      716.000     0.230213
      717.000     0.231428
      718.000     0.234574
      719.000     0.236153
      720.000     0.235818
      721.000     0.233776
      722.000     0.232207
      723.000     0.232792
      724.000     0.232628
      725.000     0.235842
      726.000     0.237931
      727.000     0.239162
      728.000     0.239833
      729.000     0.240170
      730.000     0.242085
      731.000     0.240551
      732.000     0.242350
      733.000     0.243028
      734.000     0.242571
      735.000     0.243416
      736.000     0.244097
      737.000     0.244609
      738.000     0.247561
      739.000     0.246401
      740.000     0.247810
      741.000     0.249938
      742.000     0.249418
      743.000     0.248382
      744.000     0.249072
      745.000     0.248579
      746.000     0.249460
      747.000     0.249804
      748.000     0.247284
      749.000     0.249015
      750.000     0.253725
      751.000     0.255058
      752.000     0.254004
      753.000     0.252957
      754.000     0.251978
      755.000     0.256005
      756.000     0.256181
      757.000     0.256531
      758.000     0.253619
      759.000     0.254255
      760.000     0.254782
      761.000     0.258270
      762.000     0.261245
      763.000     0.260377
      764.000     0.262450
      765.000     0.261089
      766.000     0.260102
      767.000     0.260442
      768.000     0.260338
      769.000     0.262289
      770.000     0.263724
      771.000     0.263544
      772.000     0.267044
      773.000     0.267906
      774.000     0.266815
      775.000     0.264788
      776.000     0.266273
      777.000     0.265291
      778.000     0.265791
      779.000     0.265257
      780.000     0.266769
      781.000     0.269989
      782.000     0.266686
      783.000     0.264579
      784.000     0.267948
      785.000     0.271857
      786.000     0.272346
      787.000     0.272530
      788.000     0.272650
      789.000     0.272768
      790.000     0.271128
      791.000     0.274208
      792.000     0.273502
      793.000     0.273202
      794.000     0.270890
      795.000     0.273318
      796.000     0.276974
      797.000     0.276141
      798.000     0.275350
      799.000     0.275314
      800.000     0.280268
      801.000     0.280528
      802.000     0.280789
      803.000     0.281049
      804.000     0.281309
      805.000     0.281353
      806.000     0.281397
      807.000     0.281441
      808.000     0.281485
      809.000     0.282471
      810.000     0.283458
      811.000     0.284445
      812.000     0.285431
      813.000     0.285702
      814.000     0.285972
      815.000     0.286243
      816.000     0.286514
      817.000     0.286534
      818.000     0.286554
      819.000     0.286573
      820.000     0.286593
      821.000     0.286855
      822.000     0.287117
      823.000     0.287380
      824.000     0.287642
      825.000     0.288075
      826.000     0.288508
      827.000     0.288940
      828.000     0.289373
      829.000     0.289634
      830.000     0.289895
      831.000     0.290156
      832.000     0.290417
      833.000     0.291398
      834.000     0.292379
      835.000     0.293360
      836.000     0.294341
      837.000     0.294493
      838.000     0.294645
      839.000     0.294797
      840.000     0.294949
      841.000     0.295911
      842.000     0.296872
      843.000     0.297834
      844.000     0.298796
      845.000     0.298400
      846.000     0.298003
      847.000     0.297607
      848.000     0.297211
      849.000     0.297776
      850.000     0.298341
      851.000     0.298906
      852.000     0.299471
      853.000     0.299058
      854.000     0.298646
      855.000     0.298234
      856.000     0.297821
      857.000     0.298338
      858.000     0.298855
      859.000     0.299371
      860.000     0.299888
      861.000     0.300239
      862.000     0.300591
      863.000     0.300942
      864.000     0.301293
      865.000     0.301717
      866.000     0.302140
      867.000     0.302564
      868.000     0.302988
      869.000     0.303104
      870.000     0.303221
      871.000     0.303337
      872.000     0.303453
      873.000     0.304562
      874.000     0.305672
      875.000     0.306781
      876.000     0.307890
      877.000     0.308115
      878.000     0.308340
      879.000     0.308566
      880.000     0.308791
      881.000     0.309641
      882.000     0.310491
      883.000     0.311341
      884.000     0.312191
      885.000     0.312504
      886.000     0.312818
      887.000     0.313131
      888.000     0.313444
      889.000     0.313153
      890.000     0.312861
      891.000     0.312569
      892.000     0.312278
      893.000     0.312349
      894.000     0.312420
      895.000     0.312491
      896.000     0.312562
      897.000     0.313349
      898.000     0.314135
      899.000     0.314921
      900.000     0.315708
      901.000     0.316311
      902.000     0.316913
      903.000     0.317516
      904.000     0.318119
      905.000     0.318556
      906.000     0.318994
      907.000     0.319432
      908.000     0.319869
      909.000     0.319537
      910.000     0.319205
      911.000     0.318873
      912.000     0.318541
      913.000     0.319082
      914.000     0.319623
      915.000     0.320163
      916.000     0.320704
      917.000     0.321538
      918.000     0.322372
      919.000     0.323207
      920.000     0.324041
      921.000     0.324235
      922.000     0.324430
      923.000     0.324624
      924.000     0.324818
      925.000     0.325264
      926.000     0.325709
      927.000     0.326155
      928.000     0.326600
      929.000     0.327577
      930.000     0.328553
      931.000     0.329530
      932.000     0.330507
      933.000     0.330554
      934.000     0.330600
      935.000     0.330647
      936.000     0.330693
      937.000     0.330790
      938.000     0.330887
      939.000     0.330985
      940.000     0.331082
      941.000     0.331132
      942.000     0.331182
      943.000     0.331232
      944.000     0.331282
      945.000     0.332408
      946.000     0.333535
      947.000     0.334661
      948.000     0.335787
      949.000     0.335883
      950.000     0.335979
      951.000     0.336075
      952.000     0.336171
      953.000     0.336807
      954.000     0.337444
      955.000     0.338081
      956.000     0.338717
      957.000     0.338568
      958.000     0.338419
      959.000     0.338270
      960.000     0.338121
      961.000     0.338557
      962.000     0.338993
      963.000     0.339430
      964.000     0.339866
      965.000     0.340351
      966.000     0.340837
      967.000     0.341323
      968.000     0.341808
      969.000     0.341901
      970.000     0.341994
      971.000     0.342086
      972.000     0.342179
      973.000     0.342853
      974.000     0.343528
      975.000     0.344203
      976.000     0.344877
      977.000     0.345068
      978.000     0.345259
      979.000     0.345449
      980.000     0.345640
      981.000     0.345931
      982.000     0.346222
      983.000     0.346512
      984.000     0.346803
      985.000     0.347032
      986.000     0.347260
      987.000     0.347489
      988.000     0.347717
      989.000     0.348002
      990.000     0.348287
      991.000     0.348572
      992.000     0.348857
      993.000     0.349695
      994.000     0.350534
      995.000     0.351372
      996.000     0.352210
      997.000     0.351956
      998.000     0.351701
      999.000     0.351447
      1000.00     0.351193
      1001.00     0.352370
      1002.00     0.353548
      1003.00     0.354725
      1004.00     0.355902
      1005.00     0.356432
      1006.00     0.356961
      1007.00     0.357490
      1008.00     0.358020
      1009.00     0.358258
      1010.00     0.358497
      1011.00     0.358736
      1012.00     0.358974
      1013.00     0.359636
      1014.00     0.360298
      1015.00     0.360959
      1016.00     0.361621
      1017.00     0.361754
      1018.00     0.361887
      1019.00     0.362019
      1020.00     0.362152
      1021.00     0.361677
      1022.00     0.361203
      1023.00     0.360729
      1024.00     0.360254
      1025.00     0.360209
      1026.00     0.360165
      1027.00     0.360120
      1028.00     0.360076
      1029.00     0.360186
      1030.00     0.360295
      1031.00     0.360405
      1032.00     0.360515
      1033.00     0.361400
      1034.00     0.362285
      1035.00     0.363170
      1036.00     0.364055
      1037.00     0.364968
      1038.00     0.365881
      1039.00     0.366794
      1040.00     0.367707
      1041.00     0.369514
      1042.00     0.371321
      1043.00     0.373128
      1044.00     0.374935
      1045.00     0.373345
      1046.00     0.371754
      1047.00     0.370164
      1048.00     0.368573
      1049.00     0.368097
      1050.00     0.367621
      1051.00     0.367145
      1052.00     0.366669
      1053.00     0.366823
      1054.00     0.366978
      1055.00     0.367132
      1056.00     0.367287
      1057.00     0.368391
      1058.00     0.369495
      1059.00     0.370599
      1060.00     0.371703
      1061.00     0.372061
      1062.00     0.372420
      1063.00     0.372779
      1064.00     0.373137
      1065.00     0.373024
      1066.00     0.372910
      1067.00     0.372797
      1068.00     0.372683
      1069.00     0.372111
      1070.00     0.371540
      1071.00     0.370968
      1072.00     0.370396
      1073.00     0.371279
      1074.00     0.372161
      1075.00     0.373044
      1076.00     0.373926
      1077.00     0.374012
      1078.00     0.374099
      1079.00     0.374185
      1080.00     0.374271
      1081.00     0.374857
      1082.00     0.375442
      1083.00     0.376028
      1084.00     0.376613
      1085.00     0.377454
      1086.00     0.378295
      1087.00     0.379135
      1088.00     0.379976
      1089.00     0.380767
      1090.00     0.381558
      1091.00     0.382348
      1092.00     0.383139
      1093.00     0.383303
      1094.00     0.383467
      1095.00     0.383632
      1096.00     0.383796
      1097.00     0.383005
      1098.00     0.382215
      1099.00     0.381425
      1100.00     0.380634
      1101.00     0.380784
      1102.00     0.380933
      1103.00     0.381083
      1104.00     0.381233
      1105.00     0.381475
      1106.00     0.381718
      1107.00     0.381960
      1108.00     0.382202
      1109.00     0.382713
      1110.00     0.383225
      1111.00     0.383737
      1112.00     0.384248
      1113.00     0.385142
      1114.00     0.386036
      1115.00     0.386929
      1116.00     0.387823
      1117.00     0.386743
      1118.00     0.385663
      1119.00     0.384583
      1120.00     0.383503
      1121.00     0.383044
      1122.00     0.382585
      1123.00     0.382125
      1124.00     0.381666
      1125.00     0.382507
      1126.00     0.383349
      1127.00     0.384190
      1128.00     0.385031
      1129.00     0.385510
      1130.00     0.385989
      1131.00     0.386467
      1132.00     0.386946
      1133.00     0.387733
      1134.00     0.388519
      1135.00     0.389306
      1136.00     0.390092
      1137.00     0.390258
      1138.00     0.390424
      1139.00     0.390589
      1140.00     0.390755
      1141.00     0.390022
      1142.00     0.389289
      1143.00     0.388556
      1144.00     0.387823
      1145.00     0.389675
      1146.00     0.391526
      1147.00     0.393378
      1148.00     0.395230
      1149.00     0.395521
      1150.00     0.395811
      1151.00     0.396102
      1152.00     0.396393
      1153.00     0.396901
      1154.00     0.397409
      1155.00     0.397918
      1156.00     0.398426
      1157.00     0.398427
      1158.00     0.398428
      1159.00     0.398430
      1160.00     0.398431
      1161.00     0.398400
      1162.00     0.398370
      1163.00     0.398340
      1164.00     0.398309
      1165.00     0.398506
      1166.00     0.398704
      1167.00     0.398901
      1168.00     0.399099
      1169.00     0.399210
      1170.00     0.399320
      1171.00     0.399431
      1172.00     0.399542
      1173.00     0.399709
      1174.00     0.399876
      1175.00     0.400042
      1176.00     0.400209
      1177.00     0.400320
      1178.00     0.400432
      1179.00     0.400543
      1180.00     0.400654
      1181.00     0.401075
      1182.00     0.401496
      1183.00     0.401917
      1184.00     0.402338
      1185.00     0.402950
      1186.00     0.403563
      1187.00     0.404176
      1188.00     0.404788
      1189.00     0.404514
      1190.00     0.404240
      1191.00     0.403965
      1192.00     0.403691
      1193.00     0.404642
      1194.00     0.405593
      1195.00     0.406543
      1196.00     0.407494
      1197.00     0.407551
      1198.00     0.407609
      1199.00     0.407666
      1200.00     0.407723
      1201.00     0.408405
      1202.00     0.409087
      1203.00     0.409769
      1204.00     0.410451
      1205.00     0.410048
      1206.00     0.409645
      1207.00     0.409243
      1208.00     0.408840
      1209.00     0.409456
      1210.00     0.410073
      1211.00     0.410689
      1212.00     0.411305
      1213.00     0.411594
      1214.00     0.411884
      1215.00     0.412173
      1216.00     0.412462
      1217.00     0.411334
      1218.00     0.410206
      1219.00     0.409079
      1220.00     0.407951
      1221.00     0.406161
      1222.00     0.404372
      1223.00     0.402582
      1224.00     0.400793
      1225.00     0.401867
      1226.00     0.402941
      1227.00     0.404016
      1228.00     0.405090
      1229.00     0.406227
      1230.00     0.407364
      1231.00     0.408502
      1232.00     0.409639
      1233.00     0.409968
      1234.00     0.410298
      1235.00     0.410627
      1236.00     0.410956
      1237.00     0.411120
      1238.00     0.411284
      1239.00     0.411448
      1240.00     0.411612
      1241.00     0.411776
      1242.00     0.411940
      1243.00     0.412103
      1244.00     0.412267
      1245.00     0.412256
      1246.00     0.412244
      1247.00     0.412233
      1248.00     0.412222
      1249.00     0.412269
      1250.00     0.412316
      1251.00     0.412363
      1252.00     0.412410
      1253.00     0.412735
      1254.00     0.413059
      1255.00     0.413384
      1256.00     0.413708
      1257.00     0.413037
      1258.00     0.412365
      1259.00     0.411694
      1260.00     0.411023
      1261.00     0.411428
      1262.00     0.411832
      1263.00     0.412237
      1264.00     0.412642
      1265.00     0.414559
      1266.00     0.416475
      1267.00     0.418392
      1268.00     0.420309
      1269.00     0.420751
      1270.00     0.421192
      1271.00     0.421634
      1272.00     0.422076
      1273.00     0.422125
      1274.00     0.422175
      1275.00     0.422225
      1276.00     0.422274
      1277.00     0.422766
      1278.00     0.423257
      1279.00     0.423748
      1280.00     0.424240
      1281.00     0.424240
      1282.00     0.424239
      1283.00     0.424239
      1284.00     0.424238
      1285.00     0.423866
      1286.00     0.423494
      1287.00     0.423121
      1288.00     0.422749
      1289.00     0.422984
      1290.00     0.423218
      1291.00     0.423453
      1292.00     0.423688
      1293.00     0.423610
      1294.00     0.423533
      1295.00     0.423455
      1296.00     0.423377
      1297.00     0.423068
      1298.00     0.422760
      1299.00     0.422451
      1300.00     0.422142
      1301.00     0.422297
      1302.00     0.422451
      1303.00     0.422606
      1304.00     0.422761
      1305.00     0.423323
      1306.00     0.423885
      1307.00     0.424446
      1308.00     0.425008
      1309.00     0.424775
      1310.00     0.424543
      1311.00     0.424311
      1312.00     0.424078
      1313.00     0.424095
      1314.00     0.424111
      1315.00     0.424128
      1316.00     0.424145
      1317.00     0.424163
      1318.00     0.424182
      1319.00     0.424200
      1320.00     0.424218
      1321.00     0.424371
      1322.00     0.424525
      1323.00     0.424679
      1324.00     0.424832
      1325.00     0.425177
      1326.00     0.425523
      1327.00     0.425868
      1328.00     0.426213
      1329.00     0.426924
      1330.00     0.427635
      1331.00     0.428347
      1332.00     0.429058
      1333.00     0.429595
      1334.00     0.430133
      1335.00     0.430670
      1336.00     0.431207
      1337.00     0.431451
      1338.00     0.431695
      1339.00     0.431938
      1340.00     0.432182
      1341.00     0.432366
      1342.00     0.432550
      1343.00     0.432734
      1344.00     0.432918
      1345.00     0.432222
      1346.00     0.431526
      1347.00     0.430829
      1348.00     0.430133
      1349.00     0.429349
      1350.00     0.428564
      1351.00     0.427779
      1352.00     0.426995
      1353.00     0.425681
      1354.00     0.424367
      1355.00     0.423054
      1356.00     0.421740
      1357.00     0.423471
      1358.00     0.425202
      1359.00     0.426934
      1360.00     0.428665
      1361.00     0.428701
      1362.00     0.428738
      1363.00     0.428774
      1364.00     0.428810
      1365.00     0.428494
      1366.00     0.428178
      1367.00     0.427861
      1368.00     0.427545
      1369.00     0.427101
      1370.00     0.426657
      1371.00     0.426212
      1372.00     0.425768
      1373.00     0.424981
      1374.00     0.424194
      1375.00     0.423406
      1376.00     0.422619
      1377.00     0.421991
      1378.00     0.421362
      1379.00     0.420734
      1380.00     0.420105
      1381.00     0.419217
      1382.00     0.418329
      1383.00     0.417441
      1384.00     0.416553
      1385.00     0.416037
      1386.00     0.415522
      1387.00     0.415006
      1388.00     0.414490
      1389.00     0.414230
      1390.00     0.413971
      1391.00     0.413711
      1392.00     0.413451
      1393.00     0.412492
      1394.00     0.411532
      1395.00     0.410573
      1396.00     0.409613
      1397.00     0.409308
      1398.00     0.409004
      1399.00     0.408700
      1400.00     0.408395
      1401.00     0.407418
      1402.00     0.406440
      1403.00     0.405463
      1404.00     0.404485
      1405.00     0.404884
      1406.00     0.405284
      1407.00     0.405683
      1408.00     0.406082
      1409.00     0.407259
      1410.00     0.408435
      1411.00     0.409611
      1412.00     0.410788
      1413.00     0.411960
      1414.00     0.413132
      1415.00     0.414303
      1416.00     0.415475
      1417.00     0.415976
      1418.00     0.416478
      1419.00     0.416979
      1420.00     0.417480
      1421.00     0.417288
      1422.00     0.417096
      1423.00     0.416905
      1424.00     0.416713
      1425.00     0.417536
      1426.00     0.418359
      1427.00     0.419183
      1428.00     0.420006
      1429.00     0.420332
      1430.00     0.420659
      1431.00     0.420985
      1432.00     0.421312
      1433.00     0.421485
      1434.00     0.421659
      1435.00     0.421833
      1436.00     0.422006
      1437.00     0.422217
      1438.00     0.422429
      1439.00     0.422641
      1440.00     0.422852
      1441.00     0.423042
      1442.00     0.423232
      1443.00     0.423423
      1444.00     0.423613
      1445.00     0.424450
      1446.00     0.425286
      1447.00     0.426123
      1448.00     0.426959
      1449.00     0.426593
      1450.00     0.426228
      1451.00     0.425862
      1452.00     0.425496
      1453.00     0.426145
      1454.00     0.426794
      1455.00     0.427443
      1456.00     0.428092
      1457.00     0.427745
      1458.00     0.427397
      1459.00     0.427049
      1460.00     0.426702
      1461.00     0.427108
      1462.00     0.427513
      1463.00     0.427918
      1464.00     0.428324
      1465.00     0.428475
      1466.00     0.428625
      1467.00     0.428776
      1468.00     0.428926
      1469.00     0.429193
      1470.00     0.429460
      1471.00     0.429726
      1472.00     0.429993
      1473.00     0.430394
      1474.00     0.430796
      1475.00     0.431198
      1476.00     0.431599
      1477.00     0.431807
      1478.00     0.432015
      1479.00     0.432223
      1480.00     0.432431
      1481.00     0.432263
      1482.00     0.432096
      1483.00     0.431929
      1484.00     0.431761
      1485.00     0.432342
      1486.00     0.432922
      1487.00     0.433502
      1488.00     0.434083
      1489.00     0.433823
      1490.00     0.433564
      1491.00     0.433304
      1492.00     0.433044
      1493.00     0.433242
      1494.00     0.433439
      1495.00     0.433637
      1496.00     0.433835
      1497.00     0.433394
      1498.00     0.432952
      1499.00     0.432510
      1500.00     0.432069
      1501.00     0.432270
      1502.00     0.432470
      1503.00     0.432671
      1504.00     0.432871
      1505.00     0.433461
      1506.00     0.434051
      1507.00     0.434641
      1508.00     0.435231
      1509.00     0.436008
      1510.00     0.436785
      1511.00     0.437561
      1512.00     0.438338
      1513.00     0.439633
      1514.00     0.440928
      1515.00     0.442222
      1516.00     0.443517
      1517.00     0.443278
      1518.00     0.443040
      1519.00     0.442802
      1520.00     0.442563
      1521.00     0.442326
      1522.00     0.442088
      1523.00     0.441851
      1524.00     0.441613
      1525.00     0.441732
      1526.00     0.441851
      1527.00     0.441969
      1528.00     0.442088
      1529.00     0.442095
      1530.00     0.442101
      1531.00     0.442108
      1532.00     0.442115
      1533.00     0.442483
      1534.00     0.442852
      1535.00     0.443220
      1536.00     0.443589
      1537.00     0.445159
      1538.00     0.446728
      1539.00     0.448298
      1540.00     0.449868
      1541.00     0.449206
      1542.00     0.448544
      1543.00     0.447881
      1544.00     0.447219
      1545.00     0.446539
      1546.00     0.445859
      1547.00     0.445179
      1548.00     0.444499
      1549.00     0.443975
      1550.00     0.443450
      1551.00     0.442926
      1552.00     0.442401
      1553.00     0.443044
      1554.00     0.443687
      1555.00     0.444331
      1556.00     0.444974
      1557.00     0.444627
      1558.00     0.444280
      1559.00     0.443933
      1560.00     0.443586
      1561.00     0.443527
      1562.00     0.443467
      1563.00     0.443408
      1564.00     0.443348
      1565.00     0.443646
      1566.00     0.443943
      1567.00     0.444241
      1568.00     0.444538
      1569.00     0.445508
      1570.00     0.446478
      1571.00     0.447449
      1572.00     0.448419
      1573.00     0.449189
      1574.00     0.449959
      1575.00     0.450729
      1576.00     0.451499
      1577.00     0.451763
      1578.00     0.452027
      1579.00     0.452292
      1580.00     0.452556
      1581.00     0.452313
      1582.00     0.452071
      1583.00     0.451828
      1584.00     0.451585
      1585.00     0.450840
      1586.00     0.450095
      1587.00     0.449349
      1588.00     0.448604
      1589.00     0.448245
      1590.00     0.447887
      1591.00     0.447528
      1592.00     0.447169
      1593.00     0.448135
      1594.00     0.449102
      1595.00     0.450068
      1596.00     0.451034
      1597.00     0.451585
      1598.00     0.452136
      1599.00     0.452686
      1600.00     0.453237
      1601.00     0.453336
      1602.00     0.453435
      1603.00     0.453535
      1604.00     0.453634
      1605.00     0.454357
      1606.00     0.455081
      1607.00     0.455804
      1608.00     0.456527
      1609.00     0.456849
      1610.00     0.457172
      1611.00     0.457494
      1612.00     0.457817
      1613.00     0.456787
      1614.00     0.455758
      1615.00     0.454728
      1616.00     0.453699
      1617.00     0.454441
      1618.00     0.455184
      1619.00     0.455926
      1620.00     0.456668
      1621.00     0.456269
      1622.00     0.455869
      1623.00     0.455469
      1624.00     0.455070
      1625.00     0.454851
      1626.00     0.454632
      1627.00     0.454413
      1628.00     0.454194
      1629.00     0.454437
      1630.00     0.454680
      1631.00     0.454923
      1632.00     0.455166
      1633.00     0.454498
      1634.00     0.453829
      1635.00     0.453160
      1636.00     0.452492
      1637.00     0.453458
      1638.00     0.454425
      1639.00     0.455391
      1640.00     0.456357
      1641.00     0.456698
      1642.00     0.457039
      1643.00     0.457380
      1644.00     0.457721
      1645.00     0.457884
      1646.00     0.458047
      1647.00     0.458210
      1648.00     0.458373
      1649.00     0.457506
      1650.00     0.456638
      1651.00     0.455771
      1652.00     0.454904
      1653.00     0.455484
      1654.00     0.456064
      1655.00     0.456644
      1656.00     0.457224
      1657.00     0.456423
      1658.00     0.455622
      1659.00     0.454821
      1660.00     0.454020
      1661.00     0.454682
      1662.00     0.455344
      1663.00     0.456006
      1664.00     0.456668
      1665.00     0.456387
      1666.00     0.456105
      1667.00     0.455824
      1668.00     0.455542
      1669.00     0.456201
      1670.00     0.456861
      1671.00     0.457521
      1672.00     0.458180
      1673.00     0.457419
      1674.00     0.456658
      1675.00     0.455898
      1676.00     0.455137
      1677.00     0.455656
      1678.00     0.456175
      1679.00     0.456694
      1680.00     0.457213
      1681.00     0.457509
      1682.00     0.457805
      1683.00     0.458101
      1684.00     0.458397
      1685.00     0.457462
      1686.00     0.456527
      1687.00     0.455592
      1688.00     0.454657
      1689.00     0.455835
      1690.00     0.457013
      1691.00     0.458191
      1692.00     0.459369
      1693.00     0.459065
      1694.00     0.458762
      1695.00     0.458458
      1696.00     0.458155
      1697.00     0.457577
      1698.00     0.457000
      1699.00     0.456423
      1700.00     0.455845
      1701.00     0.455845
      1702.00     0.455845
      1703.00     0.455845
      1704.00     0.455845
      1705.00     0.456681
      1706.00     0.457518
      1707.00     0.458354
      1708.00     0.459190
      1709.00     0.458992
      1710.00     0.458793
      1711.00     0.458595
      1712.00     0.458397
      1713.00     0.457800
      1714.00     0.457204
      1715.00     0.456607
      1716.00     0.456010
      1717.00     0.456192
      1718.00     0.456374
      1719.00     0.456556
      1720.00     0.456738
      1721.00     0.456964
      1722.00     0.457190
      1723.00     0.457415
      1724.00     0.457641
      1725.00     0.457177
      1726.00     0.456712
      1727.00     0.456248
      1728.00     0.455783
      1729.00     0.455961
      1730.00     0.456140
      1731.00     0.456318
      1732.00     0.456496
      1733.00     0.456513
      1734.00     0.456531
      1735.00     0.456549
      1736.00     0.456566
      1737.00     0.457475
      1738.00     0.458384
      1739.00     0.459293
      1740.00     0.460202
      1741.00     0.459154
      1742.00     0.458106
      1743.00     0.457058
      1744.00     0.456010
      1745.00     0.456070
      1746.00     0.456130
      1747.00     0.456190
      1748.00     0.456250
      1749.00     0.456092
      1750.00     0.455934
      1751.00     0.455776
      1752.00     0.455618
      1753.00     0.455399
      1754.00     0.455179
      1755.00     0.454960
      1756.00     0.454741
      1757.00     0.455344
      1758.00     0.455947
      1759.00     0.456551
      1760.00     0.457154
      1761.00     0.457232
      1762.00     0.457310
      1763.00     0.457388
      1764.00     0.457466
      1765.00     0.456944
      1766.00     0.456422
      1767.00     0.455900
      1768.00     0.455378
      1769.00     0.455857
      1770.00     0.456335
      1771.00     0.456813
      1772.00     0.457292
      1773.00     0.458071
      1774.00     0.458849
      1775.00     0.459628
      1776.00     0.460407
      1777.00     0.460326
      1778.00     0.460246
      1779.00     0.460166
      1780.00     0.460085
      1781.00     0.460421
      1782.00     0.460757
      1783.00     0.461094
      1784.00     0.461430
      1785.00     0.462682
      1786.00     0.463935
      1787.00     0.465187
      1788.00     0.466439
      1789.00     0.465874
      1790.00     0.465308
      1791.00     0.464743
      1792.00     0.464178
      1793.00     0.463690
      1794.00     0.463203
      1795.00     0.462716
      1796.00     0.462228
      1797.00     0.462092
      1798.00     0.461956
      1799.00     0.461820
      1800.00     0.461684
      1801.00     0.461684
      1802.00     0.461684
      1803.00     0.461684
      1804.00     0.461684
      1805.00     0.461395
      1806.00     0.461105
      1807.00     0.460816
      1808.00     0.460527
      1809.00     0.461060
      1810.00     0.461592
      1811.00     0.462124
      1812.00     0.462657
      1813.00     0.462976
      1814.00     0.463295
      1815.00     0.463614
      1816.00     0.463933
      1817.00     0.463825
      1818.00     0.463717
      1819.00     0.463609
      1820.00     0.463501
      1821.00     0.463062
      1822.00     0.462623
      1823.00     0.462183
      1824.00     0.461744
      1825.00     0.460665
      1826.00     0.459587
      1827.00     0.458508
      1828.00     0.457429
      1829.00     0.457265
      1830.00     0.457100
      1831.00     0.456936
      1832.00     0.456771
      1833.00     0.457660
      1834.00     0.458549
      1835.00     0.459437
      1836.00     0.460326
      1837.00     0.460357
      1838.00     0.460387
      1839.00     0.460418
      1840.00     0.460449
      1841.00     0.460928
      1842.00     0.461407
      1843.00     0.461886
      1844.00     0.462365
      1845.00     0.462546
      1846.00     0.462727
      1847.00     0.462907
      1848.00     0.463088
      1849.00     0.461315
      1850.00     0.459541
      1851.00     0.457768
      1852.00     0.455995
      1853.00     0.456918
      1854.00     0.457842
      1855.00     0.458765
      1856.00     0.459688
      1857.00     0.458588
      1858.00     0.457489
      1859.00     0.456389
      1860.00     0.455289
      1861.00     0.454655
      1862.00     0.454020
      1863.00     0.453386
      1864.00     0.452751
      1865.00     0.451862
      1866.00     0.450972
      1867.00     0.450083
      1868.00     0.449194
      1869.00     0.447546
      1870.00     0.445898
      1871.00     0.444251
      1872.00     0.442603
      1873.00     0.441139
      1874.00     0.439676
      1875.00     0.438213
      1876.00     0.436749
      1877.00     0.433799
      1878.00     0.430849
      1879.00     0.427899
      1880.00     0.424949
      1881.00     0.422640
      1882.00     0.420330
      1883.00     0.418021
      1884.00     0.415712
      1885.00     0.412231
      1886.00     0.408751
      1887.00     0.405270
      1888.00     0.401789
      1889.00     0.399348
      1890.00     0.396906
      1891.00     0.394465
      1892.00     0.392024
      1893.00     0.388309
      1894.00     0.384595
      1895.00     0.380880
      1896.00     0.377165
      1897.00     0.375465
      1898.00     0.373765
      1899.00     0.372064
      1900.00     0.370364
      1901.00     0.369630
      1902.00     0.368896
      1903.00     0.368162
      1904.00     0.367428
      1905.00     0.366954
      1906.00     0.366480
      1907.00     0.366006
      1908.00     0.365532
      1909.00     0.365968
      1910.00     0.366405
      1911.00     0.366841
      1912.00     0.367277
      1913.00     0.367801
      1914.00     0.368324
      1915.00     0.368847
      1916.00     0.369371
      1917.00     0.370153
      1918.00     0.370934
      1919.00     0.371716
      1920.00     0.372498
      1921.00     0.373798
      1922.00     0.375098
      1923.00     0.376397
      1924.00     0.377697
      1925.00     0.378858
      1926.00     0.380019
      1927.00     0.381179
      1928.00     0.382340
      1929.00     0.382814
      1930.00     0.383288
      1931.00     0.383762
      1932.00     0.384236
      1933.00     0.384759
      1934.00     0.385282
      1935.00     0.385806
      1936.00     0.386329
      1937.00     0.387211
      1938.00     0.388092
      1939.00     0.388974
      1940.00     0.389856
      1941.00     0.390153
      1942.00     0.390449
      1943.00     0.390746
      1944.00     0.391043
      1945.00     0.391980
      1946.00     0.392916
      1947.00     0.393853
      1948.00     0.394789
      1949.00     0.394881
      1950.00     0.394973
      1951.00     0.395064
      1952.00     0.395156
      1953.00     0.395355
      1954.00     0.395555
      1955.00     0.395755
      1956.00     0.395954
      1957.00     0.396724
      1958.00     0.397494
      1959.00     0.398264
      1960.00     0.399034
      1961.00     0.399624
      1962.00     0.400214
      1963.00     0.400805
      1964.00     0.401395
      1965.00     0.401688
      1966.00     0.401981
      1967.00     0.402274
      1968.00     0.402567
      1969.00     0.402959
      1970.00     0.403351
      1971.00     0.403743
      1972.00     0.404135
      1973.00     0.404589
      1974.00     0.405043
      1975.00     0.405496
      1976.00     0.405950
      1977.00     0.406670
      1978.00     0.407390
      1979.00     0.408110
      1980.00     0.408830
      1981.00     0.409849
      1982.00     0.410868
      1983.00     0.411886
      1984.00     0.412905
      1985.00     0.414025
      1986.00     0.415146
      1987.00     0.416266
      1988.00     0.417386
      1989.00     0.417578
      1990.00     0.417769
      1991.00     0.417961
      1992.00     0.418152
      1993.00     0.420025
      1994.00     0.421897
      1995.00     0.423770
      1996.00     0.425642
      1997.00     0.425563
      1998.00     0.425485
      1999.00     0.425406
      2000.00     0.425327
      2001.00     0.425029
      2002.00     0.424731
      2003.00     0.424433
      2004.00     0.424135
      2005.00     0.424383
      2006.00     0.424632
      2007.00     0.424880
      2008.00     0.425128
      2009.00     0.425631
      2010.00     0.426134
      2011.00     0.426638
      2012.00     0.427141
      2013.00     0.428039
      2014.00     0.428937
      2015.00     0.429836
      2016.00     0.430734
      2017.00     0.431404
      2018.00     0.432074
      2019.00     0.432744
      2020.00     0.433414
      2021.00     0.434110
      2022.00     0.434806
      2023.00     0.435502
      2024.00     0.436198
      2025.00     0.436474
      2026.00     0.436751
      2027.00     0.437027
      2028.00     0.437303
      2029.00     0.437273
      2030.00     0.437243
      2031.00     0.437212
      2032.00     0.437182
      2033.00     0.436078
      2034.00     0.434973
      2035.00     0.433869
      2036.00     0.432764
      2037.00     0.433645
      2038.00     0.434527
      2039.00     0.435408
      2040.00     0.436289
      2041.00     0.436538
      2042.00     0.436787
      2043.00     0.437036
      2044.00     0.437285
      2045.00     0.436672
      2046.00     0.436059
      2047.00     0.435446
      2048.00     0.434833
      2049.00     0.435411
      2050.00     0.435990
      2051.00     0.436568
      2052.00     0.437147
      2053.00     0.437673
      2054.00     0.438199
      2055.00     0.438724
      2056.00     0.439250
      2057.00     0.439107
      2058.00     0.438965
      2059.00     0.438823
      2060.00     0.438680
      2061.00     0.438847
      2062.00     0.439014
      2063.00     0.439181
      2064.00     0.439348
      2065.00     0.440057
      2066.00     0.440767
      2067.00     0.441476
      2068.00     0.442186
      2069.00     0.441962
      2070.00     0.441739
      2071.00     0.441516
      2072.00     0.441292
      2073.00     0.440641
      2074.00     0.439989
      2075.00     0.439338
      2076.00     0.438687
      2077.00     0.438750
      2078.00     0.438813
      2079.00     0.438876
      2080.00     0.439166
      2081.00     0.439835
      2082.00     0.439968
      2083.00     0.440155
      2084.00     0.440160
      2085.00     0.440102
      2086.00     0.440028
      2087.00     0.439949
      2088.00     0.439921
      2089.00     0.439965
      2090.00     0.440095
      2091.00     0.440291
      2092.00     0.440498
      2093.00     0.440663
      2094.00     0.440732
      2095.00     0.440741
      2096.00     0.440740
      2097.00     0.440790
      2098.00     0.440899
      2099.00     0.441041
      2100.00     0.441127
      2101.00     0.441135
      2102.00     0.441087
      2103.00     0.441026
      2104.00     0.441008
      2105.00     0.441045
      2106.00     0.441103
      2107.00     0.441157
      2108.00     0.441195
      2109.00     0.441219
      2110.00     0.441235
      2111.00     0.441220
      2112.00     0.441162
      2113.00     0.441064
      2114.00     0.440980
      2115.00     0.440954
      2116.00     0.441032
      2117.00     0.441228
      2118.00     0.441439
      2119.00     0.441633
      2120.00     0.441769
      2121.00     0.441851
      2122.00     0.441917
      2123.00     0.441979
      2124.00     0.442042
      2125.00     0.442088
      2126.00     0.442087
      2127.00     0.442033
      2128.00     0.441931
      2129.00     0.441820
      2130.00     0.441729
      2131.00     0.441672
      2132.00     0.441653
      2133.00     0.441647
      2134.00     0.441611
      2135.00     0.441513
      2136.00     0.441313
      2137.00     0.441061
      2138.00     0.440796
      2139.00     0.440573
      2140.00     0.440419
      2141.00     0.440339
      2142.00     0.440301
      2143.00     0.440249
      2144.00     0.440139
      2145.00     0.439930
      2146.00     0.439619
      2147.00     0.439203
      2148.00     0.438762
      2149.00     0.438312
      2150.00     0.437893
      2151.00     0.437537
      2152.00     0.437252
      2153.00     0.437021
      2154.00     0.436788
      2155.00     0.436509
      2156.00     0.436167
      2157.00     0.435772
      2158.00     0.435352
      2159.00     0.434932
      2160.00     0.434520
      2161.00     0.434105
      2162.00     0.433675
      2163.00     0.433236
      2164.00     0.432811
      2165.00     0.432425
      2166.00     0.432093
      2167.00     0.431804
      2168.00     0.431525
      2169.00     0.431225
      2170.00     0.430893
      2171.00     0.430538
      2172.00     0.430174
      2173.00     0.429803
      2174.00     0.429418
      2175.00     0.428987
      2176.00     0.428451
      2177.00     0.427845
      2178.00     0.427198
      2179.00     0.426549
      2180.00     0.425918
      2181.00     0.425361
      2182.00     0.424726
      2183.00     0.424040
      2184.00     0.423281
      2185.00     0.422482
      2186.00     0.421650
      2187.00     0.420724
      2188.00     0.419778
      2189.00     0.418899
      2190.00     0.418003
      2191.00     0.417101
      2192.00     0.416225
      2193.00     0.415458
      2194.00     0.414640
      2195.00     0.413862
      2196.00     0.413158
      2197.00     0.412536
      2198.00     0.411905
      2199.00     0.411300
      2200.00     0.410646
      2201.00     0.409866
      2202.00     0.409033
      2203.00     0.408069
      2204.00     0.407026
      2205.00     0.406122
      2206.00     0.405313
      2207.00     0.404875
      2208.00     0.404867
      2209.00     0.405366
      2210.00     0.406242
      2211.00     0.407484
      2212.00     0.408817
      2213.00     0.410192
      2214.00     0.411444
      2215.00     0.412584
      2216.00     0.413614
      2217.00     0.414614
      2218.00     0.415483
      2219.00     0.416325
      2220.00     0.417049
      2221.00     0.417734
      2222.00     0.418305
      2223.00     0.418841
      2224.00     0.419420
      2225.00     0.419950
      2226.00     0.420520
      2227.00     0.421004
      2228.00     0.421448
      2229.00     0.421791
      2230.00     0.422095
      2231.00     0.422346
      2232.00     0.422582
      2233.00     0.422799
      2234.00     0.422967
      2235.00     0.423080
      2236.00     0.423138
      2237.00     0.423171
      2238.00     0.423211
      2239.00     0.423280
      2240.00     0.423390
      2241.00     0.423519
      2242.00     0.423638
      2243.00     0.423724
      2244.00     0.423765
      2245.00     0.423745
      2246.00     0.423690
      2247.00     0.423621
      2248.00     0.423588
      2249.00     0.423617
      2250.00     0.423716
      2251.00     0.423898
      2252.00     0.424099
      2253.00     0.424291
      2254.00     0.424438
      2255.00     0.424525
      2256.00     0.424564
      2257.00     0.424574
      2258.00     0.424589
      2259.00     0.424631
      2260.00     0.424715
      2261.00     0.424843
      2262.00     0.425015
      2263.00     0.425188
      2264.00     0.425356
      2265.00     0.425496
      2266.00     0.425593
      2267.00     0.425637
      2268.00     0.425631
      2269.00     0.425588
      2270.00     0.425538
      2271.00     0.425503
      2272.00     0.425488
      2273.00     0.425481
      2274.00     0.425450
      2275.00     0.425345
      2276.00     0.425163
      2277.00     0.424902
      2278.00     0.424592
      2279.00     0.424286
      2280.00     0.424024
      2281.00     0.423799
      2282.00     0.423631
      2283.00     0.423485
      2284.00     0.423315
      2285.00     0.423081
      2286.00     0.422758
      2287.00     0.422349
      2288.00     0.421883
      2289.00     0.421401
      2290.00     0.420945
      2291.00     0.420543
      2292.00     0.420214
      2293.00     0.419960
      2294.00     0.419737
      2295.00     0.419544
      2296.00     0.419363
      2297.00     0.419171
      2298.00     0.418957
      2299.00     0.418733
      2300.00     0.418454
      2301.00     0.418155
      2302.00     0.417859
      2303.00     0.417580
      2304.00     0.417338
      2305.00     0.417074
      2306.00     0.416795
      2307.00     0.416491
      2308.00     0.416187
      2309.00     0.415856
      2310.00     0.415539
      2311.00     0.415282
      2312.00     0.415059
      2313.00     0.414876
      2314.00     0.414741
      2315.00     0.414623
      2316.00     0.414506
      2317.00     0.414383
      2318.00     0.414234
      2319.00     0.414031
      2320.00     0.413787
      2321.00     0.413500
      2322.00     0.413158
      2323.00     0.412802
      2324.00     0.412446
      2325.00     0.412069
      2326.00     0.411702
      2327.00     0.411303
      2328.00     0.410910
      2329.00     0.410469
      2330.00     0.410051
      2331.00     0.409592
      2332.00     0.409185
      2333.00     0.408756
      2334.00     0.408374
      2335.00     0.407964
      2336.00     0.407556
      2337.00     0.407091
      2338.00     0.406600
      2339.00     0.406055
      2340.00     0.405494
      2341.00     0.404924
      2342.00     0.404375
      2343.00     0.403868
      2344.00     0.403396
      2345.00     0.402990
      2346.00     0.402614
      2347.00     0.402253
      2348.00     0.401947
      2349.00     0.401675
      2350.00     0.401424
      2351.00     0.401248
      2352.00     0.401120
      2353.00     0.401033
      2354.00     0.400994
      2355.00     0.400983
      2356.00     0.400985
      2357.00     0.400982
      2358.00     0.400954
      2359.00     0.400890
      2360.00     0.400777
      2361.00     0.400605
      2362.00     0.400403
      2363.00     0.400179
      2364.00     0.399949
      2365.00     0.399702
      2366.00     0.399491
      2367.00     0.399286
      2368.00     0.399076
      2369.00     0.398851
      2370.00     0.398583
      2371.00     0.398289
      2372.00     0.397985
      2373.00     0.397667
      2374.00     0.397344
      2375.00     0.397023
      2376.00     0.396709
      2377.00     0.396401
      2378.00     0.396094
      2379.00     0.395749
      2380.00     0.395416
      2381.00     0.395074
      2382.00     0.394729
      2383.00     0.394391
      2384.00     0.394077
      2385.00     0.393802
      2386.00     0.393572
      2387.00     0.393387
      2388.00     0.393241
      2389.00     0.393114
      2390.00     0.392989
      2391.00     0.392857
      2392.00     0.392711
      2393.00     0.392560
      2394.00     0.392408
      2395.00     0.392262
      2396.00     0.392119
      2397.00     0.391976
      2398.00     0.391823
      2399.00     0.391620
      2400.00     0.391365
      2401.00     0.391059
      2402.00     0.390710
      2403.00     0.390329
      2404.00     0.389934
      2405.00     0.389536
      2406.00     0.389156
      2407.00     0.388802
      2408.00     0.388438
      2409.00     0.388087
      2410.00     0.387738
      2411.00     0.387377
      2412.00     0.387013
      2413.00     0.386593
      2414.00     0.386102
      2415.00     0.385556
      2416.00     0.384986
      2417.00     0.384429
      2418.00     0.383831
      2419.00     0.383254
      2420.00     0.382704
      2421.00     0.382205
      2422.00     0.381686
      2423.00     0.381128
      2424.00     0.380557
      2425.00     0.379976
      2426.00     0.379326
      2427.00     0.378657
      2428.00     0.378043
      2429.00     0.377399
      2430.00     0.376799
      2431.00     0.376206
      2432.00     0.375597
      2433.00     0.375007
      2434.00     0.374450
      2435.00     0.373845
      2436.00     0.373294
      2437.00     0.372711
      2438.00     0.372167
      2439.00     0.371636
      2440.00     0.371129
      2441.00     0.370669
      2442.00     0.370216
      2443.00     0.369833
      2444.00     0.369448
      2445.00     0.369095
      2446.00     0.368726
      2447.00     0.368340
      2448.00     0.367935
      2449.00     0.367482
      2450.00     0.367036
      2451.00     0.366545
      2452.00     0.366109
      2453.00     0.365705
      2454.00     0.365317
      2455.00     0.364958
      2456.00     0.364629
      2457.00     0.364281
      2458.00     0.363944
      2459.00     0.363571
      2460.00     0.363143
      2461.00     0.362704
      2462.00     0.362273
      2463.00     0.361851
      2464.00     0.361457
      2465.00     0.361073
      2466.00     0.360756
      2467.00     0.360460
      2468.00     0.360159
      2469.00     0.359854
      2470.00     0.359558
      2471.00     0.359250
      2472.00     0.358944
      2473.00     0.358646
      2474.00     0.358346
      2475.00     0.358061
      2476.00     0.357785
      2477.00     0.357495
      2478.00     0.357168
      2479.00     0.356792
      2480.00     0.356374
      2481.00     0.355901
      2482.00     0.355408
      2483.00     0.354953
      2484.00     0.354532
      2485.00     0.354175
      2486.00     0.353867
      2487.00     0.353594
      2488.00     0.353342
      2489.00     0.353093
      2490.00     0.352825
      2491.00     0.352527
      2492.00     0.352214
      2493.00     0.351906
      2494.00     0.351616
      2495.00     0.351354
      2496.00     0.351127
      2497.00     0.350928
      2498.00     0.350727
      2499.00     0.350504
      2500.00     0.350248
