      400.000     0.000000
      401.000     0.000000
      402.000     0.000000
      403.000     0.000000
      404.000     0.000000
      405.000     0.000000
      406.000     0.000000
      407.000     0.000000
      408.000     0.000000
      409.000     0.000000
      410.000     0.000000
      411.000     0.000000
      412.000     0.000000
      413.000     0.000000
      414.000     0.000000
      415.000     0.000000
      416.000     0.000000
      417.000     0.000000
      418.000     0.000000
      419.000     0.000000
      420.000     0.000000
      421.000     0.000000
      422.000     0.000000
      423.000     0.000000
      424.000     0.000000
      425.000     0.000000
      426.000     0.000000
      427.000     0.000000
      428.000     0.000000
      429.000     0.000000
      430.000     0.000000
      431.000     0.000000
      432.000     0.000000
      433.000     0.000000
      434.000     0.000000
      435.000     0.000000
      436.000     0.000000
      437.000     0.000000
      438.000     0.000000
      439.000     0.000000
      440.000     0.000000
      441.000     0.000000
      442.000     0.000000
      443.000     0.000000
      444.000     0.000000
      445.000     0.000000
      446.000     0.000000
      447.000     0.000000
      448.000     0.000000
      449.000     0.000000
      450.000     0.000000
      451.000     0.000000
      452.000     0.000000
      453.000     0.000000
      454.000     0.000000
      455.000     0.000000
      456.000     0.000000
      457.000     0.000000
      458.000     0.000000
      459.000     0.000000
      460.000  0.000651000
      461.000   0.00386000
      462.000   0.00282500
      463.000   0.00159600
      464.000   0.00271200
      465.000   0.00249200
      466.000   0.00359600
      467.000   0.00359600
      468.000   0.00364300
      469.000   0.00280100
      470.000   0.00507700
      471.000   0.00595200
      472.000   0.00464700
      473.000   0.00479000
      474.000   0.00493300
      475.000   0.00595200
      476.000   0.00707100
      477.000   0.00499400
      478.000   0.00834400
      479.000   0.00834400
      480.000   0.00957100
      481.000   0.00934700
      482.000    0.0103490
      483.000    0.0101180
      484.000    0.0100020
      485.000    0.0104660
      486.000    0.0115840
      487.000    0.0122740
      488.000    0.0122740
      489.000    0.0123350
      490.000    0.0136970
      491.000    0.0145660
      492.000    0.0144390
      493.000    0.0125800
      494.000    0.0144390
      495.000    0.0144390
      496.000    0.0141230
      497.000    0.0175680
      498.000    0.0194660
      499.000    0.0193230
      500.000    0.0191100
      501.000    0.0198100
      502.000    0.0207899
      503.000    0.0184961
      504.000    0.0172450
      505.000    0.0173960
      506.000    0.0207180
      507.000    0.0204300
      508.000    0.0225209
      509.000    0.0231940
      510.000    0.0266390
      511.000    0.0265590
      512.000    0.0263990
      513.000    0.0265590
      514.000    0.0267990
      515.000    0.0281730
      516.000    0.0290220
      517.000    0.0312890
      518.000    0.0309530
      519.000    0.0317520
      520.000    0.0318100
      521.000    0.0324780
      522.000    0.0341240
      523.000    0.0349860
      524.000    0.0340780
      525.000    0.0341670
      526.000    0.0340780
      527.000    0.0339430
      528.000    0.0368430
      529.000    0.0368430
      530.000    0.0363010
      531.000    0.0372110
      532.000    0.0382560
      533.000    0.0403920
      534.000    0.0403920
      535.000    0.0401540
      536.000    0.0402500
      537.000    0.0430240
      538.000    0.0444330
      539.000    0.0462310
      540.000    0.0460250
      541.000    0.0478560
      542.000    0.0474950
      543.000    0.0472880
      544.000    0.0504350
      545.000    0.0506230
      546.000    0.0506230
      547.000    0.0524210
      548.000    0.0540130
      549.000    0.0554260
      550.000    0.0561240
      551.000    0.0553860
      552.000    0.0560870
      553.000    0.0558640
      554.000    0.0587650
      555.000    0.0605920
      556.000    0.0602420
      557.000    0.0598930
      558.000    0.0602420
      559.000    0.0572780
      560.000    0.0584250
      561.000    0.0592280
      562.000    0.0631950
      563.000    0.0642280
      564.000    0.0650130
      565.000    0.0628880
      566.000    0.0681000
      567.000    0.0682300
      568.000    0.0662300
      569.000    0.0675100
      570.000    0.0689200
      571.000    0.0699600
      572.000    0.0704800
      573.000    0.0715200
      574.000    0.0746400
      575.000    0.0729600
      576.000    0.0751800
      577.000    0.0772900
      578.000    0.0761200
      579.000    0.0761200
      580.000    0.0775900
      581.000    0.0775900
      582.000    0.0801900
      583.000    0.0797700
      584.000    0.0819000
      585.000    0.0840900
      586.000    0.0864500
      587.000    0.0864600
      588.000    0.0883700
      589.000    0.0882100
      590.000    0.0889600
      591.000    0.0884400
      592.000    0.0898000
      593.000    0.0913300
      594.000    0.0898000
      595.000    0.0881700
      596.000    0.0931800
      597.000    0.0908900
      598.000    0.0918100
      599.000    0.0936300
      600.000    0.0925500
      601.000    0.0931500
      602.000    0.0949000
      603.000    0.0925300
      604.000    0.0929700
      605.000    0.0928200
      606.000    0.0957400
      607.000    0.0966200
      608.000    0.0941400
      609.000    0.0987100
      610.000    0.0965300
      611.000    0.0983900
      612.000    0.0991100
      613.000    0.0997000
      614.000    0.0975900
      615.000    0.0989900
      616.000    0.0983100
      617.000    0.0982400
      618.000    0.0985500
      619.000    0.0987100
      620.000    0.0997700
      621.000    0.0991800
      622.000    0.0972100
      623.000     0.100380
      624.000     0.101800
      625.000     0.101020
      626.000     0.103480
      627.000     0.101580
      628.000     0.101420
      629.000     0.102050
      630.000     0.104510
      631.000     0.102370
      632.000     0.103530
      633.000     0.101810
      634.000     0.104550
      635.000     0.105210
      636.000     0.105710
      637.000     0.104120
      638.000     0.103760
      639.000     0.104720
      640.000     0.108830
      641.000     0.109670
      642.000     0.108640
      643.000     0.107990
      644.000     0.105410
      645.000     0.108850
      646.000     0.106920
      647.000     0.106600
      648.000     0.109180
      649.000     0.111050
      650.000     0.109940
      651.000     0.112080
      652.000     0.109600
      653.000     0.109130
      654.000     0.111680
      655.000     0.112530
      656.000     0.113050
      657.000     0.115190
      658.000     0.115170
      659.000     0.113390
      660.000     0.114080
      661.000     0.115120
      662.000     0.115460
      663.000     0.114600
      664.000     0.115110
      665.000     0.116820
      666.000     0.115450
      667.000     0.118040
      668.000     0.119610
      669.000     0.117520
      670.000     0.116640
      671.000     0.117670
      672.000     0.118550
      673.000     0.120110
      674.000     0.121690
      675.000     0.122370
      676.000     0.121150
      677.000     0.120970
      678.000     0.121280
      679.000     0.123700
      680.000     0.120390
      681.000     0.120750
      682.000     0.122980
      683.000     0.124180
      684.000     0.125390
      685.000     0.125210
      686.000     0.125180
      687.000     0.125000
      688.000     0.126790
      689.000     0.125730
      690.000     0.124460
      691.000     0.126240
      692.000     0.126790
      693.000     0.129040
      694.000     0.129880
      695.000     0.129880
      696.000     0.131670
      697.000     0.130130
      698.000     0.132170
      699.000     0.139870
      700.000     0.132540
      701.000     0.133570
      702.000     0.133010
      703.000     0.132890
      704.000     0.133900
      705.000     0.135280
      706.000     0.135090
      707.000     0.135470
      708.000     0.134470
      709.000     0.136110
      710.000     0.136290
      711.000     0.136290
      712.000     0.135530
      713.000     0.137300
      714.000     0.138060
      715.000     0.140110
      716.000     0.140110
      717.000     0.140730
      718.000     0.138360
      719.000     0.137980
      720.000     0.138270
      721.000     0.139260
      722.000     0.141020
      723.000     0.139410
      724.000     0.139270
      725.000     0.139840
      726.000     0.139460
      727.000     0.141410
      728.000     0.141220
      729.000     0.141220
      730.000     0.143610
      731.000     0.143820
      732.000     0.145000
      733.000     0.145390
      734.000     0.145000
      735.000     0.145000
      736.000     0.147400
      737.000     0.145210
      738.000     0.145410
      739.000     0.146210
      740.000     0.147410
      741.000     0.146010
      742.000     0.146010
      743.000     0.147010
      744.000     0.146210
      745.000     0.147010
      746.000     0.146020
      747.000     0.146820
      748.000     0.146230
      749.000     0.147010
      750.000     0.149010
      751.000     0.147820
      752.000     0.149010
      753.000     0.149010
      754.000     0.150010
      755.000     0.149010
      756.000     0.149810
      757.000     0.149810
      758.000     0.149020
      759.000     0.148820
      760.000     0.149220
      761.000     0.150210
      762.000     0.151610
      763.000     0.152020
      764.000     0.150410
      765.000     0.151000
      766.000     0.152990
      767.000     0.154770
      768.000     0.152390
      769.000     0.151020
      770.000     0.152790
      771.000     0.150820
      772.000     0.152390
      773.000     0.153990
      774.000     0.154210
      775.000     0.155020
      776.000     0.152610
      777.000     0.153800
      778.000     0.153380
      779.000     0.153780
      780.000     0.153010
      781.000     0.155390
      782.000     0.156210
      783.000     0.153010
      784.000     0.152410
      785.000     0.152410
      786.000     0.153010
      787.000     0.152420
      788.000     0.154400
      789.000     0.154000
      790.000     0.154400
      791.000     0.155380
      792.000     0.154200
      793.000     0.156790
      794.000     0.156380
      795.000     0.157000
      796.000     0.157990
      797.000     0.155610
      798.000     0.155020
      799.000     0.155020
      800.000     0.155020
      801.000     0.155528
      802.000     0.156035
      803.000     0.156542
      804.000     0.157050
      805.000     0.157005
      806.000     0.156960
      807.000     0.156915
      808.000     0.156870
      809.000     0.157367
      810.000     0.157865
      811.000     0.158363
      812.000     0.158860
      813.000     0.158720
      814.000     0.158580
      815.000     0.158440
      816.000     0.158300
      817.000     0.158440
      818.000     0.158580
      819.000     0.158720
      820.000     0.158860
      821.000     0.159478
      822.000     0.160095
      823.000     0.160712
      824.000     0.161330
      825.000     0.161283
      826.000     0.161235
      827.000     0.161187
      828.000     0.161140
      829.000     0.160938
      830.000     0.160735
      831.000     0.160533
      832.000     0.160330
      833.000     0.160485
      834.000     0.160640
      835.000     0.160795
      836.000     0.160950
      837.000     0.161185
      838.000     0.161420
      839.000     0.161655
      840.000     0.161890
      841.000     0.161747
      842.000     0.161605
      843.000     0.161463
      844.000     0.161320
      845.000     0.161320
      846.000     0.161320
      847.000     0.161320
      848.000     0.161320
      849.000     0.161980
      850.000     0.162640
      851.000     0.163300
      852.000     0.163960
      853.000     0.164195
      854.000     0.164430
      855.000     0.164665
      856.000     0.164900
      857.000     0.164805
      858.000     0.164710
      859.000     0.164615
      860.000     0.164520
      861.000     0.164465
      862.000     0.164410
      863.000     0.164355
      864.000     0.164300
      865.000     0.164108
      866.000     0.163915
      867.000     0.163723
      868.000     0.163530
      869.000     0.164183
      870.000     0.164835
      871.000     0.165487
      872.000     0.166140
      873.000     0.166373
      874.000     0.166605
      875.000     0.166837
      876.000     0.167070
      877.000     0.166660
      878.000     0.166250
      879.000     0.165840
      880.000     0.165430
      881.000     0.165927
      882.000     0.166425
      883.000     0.166922
      884.000     0.167420
      885.000     0.167340
      886.000     0.167260
      887.000     0.167180
      888.000     0.167100
      889.000     0.166860
      890.000     0.166620
      891.000     0.166380
      892.000     0.166140
      893.000     0.166650
      894.000     0.167160
      895.000     0.167670
      896.000     0.168180
      897.000     0.168413
      898.000     0.168645
      899.000     0.168877
      900.000     0.169110
      901.000     0.169340
      902.000     0.169570
      903.000     0.169800
      904.000     0.170030
      905.000     0.169815
      906.000     0.169600
      907.000     0.169385
      908.000     0.169170
      909.000     0.169912
      910.000     0.170655
      911.000     0.171398
      912.000     0.172140
      913.000     0.171910
      914.000     0.171680
      915.000     0.171450
      916.000     0.171220
      917.000     0.171085
      918.000     0.170950
      919.000     0.170815
      920.000     0.170680
      921.000     0.170897
      922.000     0.171115
      923.000     0.171333
      924.000     0.171550
      925.000     0.171628
      926.000     0.171705
      927.000     0.171783
      928.000     0.171860
      929.000     0.172045
      930.000     0.172230
      931.000     0.172415
      932.000     0.172600
      933.000     0.172500
      934.000     0.172400
      935.000     0.172300
      936.000     0.172200
      937.000     0.172815
      938.000     0.173430
      939.000     0.174045
      940.000     0.174660
      941.000     0.174995
      942.000     0.175330
      943.000     0.175665
      944.000     0.176000
      945.000     0.175348
      946.000     0.174695
      947.000     0.174042
      948.000     0.173390
      949.000     0.174193
      950.000     0.174995
      951.000     0.175797
      952.000     0.176600
      953.000     0.176987
      954.000     0.177375
      955.000     0.177762
      956.000     0.178150
      957.000     0.177997
      958.000     0.177845
      959.000     0.177693
      960.000     0.177540
      961.000     0.177335
      962.000     0.177130
      963.000     0.176925
      964.000     0.176720
      965.000     0.176820
      966.000     0.176920
      967.000     0.177020
      968.000     0.177120
      969.000     0.177388
      970.000     0.177655
      971.000     0.177923
      972.000     0.178190
      973.000     0.178038
      974.000     0.177885
      975.000     0.177732
      976.000     0.177580
      977.000     0.177133
      978.000     0.176685
      979.000     0.176238
      980.000     0.175790
      981.000     0.176185
      982.000     0.176580
      983.000     0.176975
      984.000     0.177370
      985.000     0.179107
      986.000     0.180845
      987.000     0.182582
      988.000     0.184320
      989.000     0.183353
      990.000     0.182385
      991.000     0.181417
      992.000     0.180450
      993.000     0.180770
      994.000     0.181090
      995.000     0.181410
      996.000     0.181730
      997.000     0.182145
      998.000     0.182560
      999.000     0.182975
      1000.00     0.183390
      1001.00     0.182690
      1002.00     0.181990
      1003.00     0.181290
      1004.00     0.180590
      1005.00     0.180728
      1006.00     0.180865
      1007.00     0.181003
      1008.00     0.181140
      1009.00     0.181243
      1010.00     0.181345
      1011.00     0.181448
      1012.00     0.181550
      1013.00     0.182255
      1014.00     0.182960
      1015.00     0.183665
      1016.00     0.184370
      1017.00     0.184735
      1018.00     0.185100
      1019.00     0.185465
      1020.00     0.185830
      1021.00     0.186027
      1022.00     0.186225
      1023.00     0.186423
      1024.00     0.186620
      1025.00     0.186593
      1026.00     0.186565
      1027.00     0.186538
      1028.00     0.186510
      1029.00     0.186535
      1030.00     0.186560
      1031.00     0.186585
      1032.00     0.186610
      1033.00     0.186652
      1034.00     0.186695
      1035.00     0.186737
      1036.00     0.186780
      1037.00     0.186935
      1038.00     0.187090
      1039.00     0.187245
      1040.00     0.187400
      1041.00     0.187660
      1042.00     0.187920
      1043.00     0.188180
      1044.00     0.188440
      1045.00     0.188180
      1046.00     0.187920
      1047.00     0.187660
      1048.00     0.187400
      1049.00     0.187775
      1050.00     0.188150
      1051.00     0.188525
      1052.00     0.188900
      1053.00     0.189187
      1054.00     0.189475
      1055.00     0.189762
      1056.00     0.190050
      1057.00     0.189935
      1058.00     0.189820
      1059.00     0.189705
      1060.00     0.189590
      1061.00     0.189902
      1062.00     0.190215
      1063.00     0.190527
      1064.00     0.190840
      1065.00     0.191105
      1066.00     0.191370
      1067.00     0.191635
      1068.00     0.191900
      1069.00     0.191772
      1070.00     0.191645
      1071.00     0.191518
      1072.00     0.191390
      1073.00     0.191632
      1074.00     0.191875
      1075.00     0.192117
      1076.00     0.192360
      1077.00     0.192407
      1078.00     0.192455
      1079.00     0.192502
      1080.00     0.192550
      1081.00     0.191957
      1082.00     0.191365
      1083.00     0.190773
      1084.00     0.190180
      1085.00     0.190758
      1086.00     0.191335
      1087.00     0.191913
      1088.00     0.192490
      1089.00     0.192618
      1090.00     0.192745
      1091.00     0.192872
      1092.00     0.193000
      1093.00     0.192805
      1094.00     0.192610
      1095.00     0.192415
      1096.00     0.192220
      1097.00     0.192115
      1098.00     0.192010
      1099.00     0.191905
      1100.00     0.191800
      1101.00     0.192553
      1102.00     0.193305
      1103.00     0.194057
      1104.00     0.194810
      1105.00     0.195120
      1106.00     0.195430
      1107.00     0.195740
      1108.00     0.196050
      1109.00     0.195315
      1110.00     0.194580
      1111.00     0.193845
      1112.00     0.193110
      1113.00     0.193455
      1114.00     0.193800
      1115.00     0.194145
      1116.00     0.194490
      1117.00     0.195130
      1118.00     0.195770
      1119.00     0.196410
      1120.00     0.197050
      1121.00     0.197105
      1122.00     0.197160
      1123.00     0.197215
      1124.00     0.197270
      1125.00     0.197048
      1126.00     0.196825
      1127.00     0.196602
      1128.00     0.196380
      1129.00     0.197540
      1130.00     0.198700
      1131.00     0.199860
      1132.00     0.201020
      1133.00     0.201212
      1134.00     0.201405
      1135.00     0.201597
      1136.00     0.201790
      1137.00     0.201733
      1138.00     0.201675
      1139.00     0.201618
      1140.00     0.201560
      1141.00     0.200808
      1142.00     0.200055
      1143.00     0.199302
      1144.00     0.198550
      1145.00     0.198272
      1146.00     0.197995
      1147.00     0.197718
      1148.00     0.197440
      1149.00     0.197220
      1150.00     0.197000
      1151.00     0.196780
      1152.00     0.196560
      1153.00     0.196847
      1154.00     0.197135
      1155.00     0.197422
      1156.00     0.197710
      1157.00     0.197832
      1158.00     0.197955
      1159.00     0.198077
      1160.00     0.198200
      1161.00     0.198775
      1162.00     0.199350
      1163.00     0.199925
      1164.00     0.200500
      1165.00     0.200790
      1166.00     0.201080
      1167.00     0.201370
      1168.00     0.201660
      1169.00     0.201717
      1170.00     0.201775
      1171.00     0.201833
      1172.00     0.201890
      1173.00     0.201767
      1174.00     0.201645
      1175.00     0.201522
      1176.00     0.201400
      1177.00     0.201400
      1178.00     0.201400
      1179.00     0.201400
      1180.00     0.201400
      1181.00     0.201568
      1182.00     0.201735
      1183.00     0.201903
      1184.00     0.202070
      1185.00     0.202348
      1186.00     0.202625
      1187.00     0.202903
      1188.00     0.203180
      1189.00     0.203353
      1190.00     0.203525
      1191.00     0.203698
      1192.00     0.203870
      1193.00     0.203397
      1194.00     0.202925
      1195.00     0.202452
      1196.00     0.201980
      1197.00     0.201980
      1198.00     0.201980
      1199.00     0.201980
      1200.00     0.201980
      1201.00     0.201980
      1202.00     0.201980
      1203.00     0.201980
      1204.00     0.201980
      1205.00     0.202032
      1206.00     0.202085
      1207.00     0.202138
      1208.00     0.202190
      1209.00     0.202887
      1210.00     0.203585
      1211.00     0.204282
      1212.00     0.204980
      1213.00     0.204807
      1214.00     0.204635
      1215.00     0.204462
      1216.00     0.204290
      1217.00     0.203765
      1218.00     0.203240
      1219.00     0.202715
      1220.00     0.202190
      1221.00     0.202657
      1222.00     0.203125
      1223.00     0.203593
      1224.00     0.204060
      1225.00     0.204643
      1226.00     0.205225
      1227.00     0.205807
      1228.00     0.206390
      1229.00     0.206860
      1230.00     0.207330
      1231.00     0.207800
      1232.00     0.208270
      1233.00     0.208212
      1234.00     0.208155
      1235.00     0.208098
      1236.00     0.208040
      1237.00     0.207923
      1238.00     0.207805
      1239.00     0.207687
      1240.00     0.207570
      1241.00     0.207687
      1242.00     0.207805
      1243.00     0.207923
      1244.00     0.208040
      1245.00     0.208440
      1246.00     0.208840
      1247.00     0.209240
      1248.00     0.209640
      1249.00     0.208575
      1250.00     0.207510
      1251.00     0.206445
      1252.00     0.205380
      1253.00     0.205148
      1254.00     0.204915
      1255.00     0.204682
      1256.00     0.204450
      1257.00     0.204777
      1258.00     0.205105
      1259.00     0.205433
      1260.00     0.205760
      1261.00     0.205730
      1262.00     0.205700
      1263.00     0.205670
      1264.00     0.205640
      1265.00     0.205400
      1266.00     0.205160
      1267.00     0.204920
      1268.00     0.204680
      1269.00     0.205273
      1270.00     0.205865
      1271.00     0.206457
      1272.00     0.207050
      1273.00     0.206992
      1274.00     0.206935
      1275.00     0.206877
      1276.00     0.206820
      1277.00     0.206765
      1278.00     0.206710
      1279.00     0.206655
      1280.00     0.206600
      1281.00     0.206427
      1282.00     0.206255
      1283.00     0.206082
      1284.00     0.205910
      1285.00     0.206028
      1286.00     0.206145
      1287.00     0.206262
      1288.00     0.206380
      1289.00     0.206323
      1290.00     0.206265
      1291.00     0.206207
      1292.00     0.206150
      1293.00     0.206930
      1294.00     0.207710
      1295.00     0.208490
      1296.00     0.209270
      1297.00     0.208725
      1298.00     0.208180
      1299.00     0.207635
      1300.00     0.207090
      1301.00     0.206805
      1302.00     0.206520
      1303.00     0.206235
      1304.00     0.205950
      1305.00     0.206430
      1306.00     0.206910
      1307.00     0.207390
      1308.00     0.207870
      1309.00     0.207927
      1310.00     0.207985
      1311.00     0.208043
      1312.00     0.208100
      1313.00     0.208160
      1314.00     0.208220
      1315.00     0.208280
      1316.00     0.208340
      1317.00     0.208455
      1318.00     0.208570
      1319.00     0.208685
      1320.00     0.208800
      1321.00     0.208915
      1322.00     0.209030
      1323.00     0.209145
      1324.00     0.209260
      1325.00     0.208913
      1326.00     0.208565
      1327.00     0.208218
      1328.00     0.207870
      1329.00     0.207927
      1330.00     0.207985
      1331.00     0.208043
      1332.00     0.208100
      1333.00     0.207965
      1334.00     0.207830
      1335.00     0.207695
      1336.00     0.207560
      1337.00     0.207927
      1338.00     0.208295
      1339.00     0.208663
      1340.00     0.209030
      1341.00     0.210073
      1342.00     0.211115
      1343.00     0.212158
      1344.00     0.213200
      1345.00     0.214420
      1346.00     0.215640
      1347.00     0.216860
      1348.00     0.218080
      1349.00     0.217120
      1350.00     0.216160
      1351.00     0.215200
      1352.00     0.214240
      1353.00     0.213035
      1354.00     0.211830
      1355.00     0.210625
      1356.00     0.209420
      1357.00     0.210337
      1358.00     0.211255
      1359.00     0.212173
      1360.00     0.213090
      1361.00     0.212115
      1362.00     0.211140
      1363.00     0.210165
      1364.00     0.209190
      1365.00     0.210933
      1366.00     0.212675
      1367.00     0.214418
      1368.00     0.216160
      1369.00     0.215745
      1370.00     0.215330
      1371.00     0.214915
      1372.00     0.214500
      1373.00     0.212405
      1374.00     0.210310
      1375.00     0.208215
      1376.00     0.206120
      1377.00     0.205220
      1378.00     0.204320
      1379.00     0.203420
      1380.00     0.202520
      1381.00     0.203053
      1382.00     0.203585
      1383.00     0.204118
      1384.00     0.204650
      1385.00     0.203580
      1386.00     0.202510
      1387.00     0.201440
      1388.00     0.200370
      1389.00     0.199010
      1390.00     0.197650
      1391.00     0.196290
      1392.00     0.194930
      1393.00     0.194503
      1394.00     0.194075
      1395.00     0.193648
      1396.00     0.193220
      1397.00     0.192758
      1398.00     0.192295
      1399.00     0.191832
      1400.00     0.191370
      1401.00     0.190977
      1402.00     0.190585
      1403.00     0.190192
      1404.00     0.189800
      1405.00     0.189647
      1406.00     0.189495
      1407.00     0.189342
      1408.00     0.189190
      1409.00     0.189492
      1410.00     0.189795
      1411.00     0.190098
      1412.00     0.190400
      1413.00     0.191335
      1414.00     0.192270
      1415.00     0.193205
      1416.00     0.194140
      1417.00     0.194778
      1418.00     0.195415
      1419.00     0.196053
      1420.00     0.196690
      1421.00     0.196748
      1422.00     0.196805
      1423.00     0.196862
      1424.00     0.196920
      1425.00     0.197390
      1426.00     0.197860
      1427.00     0.198330
      1428.00     0.198800
      1429.00     0.198862
      1430.00     0.198925
      1431.00     0.198988
      1432.00     0.199050
      1433.00     0.198878
      1434.00     0.198705
      1435.00     0.198533
      1436.00     0.198360
      1437.00     0.198798
      1438.00     0.199235
      1439.00     0.199673
      1440.00     0.200110
      1441.00     0.200285
      1442.00     0.200460
      1443.00     0.200635
      1444.00     0.200810
      1445.00     0.200555
      1446.00     0.200300
      1447.00     0.200045
      1448.00     0.199790
      1449.00     0.200395
      1450.00     0.201000
      1451.00     0.201605
      1452.00     0.202210
      1453.00     0.202850
      1454.00     0.203490
      1455.00     0.204130
      1456.00     0.204770
      1457.00     0.204860
      1458.00     0.204950
      1459.00     0.205040
      1460.00     0.205130
      1461.00     0.205565
      1462.00     0.206000
      1463.00     0.206435
      1464.00     0.206870
      1465.00     0.207045
      1466.00     0.207220
      1467.00     0.207395
      1468.00     0.207570
      1469.00     0.207510
      1470.00     0.207450
      1471.00     0.207390
      1472.00     0.207330
      1473.00     0.207608
      1474.00     0.207885
      1475.00     0.208163
      1476.00     0.208440
      1477.00     0.208560
      1478.00     0.208680
      1479.00     0.208800
      1480.00     0.208920
      1481.00     0.208980
      1482.00     0.209040
      1483.00     0.209100
      1484.00     0.209160
      1485.00     0.208825
      1486.00     0.208490
      1487.00     0.208155
      1488.00     0.207820
      1489.00     0.208220
      1490.00     0.208620
      1491.00     0.209020
      1492.00     0.209420
      1493.00     0.208937
      1494.00     0.208455
      1495.00     0.207973
      1496.00     0.207490
      1497.00     0.207253
      1498.00     0.207015
      1499.00     0.206777
      1500.00     0.206540
      1501.00     0.207020
      1502.00     0.207500
      1503.00     0.207980
      1504.00     0.208460
      1505.00     0.208692
      1506.00     0.208925
      1507.00     0.209157
      1508.00     0.209390
      1509.00     0.209212
      1510.00     0.209035
      1511.00     0.208858
      1512.00     0.208680
      1513.00     0.208970
      1514.00     0.209260
      1515.00     0.209550
      1516.00     0.209840
      1517.00     0.210415
      1518.00     0.210990
      1519.00     0.211565
      1520.00     0.212140
      1521.00     0.212370
      1522.00     0.212600
      1523.00     0.212830
      1524.00     0.213060
      1525.00     0.213042
      1526.00     0.213025
      1527.00     0.213007
      1528.00     0.212990
      1529.00     0.212657
      1530.00     0.212325
      1531.00     0.211993
      1532.00     0.211660
      1533.00     0.212223
      1534.00     0.212785
      1535.00     0.213348
      1536.00     0.213910
      1537.00     0.213990
      1538.00     0.214070
      1539.00     0.214150
      1540.00     0.214230
      1541.00     0.214272
      1542.00     0.214315
      1543.00     0.214358
      1544.00     0.214400
      1545.00     0.214460
      1546.00     0.214520
      1547.00     0.214580
      1548.00     0.214640
      1549.00     0.214873
      1550.00     0.215105
      1551.00     0.215337
      1552.00     0.215570
      1553.00     0.214855
      1554.00     0.214140
      1555.00     0.213425
      1556.00     0.212710
      1557.00     0.212660
      1558.00     0.212610
      1559.00     0.212560
      1560.00     0.212510
      1561.00     0.212982
      1562.00     0.213455
      1563.00     0.213928
      1564.00     0.214400
      1565.00     0.214570
      1566.00     0.214740
      1567.00     0.214910
      1568.00     0.215080
      1569.00     0.214480
      1570.00     0.213880
      1571.00     0.213280
      1572.00     0.212680
      1573.00     0.213207
      1574.00     0.213735
      1575.00     0.214263
      1576.00     0.214790
      1577.00     0.215618
      1578.00     0.216445
      1579.00     0.217272
      1580.00     0.218100
      1581.00     0.217650
      1582.00     0.217200
      1583.00     0.216750
      1584.00     0.216300
      1585.00     0.216190
      1586.00     0.216080
      1587.00     0.215970
      1588.00     0.215860
      1589.00     0.215435
      1590.00     0.215010
      1591.00     0.214585
      1592.00     0.214160
      1593.00     0.214373
      1594.00     0.214585
      1595.00     0.214797
      1596.00     0.215010
      1597.00     0.215027
      1598.00     0.215045
      1599.00     0.215062
      1600.00     0.215080
      1601.00     0.214777
      1602.00     0.214475
      1603.00     0.214172
      1604.00     0.213870
      1605.00     0.213930
      1606.00     0.213990
      1607.00     0.214050
      1608.00     0.214110
      1609.00     0.214352
      1610.00     0.214595
      1611.00     0.214837
      1612.00     0.215080
      1613.00     0.215373
      1614.00     0.215665
      1615.00     0.215957
      1616.00     0.216250
      1617.00     0.217450
      1618.00     0.218650
      1619.00     0.219850
      1620.00     0.221050
      1621.00     0.221085
      1622.00     0.221120
      1623.00     0.221155
      1624.00     0.221190
      1625.00     0.221298
      1626.00     0.221405
      1627.00     0.221512
      1628.00     0.221620
      1629.00     0.221433
      1630.00     0.221245
      1631.00     0.221058
      1632.00     0.220870
      1633.00     0.221335
      1634.00     0.221800
      1635.00     0.222265
      1636.00     0.222730
      1637.00     0.222648
      1638.00     0.222565
      1639.00     0.222483
      1640.00     0.222400
      1641.00     0.222232
      1642.00     0.222065
      1643.00     0.221898
      1644.00     0.221730
      1645.00     0.221810
      1646.00     0.221890
      1647.00     0.221970
      1648.00     0.222050
      1649.00     0.222175
      1650.00     0.222300
      1651.00     0.222425
      1652.00     0.222550
      1653.00     0.222237
      1654.00     0.221925
      1655.00     0.221612
      1656.00     0.221300
      1657.00     0.221112
      1658.00     0.220925
      1659.00     0.220738
      1660.00     0.220550
      1661.00     0.220738
      1662.00     0.220925
      1663.00     0.221112
      1664.00     0.221300
      1665.00     0.220712
      1666.00     0.220125
      1667.00     0.219537
      1668.00     0.218950
      1669.00     0.219120
      1670.00     0.219290
      1671.00     0.219460
      1672.00     0.219630
      1673.00     0.220700
      1674.00     0.221770
      1675.00     0.222840
      1676.00     0.223910
      1677.00     0.224415
      1678.00     0.224920
      1679.00     0.225425
      1680.00     0.225930
      1681.00     0.225678
      1682.00     0.225425
      1683.00     0.225173
      1684.00     0.224920
      1685.00     0.224105
      1686.00     0.223290
      1687.00     0.222475
      1688.00     0.221660
      1689.00     0.221305
      1690.00     0.220950
      1691.00     0.220595
      1692.00     0.220240
      1693.00     0.220717
      1694.00     0.221195
      1695.00     0.221673
      1696.00     0.222150
      1697.00     0.221920
      1698.00     0.221690
      1699.00     0.221460
      1700.00     0.221230
      1701.00     0.221667
      1702.00     0.222105
      1703.00     0.222542
      1704.00     0.222980
      1705.00     0.222918
      1706.00     0.222855
      1707.00     0.222793
      1708.00     0.222730
      1709.00     0.223343
      1710.00     0.223955
      1711.00     0.224568
      1712.00     0.225180
      1713.00     0.225497
      1714.00     0.225815
      1715.00     0.226133
      1716.00     0.226450
      1717.00     0.226088
      1718.00     0.225725
      1719.00     0.225362
      1720.00     0.225000
      1721.00     0.224373
      1722.00     0.223745
      1723.00     0.223118
      1724.00     0.222490
      1725.00     0.222193
      1726.00     0.221895
      1727.00     0.221597
      1728.00     0.221300
      1729.00     0.221237
      1730.00     0.221175
      1731.00     0.221112
      1732.00     0.221050
      1733.00     0.221220
      1734.00     0.221390
      1735.00     0.221560
      1736.00     0.221730
      1737.00     0.221818
      1738.00     0.221905
      1739.00     0.221993
      1740.00     0.222080
      1741.00     0.222143
      1742.00     0.222205
      1743.00     0.222268
      1744.00     0.222330
      1745.00     0.221930
      1746.00     0.221530
      1747.00     0.221130
      1748.00     0.220730
      1749.00     0.220160
      1750.00     0.219590
      1751.00     0.219020
      1752.00     0.218450
      1753.00     0.218220
      1754.00     0.217990
      1755.00     0.217760
      1756.00     0.217530
      1757.00     0.217760
      1758.00     0.217990
      1759.00     0.218220
      1760.00     0.218450
      1761.00     0.218390
      1762.00     0.218330
      1763.00     0.218270
      1764.00     0.218210
      1765.00     0.218840
      1766.00     0.219470
      1767.00     0.220100
      1768.00     0.220730
      1769.00     0.221193
      1770.00     0.221655
      1771.00     0.222117
      1772.00     0.222580
      1773.00     0.223865
      1774.00     0.225150
      1775.00     0.226435
      1776.00     0.227720
      1777.00     0.227615
      1778.00     0.227510
      1779.00     0.227405
      1780.00     0.227300
      1781.00     0.227110
      1782.00     0.226920
      1783.00     0.226730
      1784.00     0.226540
      1785.00     0.226795
      1786.00     0.227050
      1787.00     0.227305
      1788.00     0.227560
      1789.00     0.227560
      1790.00     0.227560
      1791.00     0.227560
      1792.00     0.227560
      1793.00     0.227327
      1794.00     0.227095
      1795.00     0.226863
      1796.00     0.226630
      1797.00     0.226440
      1798.00     0.226250
      1799.00     0.226060
      1800.00     0.225870
      1801.00     0.226060
      1802.00     0.226250
      1803.00     0.226440
      1804.00     0.226630
      1805.00     0.226230
      1806.00     0.225830
      1807.00     0.225430
      1808.00     0.225030
      1809.00     0.225365
      1810.00     0.225700
      1811.00     0.226035
      1812.00     0.226370
      1813.00     0.226435
      1814.00     0.226500
      1815.00     0.226565
      1816.00     0.226630
      1817.00     0.226797
      1818.00     0.226965
      1819.00     0.227132
      1820.00     0.227300
      1821.00     0.227300
      1822.00     0.227300
      1823.00     0.227300
      1824.00     0.227300
      1825.00     0.226922
      1826.00     0.226545
      1827.00     0.226168
      1828.00     0.225790
      1829.00     0.224920
      1830.00     0.224050
      1831.00     0.223180
      1832.00     0.222310
      1833.00     0.222123
      1834.00     0.221935
      1835.00     0.221748
      1836.00     0.221560
      1837.00     0.221965
      1838.00     0.222370
      1839.00     0.222775
      1840.00     0.223180
      1841.00     0.223840
      1842.00     0.224500
      1843.00     0.225160
      1844.00     0.225820
      1845.00     0.226287
      1846.00     0.226755
      1847.00     0.227223
      1848.00     0.227690
      1849.00     0.228265
      1850.00     0.228840
      1851.00     0.229415
      1852.00     0.229990
      1853.00     0.230628
      1854.00     0.231265
      1855.00     0.231902
      1856.00     0.232540
      1857.00     0.230990
      1858.00     0.229440
      1859.00     0.227890
      1860.00     0.226340
      1861.00     0.224688
      1862.00     0.223035
      1863.00     0.221382
      1864.00     0.219730
      1865.00     0.217815
      1866.00     0.215900
      1867.00     0.213985
      1868.00     0.212070
      1869.00     0.211010
      1870.00     0.209950
      1871.00     0.208890
      1872.00     0.207830
      1873.00     0.207550
      1874.00     0.207270
      1875.00     0.206990
      1876.00     0.206710
      1877.00     0.205655
      1878.00     0.204600
      1879.00     0.203545
      1880.00     0.202490
      1881.00     0.200613
      1882.00     0.198735
      1883.00     0.196857
      1884.00     0.194980
      1885.00     0.193372
      1886.00     0.191765
      1887.00     0.190158
      1888.00     0.188550
      1889.00     0.186565
      1890.00     0.184580
      1891.00     0.182595
      1892.00     0.180610
      1893.00     0.179395
      1894.00     0.178180
      1895.00     0.176965
      1896.00     0.175750
      1897.00     0.174437
      1898.00     0.173125
      1899.00     0.171813
      1900.00     0.170500
      1901.00     0.169530
      1902.00     0.168560
      1903.00     0.167590
      1904.00     0.166620
      1905.00     0.166672
      1906.00     0.166725
      1907.00     0.166778
      1908.00     0.166830
      1909.00     0.167423
      1910.00     0.168015
      1911.00     0.168608
      1912.00     0.169200
      1913.00     0.170120
      1914.00     0.171040
      1915.00     0.171960
      1916.00     0.172880
      1917.00     0.173552
      1918.00     0.174225
      1919.00     0.174897
      1920.00     0.175570
      1921.00     0.176000
      1922.00     0.176430
      1923.00     0.176860
      1924.00     0.177290
      1925.00     0.178038
      1926.00     0.178785
      1927.00     0.179532
      1928.00     0.180280
      1929.00     0.181005
      1930.00     0.181730
      1931.00     0.182455
      1932.00     0.183180
      1933.00     0.184323
      1934.00     0.185465
      1935.00     0.186607
      1936.00     0.187750
      1937.00     0.187963
      1938.00     0.188175
      1939.00     0.188387
      1940.00     0.188600
      1941.00     0.188963
      1942.00     0.189325
      1943.00     0.189687
      1944.00     0.190050
      1945.00     0.190175
      1946.00     0.190300
      1947.00     0.190425
      1948.00     0.190550
      1949.00     0.190730
      1950.00     0.190910
      1951.00     0.191090
      1952.00     0.191270
      1953.00     0.191633
      1954.00     0.191995
      1955.00     0.192357
      1956.00     0.192720
      1957.00     0.192957
      1958.00     0.193195
      1959.00     0.193433
      1960.00     0.193670
      1961.00     0.194680
      1962.00     0.195690
      1963.00     0.196700
      1964.00     0.197710
      1965.00     0.198305
      1966.00     0.198900
      1967.00     0.199495
      1968.00     0.200090
      1969.00     0.200450
      1970.00     0.200810
      1971.00     0.201170
      1972.00     0.201530
      1973.00     0.201830
      1974.00     0.202130
      1975.00     0.202430
      1976.00     0.202730
      1977.00     0.203330
      1978.00     0.203930
      1979.00     0.204530
      1980.00     0.205130
      1981.00     0.205553
      1982.00     0.205975
      1983.00     0.206398
      1984.00     0.206820
      1985.00     0.207060
      1986.00     0.207300
      1987.00     0.207540
      1988.00     0.207780
      1989.00     0.208085
      1990.00     0.208390
      1991.00     0.208695
      1992.00     0.209000
      1993.00     0.209710
      1994.00     0.210420
      1995.00     0.211130
      1996.00     0.211840
      1997.00     0.212028
      1998.00     0.212215
      1999.00     0.212403
      2000.00     0.212590
      2001.00     0.213728
      2002.00     0.214865
      2003.00     0.216003
      2004.00     0.217140
      2005.00     0.217510
      2006.00     0.217880
      2007.00     0.218250
      2008.00     0.218620
      2009.00     0.218620
      2010.00     0.218620
      2011.00     0.218620
      2012.00     0.218620
      2013.00     0.218990
      2014.00     0.219360
      2015.00     0.219730
      2016.00     0.220100
      2017.00     0.220842
      2018.00     0.221585
      2019.00     0.222328
      2020.00     0.223070
      2021.00     0.223510
      2022.00     0.223950
      2023.00     0.224390
      2024.00     0.224830
      2025.00     0.224455
      2026.00     0.224080
      2027.00     0.223705
      2028.00     0.223330
      2029.00     0.224015
      2030.00     0.224700
      2031.00     0.225385
      2032.00     0.226070
      2033.00     0.226380
      2034.00     0.226690
      2035.00     0.227000
      2036.00     0.227310
      2037.00     0.227242
      2038.00     0.227175
      2039.00     0.227108
      2040.00     0.227040
      2041.00     0.226998
      2042.00     0.226955
      2043.00     0.226912
      2044.00     0.226870
      2045.00     0.227113
      2046.00     0.227355
      2047.00     0.227598
      2048.00     0.227840
      2049.00     0.228110
      2050.00     0.228380
      2051.00     0.228650
      2052.00     0.228920
      2053.00     0.229232
      2054.00     0.229545
      2055.00     0.229858
      2056.00     0.230170
      2057.00     0.230375
      2058.00     0.230580
      2059.00     0.230785
      2060.00     0.230990
      2061.00     0.231205
      2062.00     0.231420
      2063.00     0.231635
      2064.00     0.231850
      2065.00     0.231822
      2066.00     0.231795
      2067.00     0.231768
      2068.00     0.231740
      2069.00     0.231427
      2070.00     0.231115
      2071.00     0.230803
      2072.00     0.230490
      2073.00     0.231145
      2074.00     0.231800
      2075.00     0.232455
      2076.00     0.233110
      2077.00     0.233110
      2078.00     0.233110
      2079.00     0.233110
      2080.00     0.232985
      2081.00     0.232428
      2082.00     0.231950
      2083.00     0.232650
      2084.00     0.233114
      2085.00     0.233676
      2086.00     0.234009
      2087.00     0.234240
      2088.00     0.234388
      2089.00     0.234566
      2090.00     0.234716
      2091.00     0.234760
      2092.00     0.234653
      2093.00     0.234357
      2094.00     0.234015
      2095.00     0.233697
      2096.00     0.233499
      2097.00     0.233389
      2098.00     0.233310
      2099.00     0.233148
      2100.00     0.232914
      2101.00     0.232653
      2102.00     0.232487
      2103.00     0.232467
      2104.00     0.232640
      2105.00     0.232983
      2106.00     0.233364
      2107.00     0.233726
      2108.00     0.234000
      2109.00     0.234148
      2110.00     0.234180
      2111.00     0.234093
      2112.00     0.233929
      2113.00     0.233688
      2114.00     0.233423
      2115.00     0.233112
      2116.00     0.232860
      2117.00     0.232691
      2118.00     0.232697
      2119.00     0.232900
      2120.00     0.233297
      2121.00     0.233803
      2122.00     0.234400
      2123.00     0.234890
      2124.00     0.235261
      2125.00     0.235485
      2126.00     0.235577
      2127.00     0.235570
      2128.00     0.235516
      2129.00     0.235460
      2130.00     0.235419
      2131.00     0.235405
      2132.00     0.235381
      2133.00     0.235353
      2134.00     0.235313
      2135.00     0.235238
      2136.00     0.235130
      2137.00     0.235018
      2138.00     0.234898
      2139.00     0.234787
      2140.00     0.234680
      2141.00     0.234580
      2142.00     0.234464
      2143.00     0.234316
      2144.00     0.234140
      2145.00     0.233980
      2146.00     0.233895
      2147.00     0.233911
      2148.00     0.234000
      2149.00     0.234093
      2150.00     0.234128
      2151.00     0.234050
      2152.00     0.233850
      2153.00     0.233546
      2154.00     0.233201
      2155.00     0.232857
      2156.00     0.232517
      2157.00     0.232178
      2158.00     0.231847
      2159.00     0.231540
      2160.00     0.231293
      2161.00     0.231160
      2162.00     0.231157
      2163.00     0.231232
      2164.00     0.231330
      2165.00     0.231348
      2166.00     0.231209
      2167.00     0.230900
      2168.00     0.230456
      2169.00     0.229978
      2170.00     0.229590
      2171.00     0.229361
      2172.00     0.229294
      2173.00     0.229323
      2174.00     0.229350
      2175.00     0.229319
      2176.00     0.229197
      2177.00     0.228997
      2178.00     0.228751
      2179.00     0.228496
      2180.00     0.228230
      2181.00     0.227960
      2182.00     0.227572
      2183.00     0.227072
      2184.00     0.226457
      2185.00     0.225794
      2186.00     0.225134
      2187.00     0.224485
      2188.00     0.223940
      2189.00     0.223559
      2190.00     0.223281
      2191.00     0.223097
      2192.00     0.222970
      2193.00     0.222860
      2194.00     0.222690
      2195.00     0.222481
      2196.00     0.222235
      2197.00     0.221973
      2198.00     0.221671
      2199.00     0.221350
      2200.00     0.220979
      2201.00     0.220510
      2202.00     0.220003
      2203.00     0.219415
      2204.00     0.218783
      2205.00     0.218234
      2206.00     0.217700
      2207.00     0.217290
      2208.00     0.216968
      2209.00     0.216778
      2210.00     0.216752
      2211.00     0.216917
      2212.00     0.217283
      2213.00     0.217878
      2214.00     0.218627
      2215.00     0.219470
      2216.00     0.220302
      2217.00     0.221040
      2218.00     0.221513
      2219.00     0.221770
      2220.00     0.221818
      2221.00     0.221767
      2222.00     0.221724
      2223.00     0.221801
      2224.00     0.222060
      2225.00     0.222450
      2226.00     0.222977
      2227.00     0.223443
      2228.00     0.223838
      2229.00     0.224046
      2230.00     0.224079
      2231.00     0.223973
      2232.00     0.223763
      2233.00     0.223514
      2234.00     0.223268
      2235.00     0.223040
      2236.00     0.222850
      2237.00     0.222671
      2238.00     0.222510
      2239.00     0.222366
      2240.00     0.222237
      2241.00     0.222151
      2242.00     0.222109
      2243.00     0.222121
      2244.00     0.222184
      2245.00     0.222296
      2246.00     0.222456
      2247.00     0.222659
      2248.00     0.222869
      2249.00     0.223079
      2250.00     0.223271
      2251.00     0.223410
      2252.00     0.223460
      2253.00     0.223430
      2254.00     0.223360
      2255.00     0.223280
      2256.00     0.223257
      2257.00     0.223340
      2258.00     0.223554
      2259.00     0.223904
      2260.00     0.224350
      2261.00     0.224852
      2262.00     0.225350
      2263.00     0.225722
      2264.00     0.225952
      2265.00     0.226034
      2266.00     0.225984
      2267.00     0.225844
      2268.00     0.225662
      2269.00     0.225478
      2270.00     0.225322
      2271.00     0.225184
      2272.00     0.225048
      2273.00     0.224880
      2274.00     0.224660
      2275.00     0.224363
      2276.00     0.224070
      2277.00     0.223782
      2278.00     0.223540
      2279.00     0.223356
      2280.00     0.223210
      2281.00     0.223054
      2282.00     0.222866
      2283.00     0.222636
      2284.00     0.222366
      2285.00     0.222106
      2286.00     0.221902
      2287.00     0.221784
      2288.00     0.221766
      2289.00     0.221804
      2290.00     0.221868
      2291.00     0.221894
      2292.00     0.221846
      2293.00     0.221719
      2294.00     0.221506
      2295.00     0.221268
      2296.00     0.221053
      2297.00     0.220891
      2298.00     0.220807
      2299.00     0.220780
      2300.00     0.220770
      2301.00     0.220740
      2302.00     0.220660
      2303.00     0.220500
      2304.00     0.220291
      2305.00     0.220018
      2306.00     0.219711
      2307.00     0.219410
      2308.00     0.219143
      2309.00     0.218890
      2310.00     0.218672
      2311.00     0.218514
      2312.00     0.218407
      2313.00     0.218366
      2314.00     0.218379
      2315.00     0.218414
      2316.00     0.218454
      2317.00     0.218459
      2318.00     0.218395
      2319.00     0.218230
      2320.00     0.217975
      2321.00     0.217632
      2322.00     0.217188
      2323.00     0.216722
      2324.00     0.216284
      2325.00     0.215906
      2326.00     0.215646
      2327.00     0.215510
      2328.00     0.215519
      2329.00     0.215611
      2330.00     0.215720
      2331.00     0.215750
      2332.00     0.215659
      2333.00     0.215407
      2334.00     0.215045
      2335.00     0.214594
      2336.00     0.214173
      2337.00     0.213798
      2338.00     0.213531
      2339.00     0.213350
      2340.00     0.213241
      2341.00     0.213150
      2342.00     0.213032
      2343.00     0.212866
      2344.00     0.212638
      2345.00     0.212375
      2346.00     0.212082
      2347.00     0.211746
      2348.00     0.211428
      2349.00     0.211110
      2350.00     0.210780
      2351.00     0.210498
      2352.00     0.210249
      2353.00     0.210024
      2354.00     0.209878
      2355.00     0.209789
      2356.00     0.209742
      2357.00     0.209730
      2358.00     0.209721
      2359.00     0.209699
      2360.00     0.209659
      2361.00     0.209585
      2362.00     0.209500
      2363.00     0.209399
      2364.00     0.209290
      2365.00     0.209150
      2366.00     0.208986
      2367.00     0.208790
      2368.00     0.208554
      2369.00     0.208276
      2370.00     0.207956
      2371.00     0.207624
      2372.00     0.207287
      2373.00     0.206942
      2374.00     0.206594
      2375.00     0.206237
      2376.00     0.205876
      2377.00     0.205530
      2378.00     0.205221
      2379.00     0.204947
      2380.00     0.204756
      2381.00     0.204625
      2382.00     0.204526
      2383.00     0.204419
      2384.00     0.204269
      2385.00     0.204051
      2386.00     0.203759
      2387.00     0.203419
      2388.00     0.203068
      2389.00     0.202750
      2390.00     0.202523
      2391.00     0.202377
      2392.00     0.202321
      2393.00     0.202310
      2394.00     0.202305
      2395.00     0.202277
      2396.00     0.202214
      2397.00     0.202115
      2398.00     0.201996
      2399.00     0.201860
      2400.00     0.201742
      2401.00     0.201632
      2402.00     0.201530
      2403.00     0.201424
      2404.00     0.201287
      2405.00     0.201101
      2406.00     0.200867
      2407.00     0.200596
      2408.00     0.200277
      2409.00     0.199950
      2410.00     0.199677
      2411.00     0.199462
      2412.00     0.199320
      2413.00     0.199221
      2414.00     0.199139
      2415.00     0.199028
      2416.00     0.198850
      2417.00     0.198603
      2418.00     0.198230
      2419.00     0.197766
      2420.00     0.197270
      2421.00     0.196817
      2422.00     0.196400
      2423.00     0.196045
      2424.00     0.195777
      2425.00     0.195570
      2426.00     0.195369
      2427.00     0.195160
      2428.00     0.194902
      2429.00     0.194559
      2430.00     0.194164
      2431.00     0.193719
      2432.00     0.193234
      2433.00     0.192765
      2434.00     0.192350
      2435.00     0.191950
      2436.00     0.191633
      2437.00     0.191345
      2438.00     0.191103
      2439.00     0.190885
      2440.00     0.190693
      2441.00     0.190525
      2442.00     0.190355
      2443.00     0.190205
      2444.00     0.190035
      2445.00     0.189867
      2446.00     0.189685
      2447.00     0.189494
      2448.00     0.189297
      2449.00     0.189095
      2450.00     0.188920
      2451.00     0.188765
      2452.00     0.188630
      2453.00     0.188502
      2454.00     0.188363
      2455.00     0.188197
      2456.00     0.187994
      2457.00     0.187707
      2458.00     0.187383
      2459.00     0.187005
      2460.00     0.186585
      2461.00     0.186185
      2462.00     0.185843
      2463.00     0.185572
      2464.00     0.185380
      2465.00     0.185280
      2466.00     0.185248
      2467.00     0.185246
      2468.00     0.185236
      2469.00     0.185190
      2470.00     0.185098
      2471.00     0.184940
      2472.00     0.184690
      2473.00     0.184387
      2474.00     0.184025
      2475.00     0.183630
      2476.00     0.183227
      2477.00     0.182820
      2478.00     0.182420
      2479.00     0.182043
      2480.00     0.181691
      2481.00     0.181361
      2482.00     0.181073
      2483.00     0.180847
      2484.00     0.180680
      2485.00     0.180572
      2486.00     0.180497
      2487.00     0.180440
      2488.00     0.180377
      2489.00     0.180280
      2490.00     0.180130
      2491.00     0.179888
      2492.00     0.179567
      2493.00     0.179185
      2494.00     0.178767
      2495.00     0.178338
      2496.00     0.177930
      2497.00     0.177613
      2498.00     0.177383
      2499.00     0.177240
      2500.00     0.177177
