      400.000    0.0295340
      401.000    0.0312400
      402.000    0.0312240
      403.000    0.0346010
      404.000    0.0372090
      405.000    0.0370830
      406.000    0.0370830
      407.000    0.0370830
      408.000    0.0370410
      409.000    0.0399570
      410.000    0.0386980
      411.000    0.0399910
      412.000    0.0416050
      413.000    0.0416630
      414.000    0.0416820
      415.000    0.0417020
      416.000    0.0416440
      417.000    0.0433780
      418.000    0.0435060
      419.000    0.0468840
      420.000    0.0456840
      421.000    0.0470640
      422.000    0.0456840
      423.000    0.0472200
      424.000    0.0487290
      425.000    0.0483510
      426.000    0.0515000
      427.000    0.0501120
      428.000    0.0496150
      429.000    0.0499320
      430.000    0.0515020
      431.000    0.0527570
      432.000    0.0532980
      433.000    0.0544490
      434.000    0.0543440
      435.000    0.0575320
      436.000    0.0577280
      437.000    0.0578850
      438.000    0.0578060
      439.000    0.0591790
      440.000    0.0603780
      441.000    0.0605040
      442.000    0.0600860
      443.000    0.0619320
      444.000    0.0618010
      445.000    0.0617130
      446.000    0.0616700
      447.000    0.0659880
      448.000    0.0641290
      449.000    0.0656090
      450.000    0.0634790
      451.000    0.0660830
      452.000    0.0690450
      453.000    0.0687890
      454.000    0.0692000
      455.000    0.0703200
      456.000    0.0719980
      457.000    0.0706160
      458.000    0.0712960
      459.000    0.0710820
      460.000    0.0741470
      461.000    0.0713120
      462.000    0.0739160
      463.000    0.0715920
      464.000    0.0732820
      465.000    0.0728760
      466.000    0.0726450
      467.000    0.0730500
      468.000    0.0755400
      469.000    0.0754210
      470.000    0.0731080
      471.000    0.0786600
      472.000    0.0761150
      473.000    0.0786600
      474.000    0.0799970
      475.000    0.0801910
      476.000    0.0812870
      477.000    0.0813540
      478.000    0.0812210
      479.000    0.0809580
      480.000    0.0811550
      481.000    0.0814200
      482.000    0.0823560
      483.000    0.0820900
      484.000    0.0832200
      485.000    0.0816940
      486.000    0.0822230
      487.000    0.0864260
      488.000    0.0864960
      489.000    0.0886000
      490.000    0.0842790
      491.000    0.0855890
      492.000    0.0841440
      493.000    0.0860760
      494.000    0.0863560
      495.000    0.0857970
      496.000    0.0883870
      497.000    0.0896820
      498.000    0.0898280
      499.000    0.0918280
      500.000    0.0913080
      501.000    0.0906160
      502.000    0.0911600
      503.000    0.0921220
      504.000    0.0922700
      505.000    0.0933780
      506.000    0.0934530
      507.000    0.0919730
      508.000    0.0933780
      509.000    0.0964280
      510.000    0.0965050
      511.000    0.0960430
      512.000    0.0975340
      513.000    0.0983240
      514.000    0.0984020
      515.000     0.101721
      516.000    0.0980120
      517.000    0.0977800
      518.000     0.101908
      519.000    0.0980120
      520.000     0.103145
      521.000    0.0999740
      522.000     0.101073
      523.000     0.106411
      524.000     0.103102
      525.000     0.103021
      526.000     0.102698
      527.000     0.107153
      528.000     0.106898
      529.000     0.106898
      530.000     0.106728
      531.000     0.106475
      532.000     0.104625
      533.000     0.108488
      534.000     0.110700
      535.000     0.110524
      536.000     0.110000
      537.000     0.113129
      538.000     0.112417
      539.000     0.113758
      540.000     0.114472
      541.000     0.114204
      542.000     0.111270
      543.000     0.112173
      544.000     0.116605
      545.000     0.113158
      546.000     0.116438
      547.000     0.116705
      548.000     0.118227
      549.000     0.119373
      550.000     0.120062
      551.000     0.121985
      552.000     0.123894
      553.000     0.120578
      554.000     0.123518
      555.000     0.121810
      556.000     0.124843
      557.000     0.125033
      558.000     0.127132
      559.000     0.126385
      560.000     0.127052
      561.000     0.128105
      562.000     0.128965
      563.000     0.129809
      564.000     0.128274
      565.000     0.129907
      566.000     0.132491
      567.000     0.132591
      568.000     0.133936
      569.000     0.135385
      570.000     0.137146
      571.000     0.136314
      572.000     0.135491
      573.000     0.136425
      574.000     0.137880
      575.000     0.138515
      576.000     0.137561
      577.000     0.140447
      578.000     0.141539
      579.000     0.142708
      580.000     0.141398
      581.000     0.140639
      582.000     0.142863
      583.000     0.142754
      584.000     0.143851
      585.000     0.147683
      586.000     0.147087
      587.000     0.145689
      588.000     0.145243
      589.000     0.147087
      590.000     0.149333
      591.000     0.147580
      592.000     0.147580
      593.000     0.147468
      594.000     0.148294
      595.000     0.152462
      596.000     0.152700
      597.000     0.151190
      598.000     0.153867
      599.000     0.154908
      600.000     0.153975
      601.000     0.153397
      602.000     0.152594
      603.000     0.154539
      604.000     0.155565
      605.000     0.156557
      606.000     0.156323
      607.000     0.156989
      608.000     0.156336
      609.000     0.156566
      610.000     0.157928
      611.000     0.158044
      612.000     0.158044
      613.000     0.157580
      614.000     0.160186
      615.000     0.160186
      616.000     0.161077
      617.000     0.161077
      618.000     0.161906
      619.000     0.160139
      620.000     0.160842
      621.000     0.160907
      622.000     0.161847
      623.000     0.165108
      624.000     0.163384
      625.000     0.162141
      626.000     0.162258
      627.000     0.164207
      628.000     0.166229
      629.000     0.165046
      630.000     0.164686
      631.000     0.167292
      632.000     0.167170
      633.000     0.166685
      634.000     0.166685
      635.000     0.166564
      636.000     0.170079
      637.000     0.170279
      638.000     0.170773
      639.000     0.169543
      640.000     0.172259
      641.000     0.173619
      642.000     0.174980
      643.000     0.174980
      644.000     0.174478
      645.000     0.175838
      646.000     0.175712
      647.000     0.174834
      648.000     0.175311
      649.000     0.176063
      650.000     0.176693
      651.000     0.177327
      652.000     0.177327
      653.000     0.180574
      654.000     0.182468
      655.000     0.179498
      656.000     0.178863
      657.000     0.181554
      658.000     0.182724
      659.000     0.183115
      660.000     0.180706
      661.000     0.184295
      662.000     0.186643
      663.000     0.186816
      664.000     0.187482
      665.000     0.188854
      666.000     0.188854
      667.000     0.187684
      668.000     0.191876
      669.000     0.191330
      670.000     0.191059
      671.000     0.193258
      672.000     0.189808
      673.000     0.189808
      674.000     0.191710
      675.000     0.193623
      676.000     0.194591
      677.000     0.195274
      678.000     0.197345
      679.000     0.196932
      680.000     0.195157
      681.000     0.195564
      682.000     0.196932
      683.000     0.198163
      684.000     0.199672
      685.000     0.200487
      686.000     0.199672
      687.000     0.201044
      688.000     0.203936
      689.000     0.205600
      690.000     0.204746
      691.000     0.204746
      692.000     0.204746
      693.000     0.206265
      694.000     0.206982
      695.000     0.206695
      696.000     0.208510
      697.000     0.209821
      698.000     0.211146
      699.000     0.212854
      700.000     0.212128
      701.000     0.212393
      702.000     0.212537
      703.000     0.214038
      704.000     0.214765
      705.000     0.216569
      706.000     0.217936
      707.000     0.218084
      708.000     0.217492
      709.000     0.217345
      710.000     0.219778
      711.000     0.223579
      712.000     0.223736
      713.000     0.223585
      714.000     0.226313
      715.000     0.223435
      716.000     0.222684
      717.000     0.225250
      718.000     0.225553
      719.000     0.227526
      720.000     0.230469
      721.000     0.227819
      722.000     0.227972
      723.000     0.228567
      724.000     0.232965
      725.000     0.233299
      726.000     0.232835
      727.000     0.230862
      728.000     0.230184
      729.000     0.230921
      730.000     0.232733
      731.000     0.235492
      732.000     0.236596
      733.000     0.238856
      734.000     0.239585
      735.000     0.238630
      736.000     0.238630
      737.000     0.238860
      738.000     0.242475
      739.000     0.240065
      740.000     0.240383
      741.000     0.240224
      742.000     0.240716
      743.000     0.240881
      744.000     0.243437
      745.000     0.245198
      746.000     0.244957
      747.000     0.243597
      748.000     0.244957
      749.000     0.247765
      750.000     0.249430
      751.000     0.248777
      752.000     0.248480
      753.000     0.250958
      754.000     0.248867
      755.000     0.251210
      756.000     0.251210
      757.000     0.252489
      758.000     0.249355
      759.000     0.251210
      760.000     0.253491
      761.000     0.253861
      762.000     0.254559
      763.000     0.255054
      764.000     0.255718
      765.000     0.257080
      766.000     0.256050
      767.000     0.257080
      768.000     0.258299
      769.000     0.256968
      770.000     0.258466
      771.000     0.260850
      772.000     0.260850
      773.000     0.259763
      774.000     0.259931
      775.000     0.260099
      776.000     0.261535
      777.000     0.261873
      778.000     0.264769
      779.000     0.263916
      780.000     0.261294
      781.000     0.263859
      782.000     0.266124
      783.000     0.267675
      784.000     0.268177
      785.000     0.267486
      786.000     0.269045
      787.000     0.270067
      788.000     0.268676
      789.000     0.271931
      790.000     0.271722
      791.000     0.272072
      792.000     0.271190
      793.000     0.270333
      794.000     0.267316
      795.000     0.271700
      796.000     0.273245
      797.000     0.273248
      798.000     0.272513
      799.000     0.272528
      800.000     0.277229
      801.000     0.277953
      802.000     0.278677
      803.000     0.279400
      804.000     0.280124
      805.000     0.280203
      806.000     0.280282
      807.000     0.280362
      808.000     0.280441
      809.000     0.281817
      810.000     0.283194
      811.000     0.284570
      812.000     0.285947
      813.000     0.285975
      814.000     0.286004
      815.000     0.286032
      816.000     0.286060
      817.000     0.286045
      818.000     0.286030
      819.000     0.286014
      820.000     0.285999
      821.000     0.285914
      822.000     0.285829
      823.000     0.285743
      824.000     0.285658
      825.000     0.286399
      826.000     0.287140
      827.000     0.287880
      828.000     0.288621
      829.000     0.289693
      830.000     0.290765
      831.000     0.291836
      832.000     0.292908
      833.000     0.292899
      834.000     0.292891
      835.000     0.292883
      836.000     0.292874
      837.000     0.292991
      838.000     0.293108
      839.000     0.293226
      840.000     0.293343
      841.000     0.294107
      842.000     0.294871
      843.000     0.295635
      844.000     0.296399
      845.000     0.296786
      846.000     0.297173
      847.000     0.297560
      848.000     0.297947
      849.000     0.298200
      850.000     0.298452
      851.000     0.298705
      852.000     0.298958
      853.000     0.299670
      854.000     0.300381
      855.000     0.301093
      856.000     0.301805
      857.000     0.301527
      858.000     0.301250
      859.000     0.300972
      860.000     0.300694
      861.000     0.301680
      862.000     0.302666
      863.000     0.303653
      864.000     0.304639
      865.000     0.304771
      866.000     0.304903
      867.000     0.305035
      868.000     0.305167
      869.000     0.305461
      870.000     0.305755
      871.000     0.306050
      872.000     0.306344
      873.000     0.306572
      874.000     0.306799
      875.000     0.307027
      876.000     0.307254
      877.000     0.307816
      878.000     0.308379
      879.000     0.308941
      880.000     0.309503
      881.000     0.309548
      882.000     0.309593
      883.000     0.309639
      884.000     0.309684
      885.000     0.309160
      886.000     0.308636
      887.000     0.308112
      888.000     0.307588
      889.000     0.308150
      890.000     0.308711
      891.000     0.309272
      892.000     0.309834
      893.000     0.309876
      894.000     0.309918
      895.000     0.309960
      896.000     0.310002
      897.000     0.310494
      898.000     0.310986
      899.000     0.311478
      900.000     0.311970
      901.000     0.311947
      902.000     0.311925
      903.000     0.311902
      904.000     0.311880
      905.000     0.312658
      906.000     0.313437
      907.000     0.314215
      908.000     0.314993
      909.000     0.315237
      910.000     0.315481
      911.000     0.315725
      912.000     0.315969
      913.000     0.316258
      914.000     0.316546
      915.000     0.316835
      916.000     0.317124
      917.000     0.317717
      918.000     0.318311
      919.000     0.318905
      920.000     0.319498
      921.000     0.319650
      922.000     0.319801
      923.000     0.319952
      924.000     0.320104
      925.000     0.320574
      926.000     0.321044
      927.000     0.321514
      928.000     0.321984
      929.000     0.322941
      930.000     0.323897
      931.000     0.324854
      932.000     0.325811
      933.000     0.325765
      934.000     0.325718
      935.000     0.325672
      936.000     0.325626
      937.000     0.325859
      938.000     0.326092
      939.000     0.326326
      940.000     0.326559
      941.000     0.326709
      942.000     0.326858
      943.000     0.327008
      944.000     0.327158
      945.000     0.327538
      946.000     0.327918
      947.000     0.328299
      948.000     0.328679
      949.000     0.329212
      950.000     0.329745
      951.000     0.330277
      952.000     0.330810
      953.000     0.330724
      954.000     0.330638
      955.000     0.330552
      956.000     0.330466
      957.000     0.330707
      958.000     0.330948
      959.000     0.331189
      960.000     0.331430
      961.000     0.332190
      962.000     0.332950
      963.000     0.333710
      964.000     0.334470
      965.000     0.334765
      966.000     0.335060
      967.000     0.335355
      968.000     0.335650
      969.000     0.336267
      970.000     0.336884
      971.000     0.337501
      972.000     0.338118
      973.000     0.338219
      974.000     0.338320
      975.000     0.338422
      976.000     0.338523
      977.000     0.339335
      978.000     0.340147
      979.000     0.340959
      980.000     0.341771
      981.000     0.341720
      982.000     0.341668
      983.000     0.341617
      984.000     0.341565
      985.000     0.341006
      986.000     0.340447
      987.000     0.339888
      988.000     0.339329
      989.000     0.340223
      990.000     0.341118
      991.000     0.342012
      992.000     0.342906
      993.000     0.343666
      994.000     0.344425
      995.000     0.345185
      996.000     0.345945
      997.000     0.345909
      998.000     0.345873
      999.000     0.345836
      1000.00     0.345800
      1001.00     0.346081
      1002.00     0.346363
      1003.00     0.346644
      1004.00     0.346925
      1005.00     0.347830
      1006.00     0.348735
      1007.00     0.349639
      1008.00     0.350544
      1009.00     0.350390
      1010.00     0.350236
      1011.00     0.350082
      1012.00     0.349928
      1013.00     0.350447
      1014.00     0.350966
      1015.00     0.351485
      1016.00     0.352004
      1017.00     0.352583
      1018.00     0.353162
      1019.00     0.353741
      1020.00     0.354320
      1021.00     0.353417
      1022.00     0.352513
      1023.00     0.351610
      1024.00     0.350707
      1025.00     0.351178
      1026.00     0.351650
      1027.00     0.352121
      1028.00     0.352592
      1029.00     0.353445
      1030.00     0.354298
      1031.00     0.355151
      1032.00     0.356004
      1033.00     0.356812
      1034.00     0.357620
      1035.00     0.358428
      1036.00     0.359236
      1037.00     0.358947
      1038.00     0.358658
      1039.00     0.358369
      1040.00     0.358080
      1041.00     0.358115
      1042.00     0.358151
      1043.00     0.358186
      1044.00     0.358221
      1045.00     0.357974
      1046.00     0.357726
      1047.00     0.357478
      1048.00     0.357231
      1049.00     0.358216
      1050.00     0.359201
      1051.00     0.360186
      1052.00     0.361171
      1053.00     0.361317
      1054.00     0.361463
      1055.00     0.361608
      1056.00     0.361754
      1057.00     0.362370
      1058.00     0.362985
      1059.00     0.363600
      1060.00     0.364216
      1061.00     0.364579
      1062.00     0.364943
      1063.00     0.365307
      1064.00     0.365670
      1065.00     0.364906
      1066.00     0.364141
      1067.00     0.363376
      1068.00     0.362612
      1069.00     0.363181
      1070.00     0.363751
      1071.00     0.364320
      1072.00     0.364889
      1073.00     0.366043
      1074.00     0.367197
      1075.00     0.368350
      1076.00     0.369504
      1077.00     0.369299
      1078.00     0.369094
      1079.00     0.368890
      1080.00     0.368685
      1081.00     0.369496
      1082.00     0.370307
      1083.00     0.371118
      1084.00     0.371929
      1085.00     0.372249
      1086.00     0.372569
      1087.00     0.372888
      1088.00     0.373208
      1089.00     0.373129
      1090.00     0.373050
      1091.00     0.372971
      1092.00     0.372892
      1093.00     0.373070
      1094.00     0.373249
      1095.00     0.373427
      1096.00     0.373605
      1097.00     0.373605
      1098.00     0.373605
      1099.00     0.373605
      1100.00     0.373605
      1101.00     0.373760
      1102.00     0.373915
      1103.00     0.374070
      1104.00     0.374225
      1105.00     0.373762
      1106.00     0.373299
      1107.00     0.372836
      1108.00     0.372373
      1109.00     0.372551
      1110.00     0.372728
      1111.00     0.372906
      1112.00     0.373084
      1113.00     0.374183
      1114.00     0.375283
      1115.00     0.376382
      1116.00     0.377482
      1117.00     0.378516
      1118.00     0.379551
      1119.00     0.380585
      1120.00     0.381619
      1121.00     0.381743
      1122.00     0.381867
      1123.00     0.381990
      1124.00     0.382114
      1125.00     0.382927
      1126.00     0.383739
      1127.00     0.384552
      1128.00     0.385365
      1129.00     0.384623
      1130.00     0.383880
      1131.00     0.383138
      1132.00     0.382396
      1133.00     0.382484
      1134.00     0.382573
      1135.00     0.382662
      1136.00     0.382750
      1137.00     0.382750
      1138.00     0.382750
      1139.00     0.382750
      1140.00     0.382750
      1141.00     0.383187
      1142.00     0.383624
      1143.00     0.384062
      1144.00     0.384499
      1145.00     0.384654
      1146.00     0.384809
      1147.00     0.384964
      1148.00     0.385119
      1149.00     0.385448
      1150.00     0.385777
      1151.00     0.386106
      1152.00     0.386435
      1153.00     0.386877
      1154.00     0.387318
      1155.00     0.387760
      1156.00     0.388202
      1157.00     0.388080
      1158.00     0.387958
      1159.00     0.387835
      1160.00     0.387713
      1161.00     0.388002
      1162.00     0.388291
      1163.00     0.388580
      1164.00     0.388869
      1165.00     0.388934
      1166.00     0.388999
      1167.00     0.389064
      1168.00     0.389129
      1169.00     0.389351
      1170.00     0.389574
      1171.00     0.389796
      1172.00     0.390018
      1173.00     0.390861
      1174.00     0.391704
      1175.00     0.392547
      1176.00     0.393390
      1177.00     0.393855
      1178.00     0.394320
      1179.00     0.394785
      1180.00     0.395250
      1181.00     0.395605
      1182.00     0.395960
      1183.00     0.396315
      1184.00     0.396670
      1185.00     0.397084
      1186.00     0.397498
      1187.00     0.397912
      1188.00     0.398326
      1189.00     0.398128
      1190.00     0.397930
      1191.00     0.397732
      1192.00     0.397534
      1193.00     0.398059
      1194.00     0.398583
      1195.00     0.399108
      1196.00     0.399633
      1197.00     0.399742
      1198.00     0.399852
      1199.00     0.399962
      1200.00     0.400071
      1201.00     0.399461
      1202.00     0.398851
      1203.00     0.398241
      1204.00     0.397631
      1205.00     0.397522
      1206.00     0.397413
      1207.00     0.397305
      1208.00     0.397196
      1209.00     0.397587
      1210.00     0.397978
      1211.00     0.398370
      1212.00     0.398761
      1213.00     0.400039
      1214.00     0.401316
      1215.00     0.402594
      1216.00     0.403872
      1217.00     0.404262
      1218.00     0.404651
      1219.00     0.405041
      1220.00     0.405431
      1221.00     0.405042
      1222.00     0.404652
      1223.00     0.404263
      1224.00     0.403874
      1225.00     0.403763
      1226.00     0.403651
      1227.00     0.403539
      1228.00     0.403428
      1229.00     0.404431
      1230.00     0.405435
      1231.00     0.406438
      1232.00     0.407442
      1233.00     0.408052
      1234.00     0.408662
      1235.00     0.409272
      1236.00     0.409882
      1237.00     0.410047
      1238.00     0.410212
      1239.00     0.410377
      1240.00     0.410542
      1241.00     0.410650
      1242.00     0.410758
      1243.00     0.410867
      1244.00     0.410975
      1245.00     0.410806
      1246.00     0.410636
      1247.00     0.410467
      1248.00     0.410298
      1249.00     0.410549
      1250.00     0.410799
      1251.00     0.411049
      1252.00     0.411300
      1253.00     0.411440
      1254.00     0.411579
      1255.00     0.411718
      1256.00     0.411858
      1257.00     0.412356
      1258.00     0.412853
      1259.00     0.413351
      1260.00     0.413849
      1261.00     0.414012
      1262.00     0.414176
      1263.00     0.414339
      1264.00     0.414503
      1265.00     0.414552
      1266.00     0.414602
      1267.00     0.414652
      1268.00     0.414701
      1269.00     0.414892
      1270.00     0.415084
      1271.00     0.415275
      1272.00     0.415466
      1273.00     0.414632
      1274.00     0.413797
      1275.00     0.412962
      1276.00     0.412128
      1277.00     0.412727
      1278.00     0.413326
      1279.00     0.413925
      1280.00     0.414524
      1281.00     0.414837
      1282.00     0.415151
      1283.00     0.415464
      1284.00     0.415777
      1285.00     0.415918
      1286.00     0.416060
      1287.00     0.416201
      1288.00     0.416342
      1289.00     0.416660
      1290.00     0.416978
      1291.00     0.417295
      1292.00     0.417613
      1293.00     0.418065
      1294.00     0.418517
      1295.00     0.418969
      1296.00     0.419421
      1297.00     0.418623
      1298.00     0.417825
      1299.00     0.417026
      1300.00     0.416228
      1301.00     0.416117
      1302.00     0.416005
      1303.00     0.415893
      1304.00     0.415782
      1305.00     0.415919
      1306.00     0.416057
      1307.00     0.416194
      1308.00     0.416331
      1309.00     0.416433
      1310.00     0.416535
      1311.00     0.416638
      1312.00     0.416740
      1313.00     0.417221
      1314.00     0.417703
      1315.00     0.418185
      1316.00     0.418666
      1317.00     0.419604
      1318.00     0.420543
      1319.00     0.421481
      1320.00     0.422419
      1321.00     0.422532
      1322.00     0.422645
      1323.00     0.422758
      1324.00     0.422871
      1325.00     0.422851
      1326.00     0.422830
      1327.00     0.422810
      1328.00     0.422789
      1329.00     0.423560
      1330.00     0.424331
      1331.00     0.425101
      1332.00     0.425872
      1333.00     0.425645
      1334.00     0.425418
      1335.00     0.425191
      1336.00     0.424964
      1337.00     0.424934
      1338.00     0.424903
      1339.00     0.424873
      1340.00     0.424843
      1341.00     0.424748
      1342.00     0.424653
      1343.00     0.424559
      1344.00     0.424464
      1345.00     0.424804
      1346.00     0.425143
      1347.00     0.425483
      1348.00     0.425823
      1349.00     0.426096
      1350.00     0.426369
      1351.00     0.426642
      1352.00     0.426915
      1353.00     0.426966
      1354.00     0.427016
      1355.00     0.427067
      1356.00     0.427117
      1357.00     0.426437
      1358.00     0.425757
      1359.00     0.425078
      1360.00     0.424398
      1361.00     0.423966
      1362.00     0.423535
      1363.00     0.423104
      1364.00     0.422672
      1365.00     0.422314
      1366.00     0.421957
      1367.00     0.421600
      1368.00     0.421242
      1369.00     0.422167
      1370.00     0.423091
      1371.00     0.424016
      1372.00     0.424941
      1373.00     0.423826
      1374.00     0.422712
      1375.00     0.421598
      1376.00     0.420483
      1377.00     0.419087
      1378.00     0.417692
      1379.00     0.416296
      1380.00     0.414900
      1381.00     0.413609
      1382.00     0.412318
      1383.00     0.411027
      1384.00     0.409736
      1385.00     0.409398
      1386.00     0.409061
      1387.00     0.408723
      1388.00     0.408386
      1389.00     0.407136
      1390.00     0.405886
      1391.00     0.404637
      1392.00     0.403387
      1393.00     0.402866
      1394.00     0.402345
      1395.00     0.401825
      1396.00     0.401304
      1397.00     0.400927
      1398.00     0.400549
      1399.00     0.400172
      1400.00     0.399794
      1401.00     0.399685
      1402.00     0.399577
      1403.00     0.399468
      1404.00     0.399359
      1405.00     0.398740
      1406.00     0.398121
      1407.00     0.397501
      1408.00     0.396882
      1409.00     0.397426
      1410.00     0.397970
      1411.00     0.398513
      1412.00     0.399057
      1413.00     0.400025
      1414.00     0.400993
      1415.00     0.401962
      1416.00     0.402930
      1417.00     0.404074
      1418.00     0.405218
      1419.00     0.406362
      1420.00     0.407506
      1421.00     0.406842
      1422.00     0.406178
      1423.00     0.405514
      1424.00     0.404850
      1425.00     0.405118
      1426.00     0.405385
      1427.00     0.405653
      1428.00     0.405921
      1429.00     0.406999
      1430.00     0.408076
      1431.00     0.409154
      1432.00     0.410232
      1433.00     0.410742
      1434.00     0.411252
      1435.00     0.411762
      1436.00     0.412272
      1437.00     0.412486
      1438.00     0.412699
      1439.00     0.412912
      1440.00     0.413126
      1441.00     0.413366
      1442.00     0.413606
      1443.00     0.413845
      1444.00     0.414085
      1445.00     0.414307
      1446.00     0.414529
      1447.00     0.414751
      1448.00     0.414973
      1449.00     0.414952
      1450.00     0.414932
      1451.00     0.414912
      1452.00     0.414891
      1453.00     0.414506
      1454.00     0.414120
      1455.00     0.413735
      1456.00     0.413350
      1457.00     0.413139
      1458.00     0.412929
      1459.00     0.412719
      1460.00     0.412508
      1461.00     0.413315
      1462.00     0.414121
      1463.00     0.414927
      1464.00     0.415734
      1465.00     0.416044
      1466.00     0.416354
      1467.00     0.416664
      1468.00     0.416974
      1469.00     0.416978
      1470.00     0.416982
      1471.00     0.416987
      1472.00     0.416991
      1473.00     0.417031
      1474.00     0.417070
      1475.00     0.417109
      1476.00     0.417149
      1477.00     0.417957
      1478.00     0.418765
      1479.00     0.419574
      1480.00     0.420382
      1481.00     0.421348
      1482.00     0.422314
      1483.00     0.423279
      1484.00     0.424245
      1485.00     0.424698
      1486.00     0.425151
      1487.00     0.425605
      1488.00     0.426058
      1489.00     0.426114
      1490.00     0.426171
      1491.00     0.426227
      1492.00     0.426284
      1493.00     0.426741
      1494.00     0.427199
      1495.00     0.427657
      1496.00     0.428114
      1497.00     0.428077
      1498.00     0.428040
      1499.00     0.428002
      1500.00     0.427965
      1501.00     0.429573
      1502.00     0.431180
      1503.00     0.432787
      1504.00     0.434395
      1505.00     0.434579
      1506.00     0.434762
      1507.00     0.434946
      1508.00     0.435130
      1509.00     0.436509
      1510.00     0.437889
      1511.00     0.439268
      1512.00     0.440647
      1513.00     0.440078
      1514.00     0.439510
      1515.00     0.438941
      1516.00     0.438372
      1517.00     0.438798
      1518.00     0.439223
      1519.00     0.439649
      1520.00     0.440074
      1521.00     0.440512
      1522.00     0.440951
      1523.00     0.441389
      1524.00     0.441827
      1525.00     0.441478
      1526.00     0.441129
      1527.00     0.440780
      1528.00     0.440431
      1529.00     0.440296
      1530.00     0.440161
      1531.00     0.440025
      1532.00     0.439890
      1533.00     0.440682
      1534.00     0.441473
      1535.00     0.442265
      1536.00     0.443057
      1537.00     0.444159
      1538.00     0.445260
      1539.00     0.446362
      1540.00     0.447464
      1541.00     0.446905
      1542.00     0.446346
      1543.00     0.445787
      1544.00     0.445228
      1545.00     0.444863
      1546.00     0.444497
      1547.00     0.444131
      1548.00     0.443766
      1549.00     0.444146
      1550.00     0.444526
      1551.00     0.444906
      1552.00     0.445286
      1553.00     0.445740
      1554.00     0.446194
      1555.00     0.446649
      1556.00     0.447103
      1557.00     0.447221
      1558.00     0.447339
      1559.00     0.447457
      1560.00     0.447575
      1561.00     0.447662
      1562.00     0.447748
      1563.00     0.447835
      1564.00     0.447922
      1565.00     0.447569
      1566.00     0.447215
      1567.00     0.446862
      1568.00     0.446509
      1569.00     0.446858
      1570.00     0.447207
      1571.00     0.447556
      1572.00     0.447905
      1573.00     0.448253
      1574.00     0.448601
      1575.00     0.448950
      1576.00     0.449298
      1577.00     0.449712
      1578.00     0.450125
      1579.00     0.450538
      1580.00     0.450952
      1581.00     0.451030
      1582.00     0.451109
      1583.00     0.451187
      1584.00     0.451266
      1585.00     0.451604
      1586.00     0.451942
      1587.00     0.452280
      1588.00     0.452618
      1589.00     0.453002
      1590.00     0.453385
      1591.00     0.453769
      1592.00     0.454153
      1593.00     0.454008
      1594.00     0.453864
      1595.00     0.453719
      1596.00     0.453575
      1597.00     0.453480
      1598.00     0.453385
      1599.00     0.453291
      1600.00     0.453196
      1601.00     0.454098
      1602.00     0.455000
      1603.00     0.455903
      1604.00     0.456805
      1605.00     0.456250
      1606.00     0.455696
      1607.00     0.455141
      1608.00     0.454587
      1609.00     0.454671
      1610.00     0.454754
      1611.00     0.454838
      1612.00     0.454922
      1613.00     0.454862
      1614.00     0.454803
      1615.00     0.454743
      1616.00     0.454683
      1617.00     0.454848
      1618.00     0.455014
      1619.00     0.455180
      1620.00     0.455345
      1621.00     0.455682
      1622.00     0.456019
      1623.00     0.456356
      1624.00     0.456693
      1625.00     0.456513
      1626.00     0.456333
      1627.00     0.456153
      1628.00     0.455973
      1629.00     0.455734
      1630.00     0.455495
      1631.00     0.455256
      1632.00     0.455017
      1633.00     0.454981
      1634.00     0.454945
      1635.00     0.454909
      1636.00     0.454873
      1637.00     0.455195
      1638.00     0.455516
      1639.00     0.455837
      1640.00     0.456159
      1641.00     0.456443
      1642.00     0.456728
      1643.00     0.457012
      1644.00     0.457296
      1645.00     0.457595
      1646.00     0.457895
      1647.00     0.458194
      1648.00     0.458494
      1649.00     0.458636
      1650.00     0.458778
      1651.00     0.458919
      1652.00     0.459061
      1653.00     0.458620
      1654.00     0.458179
      1655.00     0.457737
      1656.00     0.457296
      1657.00     0.456820
      1658.00     0.456344
      1659.00     0.455869
      1660.00     0.455393
      1661.00     0.455914
      1662.00     0.456434
      1663.00     0.456955
      1664.00     0.457476
      1665.00     0.457573
      1666.00     0.457670
      1667.00     0.457767
      1668.00     0.457864
      1669.00     0.457946
      1670.00     0.458027
      1671.00     0.458109
      1672.00     0.458191
      1673.00     0.458131
      1674.00     0.458072
      1675.00     0.458012
      1676.00     0.457952
      1677.00     0.458455
      1678.00     0.458958
      1679.00     0.459461
      1680.00     0.459964
      1681.00     0.459884
      1682.00     0.459803
      1683.00     0.459723
      1684.00     0.459643
      1685.00     0.460022
      1686.00     0.460402
      1687.00     0.460782
      1688.00     0.461161
      1689.00     0.461301
      1690.00     0.461441
      1691.00     0.461581
      1692.00     0.461721
      1693.00     0.462639
      1694.00     0.463557
      1695.00     0.464476
      1696.00     0.465394
      1697.00     0.466375
      1698.00     0.467357
      1699.00     0.468338
      1700.00     0.469320
      1701.00     0.469335
      1702.00     0.469350
      1703.00     0.469366
      1704.00     0.469381
      1705.00     0.468222
      1706.00     0.467063
      1707.00     0.465905
      1708.00     0.464746
      1709.00     0.465047
      1710.00     0.465347
      1711.00     0.465648
      1712.00     0.465949
      1713.00     0.465392
      1714.00     0.464836
      1715.00     0.464280
      1716.00     0.463723
      1717.00     0.463987
      1718.00     0.464252
      1719.00     0.464516
      1720.00     0.464781
      1721.00     0.464945
      1722.00     0.465109
      1723.00     0.465273
      1724.00     0.465437
      1725.00     0.466191
      1726.00     0.466946
      1727.00     0.467700
      1728.00     0.468454
      1729.00     0.467615
      1730.00     0.466776
      1731.00     0.465938
      1732.00     0.465099
      1733.00     0.465541
      1734.00     0.465982
      1735.00     0.466424
      1736.00     0.466866
      1737.00     0.466141
      1738.00     0.465415
      1739.00     0.464689
      1740.00     0.463964
      1741.00     0.463463
      1742.00     0.462963
      1743.00     0.462462
      1744.00     0.461961
      1745.00     0.462441
      1746.00     0.462920
      1747.00     0.463400
      1748.00     0.463880
      1749.00     0.464044
      1750.00     0.464208
      1751.00     0.464372
      1752.00     0.464536
      1753.00     0.464701
      1754.00     0.464866
      1755.00     0.465031
      1756.00     0.465196
      1757.00     0.465135
      1758.00     0.465074
      1759.00     0.465013
      1760.00     0.464952
      1761.00     0.464848
      1762.00     0.464744
      1763.00     0.464640
      1764.00     0.464536
      1765.00     0.464415
      1766.00     0.464294
      1767.00     0.464172
      1768.00     0.464051
      1769.00     0.463388
      1770.00     0.462726
      1771.00     0.462063
      1772.00     0.461400
      1773.00     0.461660
      1774.00     0.461920
      1775.00     0.462181
      1776.00     0.462441
      1777.00     0.463779
      1778.00     0.465117
      1779.00     0.466455
      1780.00     0.467793
      1781.00     0.468389
      1782.00     0.468984
      1783.00     0.469580
      1784.00     0.470175
      1785.00     0.469215
      1786.00     0.468254
      1787.00     0.467294
      1788.00     0.466333
      1789.00     0.466393
      1790.00     0.466453
      1791.00     0.466514
      1792.00     0.466574
      1793.00     0.467215
      1794.00     0.467856
      1795.00     0.468496
      1796.00     0.469137
      1797.00     0.469076
      1798.00     0.469016
      1799.00     0.468955
      1800.00     0.468894
      1801.00     0.467797
      1802.00     0.466700
      1803.00     0.465603
      1804.00     0.464506
      1805.00     0.464446
      1806.00     0.464386
      1807.00     0.464326
      1808.00     0.464266
      1809.00     0.464603
      1810.00     0.464939
      1811.00     0.465275
      1812.00     0.465612
      1813.00     0.465887
      1814.00     0.466163
      1815.00     0.466439
      1816.00     0.466714
      1817.00     0.467015
      1818.00     0.467315
      1819.00     0.467616
      1820.00     0.467917
      1821.00     0.467762
      1822.00     0.467607
      1823.00     0.467453
      1824.00     0.467298
      1825.00     0.467207
      1826.00     0.467115
      1827.00     0.467023
      1828.00     0.466932
      1829.00     0.466401
      1830.00     0.465871
      1831.00     0.465340
      1832.00     0.464810
      1833.00     0.465425
      1834.00     0.466040
      1835.00     0.466655
      1836.00     0.467270
      1837.00     0.467443
      1838.00     0.467616
      1839.00     0.467788
      1840.00     0.467961
      1841.00     0.467568
      1842.00     0.467175
      1843.00     0.466782
      1844.00     0.466389
      1845.00     0.466923
      1846.00     0.467457
      1847.00     0.467991
      1848.00     0.468525
      1849.00     0.467555
      1850.00     0.466586
      1851.00     0.465616
      1852.00     0.464646
      1853.00     0.464226
      1854.00     0.463807
      1855.00     0.463387
      1856.00     0.462968
      1857.00     0.462137
      1858.00     0.461307
      1859.00     0.460476
      1860.00     0.459645
      1861.00     0.457465
      1862.00     0.455284
      1863.00     0.453103
      1864.00     0.450923
      1865.00     0.448942
      1866.00     0.446961
      1867.00     0.444980
      1868.00     0.442999
      1869.00     0.440699
      1870.00     0.438399
      1871.00     0.436099
      1872.00     0.433799
      1873.00     0.431725
      1874.00     0.429651
      1875.00     0.427577
      1876.00     0.425503
      1877.00     0.422947
      1878.00     0.420390
      1879.00     0.417833
      1880.00     0.415277
      1881.00     0.411717
      1882.00     0.408156
      1883.00     0.404596
      1884.00     0.401036
      1885.00     0.396578
      1886.00     0.392120
      1887.00     0.387662
      1888.00     0.383204
      1889.00     0.379522
      1890.00     0.375840
      1891.00     0.372159
      1892.00     0.368477
      1893.00     0.364859
      1894.00     0.361242
      1895.00     0.357625
      1896.00     0.354007
      1897.00     0.350870
      1898.00     0.347733
      1899.00     0.344596
      1900.00     0.341459
      1901.00     0.340167
      1902.00     0.338876
      1903.00     0.337584
      1904.00     0.336293
      1905.00     0.336015
      1906.00     0.335737
      1907.00     0.335458
      1908.00     0.335180
      1909.00     0.335398
      1910.00     0.335617
      1911.00     0.335836
      1912.00     0.336054
      1913.00     0.336905
      1914.00     0.337756
      1915.00     0.338606
      1916.00     0.339457
      1917.00     0.340313
      1918.00     0.341168
      1919.00     0.342023
      1920.00     0.342879
      1921.00     0.344101
      1922.00     0.345324
      1923.00     0.346547
      1924.00     0.347769
      1925.00     0.349063
      1926.00     0.350356
      1927.00     0.351650
      1928.00     0.352943
      1929.00     0.354181
      1930.00     0.355420
      1931.00     0.356658
      1932.00     0.357896
      1933.00     0.358886
      1934.00     0.359876
      1935.00     0.360865
      1936.00     0.361855
      1937.00     0.362719
      1938.00     0.363582
      1939.00     0.364446
      1940.00     0.365310
      1941.00     0.366408
      1942.00     0.367507
      1943.00     0.368605
      1944.00     0.369703
      1945.00     0.370637
      1946.00     0.371571
      1947.00     0.372505
      1948.00     0.373439
      1949.00     0.373807
      1950.00     0.374175
      1951.00     0.374544
      1952.00     0.374912
      1953.00     0.375793
      1954.00     0.376674
      1955.00     0.377555
      1956.00     0.378436
      1957.00     0.379721
      1958.00     0.381006
      1959.00     0.382291
      1960.00     0.383576
      1961.00     0.384397
      1962.00     0.385219
      1963.00     0.386040
      1964.00     0.386861
      1965.00     0.387632
      1966.00     0.388404
      1967.00     0.389176
      1968.00     0.389947
      1969.00     0.390038
      1970.00     0.390128
      1971.00     0.390218
      1972.00     0.390309
      1973.00     0.392065
      1974.00     0.393822
      1975.00     0.395579
      1976.00     0.397335
      1977.00     0.397843
      1978.00     0.398351
      1979.00     0.398858
      1980.00     0.399366
      1981.00     0.400385
      1982.00     0.401404
      1983.00     0.402423
      1984.00     0.403442
      1985.00     0.404296
      1986.00     0.405151
      1987.00     0.406006
      1988.00     0.406860
      1989.00     0.407315
      1990.00     0.407770
      1991.00     0.408225
      1992.00     0.408680
      1993.00     0.409388
      1994.00     0.410096
      1995.00     0.410805
      1996.00     0.411513
      1997.00     0.412372
      1998.00     0.413231
      1999.00     0.414091
      2000.00     0.414950
      2001.00     0.416588
      2002.00     0.418226
      2003.00     0.419865
      2004.00     0.421503
      2005.00     0.421686
      2006.00     0.421869
      2007.00     0.422053
      2008.00     0.422236
      2009.00     0.422112
      2010.00     0.421988
      2011.00     0.421863
      2012.00     0.421739
      2013.00     0.421991
      2014.00     0.422244
      2015.00     0.422496
      2016.00     0.422749
      2017.00     0.423326
      2018.00     0.423903
      2019.00     0.424479
      2020.00     0.425056
      2021.00     0.425451
      2022.00     0.425845
      2023.00     0.426240
      2024.00     0.426634
      2025.00     0.427421
      2026.00     0.428208
      2027.00     0.428996
      2028.00     0.429783
      2029.00     0.429404
      2030.00     0.429025
      2031.00     0.428646
      2032.00     0.428267
      2033.00     0.428178
      2034.00     0.428089
      2035.00     0.428000
      2036.00     0.427911
      2037.00     0.428054
      2038.00     0.428196
      2039.00     0.428339
      2040.00     0.428482
      2041.00     0.429091
      2042.00     0.429700
      2043.00     0.430308
      2044.00     0.430917
      2045.00     0.430950
      2046.00     0.430983
      2047.00     0.431016
      2048.00     0.431049
      2049.00     0.431386
      2050.00     0.431723
      2051.00     0.432060
      2052.00     0.432397
      2053.00     0.432235
      2054.00     0.432073
      2055.00     0.431910
      2056.00     0.431748
      2057.00     0.431781
      2058.00     0.431814
      2059.00     0.431847
      2060.00     0.431880
      2061.00     0.433007
      2062.00     0.434134
      2063.00     0.435261
      2064.00     0.436388
      2065.00     0.436638
      2066.00     0.436887
      2067.00     0.437137
      2068.00     0.437386
      2069.00     0.436185
      2070.00     0.434983
      2071.00     0.433782
      2072.00     0.432581
      2073.00     0.432967
      2074.00     0.433352
      2075.00     0.433738
      2076.00     0.434124
      2077.00     0.434016
      2078.00     0.433908
      2079.00     0.433800
      2080.00     0.432359
      2081.00     0.432826
      2082.00     0.434569
      2083.00     0.434754
      2084.00     0.435225
      2085.00     0.434907
      2086.00     0.434535
      2087.00     0.434312
      2088.00     0.434563
      2089.00     0.435108
      2090.00     0.435446
      2091.00     0.435411
      2092.00     0.435076
      2093.00     0.434888
      2094.00     0.435188
      2095.00     0.435807
      2096.00     0.436387
      2097.00     0.436693
      2098.00     0.436654
      2099.00     0.436520
      2100.00     0.436477
      2101.00     0.436349
      2102.00     0.436042
      2103.00     0.435548
      2104.00     0.435007
      2105.00     0.434576
      2106.00     0.434572
      2107.00     0.434810
      2108.00     0.434957
      2109.00     0.434928
      2110.00     0.434786
      2111.00     0.434520
      2112.00     0.434350
      2113.00     0.434451
      2114.00     0.434800
      2115.00     0.435262
      2116.00     0.435712
      2117.00     0.436071
      2118.00     0.436087
      2119.00     0.435885
      2120.00     0.435675
      2121.00     0.435597
      2122.00     0.435695
      2123.00     0.436034
      2124.00     0.436331
      2125.00     0.436359
      2126.00     0.436181
      2127.00     0.435911
      2128.00     0.435607
      2129.00     0.435565
      2130.00     0.435776
      2131.00     0.435993
      2132.00     0.436034
      2133.00     0.435965
      2134.00     0.435885
      2135.00     0.435844
      2136.00     0.435945
      2137.00     0.435998
      2138.00     0.435807
      2139.00     0.435316
      2140.00     0.434698
      2141.00     0.434237
      2142.00     0.434048
      2143.00     0.434081
      2144.00     0.434213
      2145.00     0.434298
      2146.00     0.434204
      2147.00     0.434020
      2148.00     0.433980
      2149.00     0.434109
      2150.00     0.434294
      2151.00     0.434488
      2152.00     0.434605
      2153.00     0.434419
      2154.00     0.434079
      2155.00     0.433782
      2156.00     0.433410
      2157.00     0.432902
      2158.00     0.432374
      2159.00     0.431952
      2160.00     0.431581
      2161.00     0.431351
      2162.00     0.431332
      2163.00     0.431173
      2164.00     0.430894
      2165.00     0.430674
      2166.00     0.430720
      2167.00     0.431001
      2168.00     0.431341
      2169.00     0.431544
      2170.00     0.431348
      2171.00     0.430768
      2172.00     0.430085
      2173.00     0.429557
      2174.00     0.429332
      2175.00     0.429249
      2176.00     0.429065
      2177.00     0.428591
      2178.00     0.427896
      2179.00     0.427185
      2180.00     0.426569
      2181.00     0.426290
      2182.00     0.426221
      2183.00     0.426064
      2184.00     0.425619
      2185.00     0.424991
      2186.00     0.424337
      2187.00     0.423660
      2188.00     0.423113
      2189.00     0.422731
      2190.00     0.422270
      2191.00     0.421623
      2192.00     0.420830
      2193.00     0.420117
      2194.00     0.419403
      2195.00     0.418703
      2196.00     0.418032
      2197.00     0.417326
      2198.00     0.416482
      2199.00     0.415611
      2200.00     0.414752
      2201.00     0.413932
      2202.00     0.413153
      2203.00     0.412311
      2204.00     0.411555
      2205.00     0.411047
      2206.00     0.410507
      2207.00     0.410020
      2208.00     0.409662
      2209.00     0.409470
      2210.00     0.409370
      2211.00     0.409440
      2212.00     0.409702
      2213.00     0.410051
      2214.00     0.410396
      2215.00     0.410841
      2216.00     0.411394
      2217.00     0.411981
      2218.00     0.412480
      2219.00     0.412935
      2220.00     0.413317
      2221.00     0.413701
      2222.00     0.414059
      2223.00     0.414313
      2224.00     0.414393
      2225.00     0.414353
      2226.00     0.414392
      2227.00     0.414589
      2228.00     0.414962
      2229.00     0.415384
      2230.00     0.415715
      2231.00     0.415750
      2232.00     0.415558
      2233.00     0.415299
      2234.00     0.415097
      2235.00     0.414910
      2236.00     0.414739
      2237.00     0.414557
      2238.00     0.414288
      2239.00     0.413907
      2240.00     0.413463
      2241.00     0.413105
      2242.00     0.412793
      2243.00     0.412541
      2244.00     0.412382
      2245.00     0.412302
      2246.00     0.412204
      2247.00     0.412057
      2248.00     0.411977
      2249.00     0.412002
      2250.00     0.412071
      2251.00     0.412173
      2252.00     0.412140
      2253.00     0.411925
      2254.00     0.411587
      2255.00     0.411247
      2256.00     0.410968
      2257.00     0.410840
      2258.00     0.410809
      2259.00     0.410807
      2260.00     0.410737
      2261.00     0.410583
      2262.00     0.410356
      2263.00     0.410153
      2264.00     0.409996
      2265.00     0.409941
      2266.00     0.409981
      2267.00     0.410138
      2268.00     0.410365
      2269.00     0.410528
      2270.00     0.410501
      2271.00     0.410312
      2272.00     0.410075
      2273.00     0.409821
      2274.00     0.409557
      2275.00     0.409402
      2276.00     0.409378
      2277.00     0.409381
      2278.00     0.409315
      2279.00     0.409166
      2280.00     0.408958
      2281.00     0.408597
      2282.00     0.408118
      2283.00     0.407651
      2284.00     0.407244
      2285.00     0.406943
      2286.00     0.406734
      2287.00     0.406560
      2288.00     0.406391
      2289.00     0.406149
      2290.00     0.405802
      2291.00     0.405361
      2292.00     0.404806
      2293.00     0.404232
      2294.00     0.403661
      2295.00     0.403218
      2296.00     0.402949
      2297.00     0.402787
      2298.00     0.402647
      2299.00     0.402468
      2300.00     0.402045
      2301.00     0.401339
      2302.00     0.400509
      2303.00     0.399780
      2304.00     0.399302
      2305.00     0.398980
      2306.00     0.398946
      2307.00     0.399184
      2308.00     0.399467
      2309.00     0.399635
      2310.00     0.399587
      2311.00     0.399387
      2312.00     0.399022
      2313.00     0.398538
      2314.00     0.398158
      2315.00     0.397980
      2316.00     0.398016
      2317.00     0.398144
      2318.00     0.398230
      2319.00     0.398189
      2320.00     0.397971
      2321.00     0.397587
      2322.00     0.397131
      2323.00     0.396776
      2324.00     0.396522
      2325.00     0.396276
      2326.00     0.395954
      2327.00     0.395412
      2328.00     0.394711
      2329.00     0.393783
      2330.00     0.392959
      2331.00     0.392317
      2332.00     0.392009
      2333.00     0.391795
      2334.00     0.391580
      2335.00     0.391210
      2336.00     0.390656
      2337.00     0.389902
      2338.00     0.389177
      2339.00     0.388594
      2340.00     0.388243
      2341.00     0.388058
      2342.00     0.387946
      2343.00     0.387845
      2344.00     0.387692
      2345.00     0.387452
      2346.00     0.387156
      2347.00     0.386886
      2348.00     0.386681
      2349.00     0.386541
      2350.00     0.386510
      2351.00     0.386554
      2352.00     0.386668
      2353.00     0.386820
      2354.00     0.386976
      2355.00     0.387121
      2356.00     0.387215
      2357.00     0.387274
      2358.00     0.387357
      2359.00     0.387453
      2360.00     0.387528
      2361.00     0.387598
      2362.00     0.387642
      2363.00     0.387605
      2364.00     0.387398
      2365.00     0.386989
      2366.00     0.386624
      2367.00     0.386320
      2368.00     0.386040
      2369.00     0.385791
      2370.00     0.385578
      2371.00     0.385402
      2372.00     0.385223
      2373.00     0.385041
      2374.00     0.384902
      2375.00     0.384817
      2376.00     0.384719
      2377.00     0.384518
      2378.00     0.384171
      2379.00     0.383697
      2380.00     0.383184
      2381.00     0.382659
      2382.00     0.382194
      2383.00     0.381831
      2384.00     0.381555
      2385.00     0.381325
      2386.00     0.381113
      2387.00     0.380925
      2388.00     0.380740
      2389.00     0.380476
      2390.00     0.380081
      2391.00     0.379668
      2392.00     0.379308
      2393.00     0.379005
      2394.00     0.378734
      2395.00     0.378484
      2396.00     0.378234
      2397.00     0.377930
      2398.00     0.377519
      2399.00     0.376898
      2400.00     0.376206
      2401.00     0.375546
      2402.00     0.374924
      2403.00     0.374348
      2404.00     0.373862
      2405.00     0.373492
      2406.00     0.373228
      2407.00     0.373016
      2408.00     0.372758
      2409.00     0.372398
      2410.00     0.371912
      2411.00     0.371262
      2412.00     0.370542
      2413.00     0.369772
      2414.00     0.369020
      2415.00     0.368365
      2416.00     0.367810
      2417.00     0.367286
      2418.00     0.366637
      2419.00     0.365921
      2420.00     0.365113
      2421.00     0.364290
      2422.00     0.363404
      2423.00     0.362498
      2424.00     0.361686
      2425.00     0.360985
      2426.00     0.360304
      2427.00     0.359673
      2428.00     0.359166
      2429.00     0.358590
      2430.00     0.357937
      2431.00     0.357132
      2432.00     0.356150
      2433.00     0.355114
      2434.00     0.354123
      2435.00     0.353097
      2436.00     0.352251
      2437.00     0.351447
      2438.00     0.350770
      2439.00     0.350150
      2440.00     0.349557
      2441.00     0.348984
      2442.00     0.348376
      2443.00     0.347819
      2444.00     0.347167
      2445.00     0.346477
      2446.00     0.345710
      2447.00     0.344960
      2448.00     0.344272
      2449.00     0.343595
      2450.00     0.342964
      2451.00     0.342288
      2452.00     0.341641
      2453.00     0.340961
      2454.00     0.340236
      2455.00     0.339533
      2456.00     0.338921
      2457.00     0.338377
      2458.00     0.337952
      2459.00     0.337527
      2460.00     0.337014
      2461.00     0.336404
      2462.00     0.335730
      2463.00     0.335025
      2464.00     0.334344
      2465.00     0.333650
      2466.00     0.333109
      2467.00     0.332684
      2468.00     0.332304
      2469.00     0.331920
      2470.00     0.331506
      2471.00     0.331020
      2472.00     0.330494
      2473.00     0.329926
      2474.00     0.329285
      2475.00     0.328642
      2476.00     0.328040
      2477.00     0.327439
      2478.00     0.326785
      2479.00     0.326141
      2480.00     0.325539
      2481.00     0.324976
      2482.00     0.324483
      2483.00     0.324084
      2484.00     0.323752
      2485.00     0.323475
      2486.00     0.323145
      2487.00     0.322735
      2488.00     0.322279
      2489.00     0.321824
      2490.00     0.321383
      2491.00     0.320975
      2492.00     0.320637
      2493.00     0.320395
      2494.00     0.320252
      2495.00     0.320174
      2496.00     0.320091
      2497.00     0.319934
      2498.00     0.319714
      2499.00     0.319398
      2500.00     0.318984
