      400.000     0.468108
      401.000     0.470858
      402.000     0.471621
      403.000     0.476814
      404.000     0.482029
      405.000     0.480813
      406.000     0.484702
      407.000     0.484702
      408.000     0.483860
      409.000     0.487271
      410.000     0.491717
      411.000     0.493010
      412.000     0.493816
      413.000     0.494682
      414.000     0.497558
      415.000     0.497850
      416.000     0.499561
      417.000     0.503410
      418.000     0.505192
      419.000     0.508570
      420.000     0.511086
      421.000     0.514612
      422.000     0.516298
      423.000     0.518736
      424.000     0.519850
      425.000     0.518178
      426.000     0.525613
      427.000     0.525965
      428.000     0.525623
      429.000     0.525372
      430.000     0.531245
      431.000     0.533501
      432.000     0.539352
      433.000     0.539344
      434.000     0.538374
      435.000     0.540699
      436.000     0.546196
      437.000     0.547520
      438.000     0.550724
      439.000     0.552611
      440.000     0.554506
      441.000     0.558081
      442.000     0.555996
      443.000     0.560593
      444.000     0.563408
      445.000     0.562727
      446.000     0.564937
      447.000     0.571427
      448.000     0.566802
      449.000     0.568663
      450.000     0.574331
      451.000     0.575960
      452.000     0.580935
      453.000     0.579168
      454.000     0.583277
      455.000     0.586032
      456.000     0.590565
      457.000     0.589843
      458.000     0.583371
      459.000     0.583218
      460.000     0.588529
      461.000     0.590539
      462.000     0.592177
      463.000     0.594916
      464.000     0.598196
      465.000     0.596886
      466.000     0.594148
      467.000     0.600543
      468.000     0.597623
      469.000     0.599431
      470.000     0.603466
      471.000     0.609034
      472.000     0.611579
      473.000     0.609034
      474.000     0.610685
      475.000     0.614376
      476.000     0.612946
      477.000     0.609516
      478.000     0.611297
      479.000     0.614846
      480.000     0.617257
      481.000     0.621334
      482.000     0.620676
      483.000     0.616614
      484.000     0.617115
      485.000     0.619373
      486.000     0.624970
      487.000     0.628226
      488.000     0.631151
      489.000     0.628807
      490.000     0.626054
      491.000     0.628608
      492.000     0.627800
      493.000     0.633856
      494.000     0.637960
      495.000     0.637327
      496.000     0.637721
      497.000     0.637728
      498.000     0.639775
      499.000     0.646291
      500.000     0.644747
      501.000     0.643689
      502.000     0.647726
      503.000     0.646126
      504.000     0.646925
      505.000     0.648638
      506.000     0.650296
      507.000     0.650347
      508.000     0.652406
      509.000     0.657762
      510.000     0.659433
      511.000     0.658243
      512.000     0.658207
      513.000     0.659535
      514.000     0.663710
      515.000     0.667694
      516.000     0.662919
      517.000     0.662946
      518.000     0.668580
      519.000     0.669179
      520.000     0.677339
      521.000     0.672909
      522.000     0.673334
      523.000     0.673565
      524.000     0.668339
      525.000     0.669179
      526.000     0.670033
      527.000     0.677318
      528.000     0.674818
      529.000     0.676065
      530.000     0.677725
      531.000     0.680206
      532.000     0.678356
      533.000     0.685240
      534.000     0.691190
      535.000     0.690331
      536.000     0.691525
      537.000     0.695793
      538.000     0.694853
      539.000     0.694030
      540.000     0.695206
      541.000     0.696414
      542.000     0.696655
      543.000     0.697438
      544.000     0.702211
      545.000     0.692432
      546.000     0.701258
      547.000     0.702554
      548.000     0.706361
      549.000     0.710995
      550.000     0.710860
      551.000     0.714441
      552.000     0.715528
      553.000     0.711188
      554.000     0.715017
      555.000     0.712419
      556.000     0.715452
      557.000     0.717557
      558.000     0.721515
      559.000     0.723295
      560.000     0.725612
      561.000     0.727212
      562.000     0.728114
      563.000     0.726326
      564.000     0.727269
      565.000     0.732781
      566.000     0.735717
      567.000     0.737413
      568.000     0.737867
      569.000     0.738776
      570.000     0.741243
      571.000     0.738838
      572.000     0.737692
      573.000     0.736622
      574.000     0.741957
      575.000     0.743473
      576.000     0.742144
      577.000     0.746816
      578.000     0.751550
      579.000     0.751074
      580.000     0.753425
      581.000     0.752651
      582.000     0.746136
      583.000     0.750758
      584.000     0.755509
      585.000     0.763586
      586.000     0.755818
      587.000     0.759193
      588.000     0.758551
      589.000     0.762246
      590.000     0.760992
      591.000     0.763991
      592.000     0.758871
      593.000     0.758391
      594.000     0.757755
      595.000     0.767078
      596.000     0.765271
      597.000     0.764304
      598.000     0.763692
      599.000     0.762728
      600.000     0.763796
      601.000     0.765205
      602.000     0.765650
      603.000     0.765785
      604.000     0.767346
      605.000     0.769044
      606.000     0.768091
      607.000     0.765720
      608.000     0.762755
      609.000     0.763695
      610.000     0.764165
      611.000     0.764636
      612.000     0.767131
      613.000     0.768977
      614.000     0.769450
      615.000     0.766960
      616.000     0.765546
      617.000     0.768032
      618.000     0.766745
      619.000     0.759754
      620.000     0.763766
      621.000     0.763645
      622.000     0.773588
      623.000     0.777034
      624.000     0.772646
      625.000     0.771047
      626.000     0.767814
      627.000     0.769397
      628.000     0.772830
      629.000     0.773955
      630.000     0.776255
      631.000     0.775489
      632.000     0.777497
      633.000     0.776832
      634.000     0.775592
      635.000     0.775118
      636.000     0.772280
      637.000     0.773879
      638.000     0.775779
      639.000     0.772281
      640.000     0.773224
      641.000     0.777405
      642.000     0.779117
      643.000     0.777880
      644.000     0.773515
      645.000     0.772752
      646.000     0.773515
      647.000     0.768997
      648.000     0.771102
      649.000     0.775140
      650.000     0.775037
      651.000     0.774933
      652.000     0.781113
      653.000     0.785228
      654.000     0.786399
      655.000     0.783782
      656.000     0.780145
      657.000     0.781788
      658.000     0.778260
      659.000     0.780917
      660.000     0.782718
      661.000     0.783987
      662.000     0.784746
      663.000     0.778450
      664.000     0.783306
      665.000     0.783786
      666.000     0.782547
      667.000     0.783106
      668.000     0.788192
      669.000     0.788739
      670.000     0.789011
      671.000     0.786812
      672.000     0.788498
      673.000     0.787265
      674.000     0.788426
      675.000     0.788353
      676.000     0.783673
      677.000     0.787314
      678.000     0.788353
      679.000     0.789387
      680.000     0.783178
      681.000     0.782141
      682.000     0.782615
      683.000     0.785078
      684.000     0.783566
      685.000     0.784602
      686.000     0.787265
      687.000     0.787743
      688.000     0.792890
      689.000     0.794340
      690.000     0.791444
      691.000     0.791444
      692.000     0.791444
      693.000     0.791172
      694.000     0.792347
      695.000     0.792619
      696.000     0.793315
      697.000     0.796453
      698.000     0.795863
      699.000     0.796738
      700.000     0.794342
      701.000     0.792080
      702.000     0.793763
      703.000     0.794711
      704.000     0.797092
      705.000     0.797787
      706.000     0.798266
      707.000     0.798746
      708.000     0.798048
      709.000     0.798786
      710.000     0.797569
      711.000     0.800482
      712.000     0.795924
      713.000     0.794237
      714.000     0.796399
      715.000     0.799818
      716.000     0.797439
      717.000     0.799122
      718.000     0.798864
      719.000     0.801251
      720.000     0.805407
      721.000     0.797180
      722.000     0.804911
      723.000     0.805411
      724.000     0.802971
      725.000     0.798396
      726.000     0.801797
      727.000     0.798227
      728.000     0.798037
      729.000     0.801408
      730.000     0.800904
      731.000     0.803249
      732.000     0.805391
      733.000     0.804911
      734.000     0.803475
      735.000     0.803024
      736.000     0.801821
      737.000     0.804207
      738.000     0.803002
      739.000     0.806617
      740.000     0.808781
      741.000     0.809507
      742.000     0.805678
      743.000     0.803063
      744.000     0.804735
      745.000     0.804725
      746.000     0.803285
      747.000     0.807608
      748.000     0.811685
      749.000     0.808550
      750.000     0.809529
      751.000     0.805233
      752.000     0.805919
      753.000     0.806885
      754.000     0.802354
      755.000     0.806871
      756.000     0.805669
      757.000     0.807838
      758.000     0.806170
      759.000     0.811680
      760.000     0.804275
      761.000     0.804306
      762.000     0.804086
      763.000     0.806692
      764.000     0.809782
      765.000     0.812651
      766.000     0.813129
      767.000     0.810258
      768.000     0.805748
      769.000     0.803180
      770.000     0.810988
      771.000     0.810988
      772.000     0.809796
      773.000     0.810514
      774.000     0.810989
      775.000     0.812659
      776.000     0.813137
      777.000     0.811705
      778.000     0.813133
      779.000     0.816707
      780.000     0.817439
      781.000     0.809813
      782.000     0.811473
      783.000     0.812174
      784.000     0.812656
      785.000     0.815517
      786.000     0.817437
      787.000     0.819348
      788.000     0.813137
      789.000     0.817908
      790.000     0.809338
      791.000     0.810283
      792.000     0.812702
      793.000     0.813619
      794.000     0.810301
      795.000     0.816483
      796.000     0.815049
      797.000     0.810567
      798.000     0.808643
      799.000     0.808628
      800.000     0.808591
      801.000     0.809532
      802.000     0.810472
      803.000     0.811412
      804.000     0.812353
      805.000     0.811972
      806.000     0.811590
      807.000     0.811209
      808.000     0.810828
      809.000     0.811219
      810.000     0.811610
      811.000     0.812000
      812.000     0.812391
      813.000     0.811065
      814.000     0.809739
      815.000     0.808414
      816.000     0.807088
      817.000     0.807440
      818.000     0.807793
      819.000     0.808145
      820.000     0.808497
      821.000     0.807379
      822.000     0.806261
      823.000     0.805143
      824.000     0.804025
      825.000     0.805500
      826.000     0.806974
      827.000     0.808449
      828.000     0.809924
      829.000     0.809774
      830.000     0.809624
      831.000     0.809474
      832.000     0.809324
      833.000     0.809139
      834.000     0.808954
      835.000     0.808768
      836.000     0.808583
      837.000     0.807777
      838.000     0.806970
      839.000     0.806163
      840.000     0.805357
      841.000     0.805919
      842.000     0.806481
      843.000     0.807043
      844.000     0.807605
      845.000     0.807293
      846.000     0.806982
      847.000     0.806670
      848.000     0.806358
      849.000     0.805653
      850.000     0.804947
      851.000     0.804242
      852.000     0.803537
      853.000     0.803689
      854.000     0.803841
      855.000     0.803993
      856.000     0.804145
      857.000     0.803541
      858.000     0.802936
      859.000     0.802332
      860.000     0.801728
      861.000     0.802188
      862.000     0.802647
      863.000     0.803107
      864.000     0.803567
      865.000     0.803412
      866.000     0.803258
      867.000     0.803104
      868.000     0.802949
      869.000     0.803243
      870.000     0.803537
      871.000     0.803832
      872.000     0.804126
      873.000     0.803548
      874.000     0.802969
      875.000     0.802391
      876.000     0.801813
      877.000     0.801640
      878.000     0.801466
      879.000     0.801293
      880.000     0.801120
      881.000     0.801812
      882.000     0.802505
      883.000     0.803197
      884.000     0.803889
      885.000     0.801717
      886.000     0.799546
      887.000     0.797374
      888.000     0.795202
      889.000     0.795039
      890.000     0.794875
      891.000     0.794712
      892.000     0.794548
      893.000     0.794423
      894.000     0.794297
      895.000     0.794172
      896.000     0.794046
      897.000     0.794415
      898.000     0.794784
      899.000     0.795152
      900.000     0.795521
      901.000     0.795070
      902.000     0.794618
      903.000     0.794167
      904.000     0.793715
      905.000     0.793504
      906.000     0.793293
      907.000     0.793082
      908.000     0.792871
      909.000     0.792477
      910.000     0.792083
      911.000     0.791688
      912.000     0.791294
      913.000     0.791872
      914.000     0.792449
      915.000     0.793027
      916.000     0.793605
      917.000     0.792974
      918.000     0.792344
      919.000     0.791713
      920.000     0.791083
      921.000     0.790769
      922.000     0.790455
      923.000     0.790141
      924.000     0.789827
      925.000     0.790246
      926.000     0.790664
      927.000     0.791083
      928.000     0.791502
      929.000     0.791135
      930.000     0.790769
      931.000     0.790402
      932.000     0.790035
      933.000     0.789930
      934.000     0.789825
      935.000     0.789721
      936.000     0.789616
      937.000     0.788755
      938.000     0.787894
      939.000     0.787032
      940.000     0.786171
      941.000     0.785281
      942.000     0.784391
      943.000     0.783501
      944.000     0.782611
      945.000     0.781893
      946.000     0.781175
      947.000     0.780457
      948.000     0.779739
      949.000     0.778539
      950.000     0.777339
      951.000     0.776138
      952.000     0.774938
      953.000     0.774120
      954.000     0.773302
      955.000     0.772484
      956.000     0.771666
      957.000     0.770702
      958.000     0.769737
      959.000     0.768773
      960.000     0.767809
      961.000     0.767005
      962.000     0.766201
      963.000     0.765398
      964.000     0.764594
      965.000     0.762037
      966.000     0.759480
      967.000     0.756923
      968.000     0.754366
      969.000     0.753260
      970.000     0.752154
      971.000     0.751049
      972.000     0.749943
      973.000     0.748458
      974.000     0.746973
      975.000     0.745488
      976.000     0.744003
      977.000     0.742759
      978.000     0.741516
      979.000     0.740272
      980.000     0.739028
      981.000     0.737776
      982.000     0.736523
      983.000     0.735271
      984.000     0.734018
      985.000     0.732651
      986.000     0.731284
      987.000     0.729918
      988.000     0.728551
      989.000     0.731732
      990.000     0.734914
      991.000     0.738096
      992.000     0.741277
      993.000     0.742224
      994.000     0.743171
      995.000     0.744118
      996.000     0.745065
      997.000     0.747041
      998.000     0.749017
      999.000     0.750994
      1000.00     0.752970
      1001.00     0.754662
      1002.00     0.756354
      1003.00     0.758046
      1004.00     0.759738
      1005.00     0.760694
      1006.00     0.761649
      1007.00     0.762605
      1008.00     0.763560
      1009.00     0.764370
      1010.00     0.765181
      1011.00     0.765991
      1012.00     0.766801
      1013.00     0.768972
      1014.00     0.771143
      1015.00     0.773315
      1016.00     0.775486
      1017.00     0.776948
      1018.00     0.778409
      1019.00     0.779871
      1020.00     0.781333
      1021.00     0.782370
      1022.00     0.783406
      1023.00     0.784443
      1024.00     0.785480
      1025.00     0.786412
      1026.00     0.787345
      1027.00     0.788277
      1028.00     0.789210
      1029.00     0.789494
      1030.00     0.789778
      1031.00     0.790063
      1032.00     0.790347
      1033.00     0.792795
      1034.00     0.795242
      1035.00     0.797690
      1036.00     0.800138
      1037.00     0.800429
      1038.00     0.800721
      1039.00     0.801012
      1040.00     0.801303
      1041.00     0.801065
      1042.00     0.800828
      1043.00     0.800590
      1044.00     0.800352
      1045.00     0.799550
      1046.00     0.798748
      1047.00     0.797946
      1048.00     0.797144
      1049.00     0.798520
      1050.00     0.799896
      1051.00     0.801273
      1052.00     0.802649
      1053.00     0.801838
      1054.00     0.801027
      1055.00     0.800216
      1056.00     0.799405
      1057.00     0.798378
      1058.00     0.797350
      1059.00     0.796322
      1060.00     0.795295
      1061.00     0.795730
      1062.00     0.796165
      1063.00     0.796599
      1064.00     0.797034
      1065.00     0.796340
      1066.00     0.795647
      1067.00     0.794953
      1068.00     0.794259
      1069.00     0.795093
      1070.00     0.795926
      1071.00     0.796759
      1072.00     0.797593
      1073.00     0.798783
      1074.00     0.799973
      1075.00     0.801162
      1076.00     0.802352
      1077.00     0.802217
      1078.00     0.802083
      1079.00     0.801948
      1080.00     0.801814
      1081.00     0.799233
      1082.00     0.796652
      1083.00     0.794072
      1084.00     0.791491
      1085.00     0.792376
      1086.00     0.793261
      1087.00     0.794145
      1088.00     0.795030
      1089.00     0.794591
      1090.00     0.794152
      1091.00     0.793714
      1092.00     0.793275
      1093.00     0.791945
      1094.00     0.790614
      1095.00     0.789284
      1096.00     0.787953
      1097.00     0.786828
      1098.00     0.785702
      1099.00     0.784577
      1100.00     0.783452
      1101.00     0.784038
      1102.00     0.784624
      1103.00     0.785211
      1104.00     0.785797
      1105.00     0.785166
      1106.00     0.784534
      1107.00     0.783903
      1108.00     0.783272
      1109.00     0.782790
      1110.00     0.782309
      1111.00     0.781827
      1112.00     0.781345
      1113.00     0.781569
      1114.00     0.781792
      1115.00     0.782016
      1116.00     0.782239
      1117.00     0.781177
      1118.00     0.780114
      1119.00     0.779051
      1120.00     0.777989
      1121.00     0.777687
      1122.00     0.777385
      1123.00     0.777082
      1124.00     0.776780
      1125.00     0.776090
      1126.00     0.775401
      1127.00     0.774711
      1128.00     0.774021
      1129.00     0.773185
      1130.00     0.772348
      1131.00     0.771512
      1132.00     0.770676
      1133.00     0.767536
      1134.00     0.764397
      1135.00     0.761257
      1136.00     0.758118
      1137.00     0.752785
      1138.00     0.747451
      1139.00     0.742118
      1140.00     0.736785
      1141.00     0.735134
      1142.00     0.733483
      1143.00     0.731832
      1144.00     0.730181
      1145.00     0.727695
      1146.00     0.725209
      1147.00     0.722722
      1148.00     0.720236
      1149.00     0.715755
      1150.00     0.711274
      1151.00     0.706793
      1152.00     0.702312
      1153.00     0.697469
      1154.00     0.692626
      1155.00     0.687782
      1156.00     0.682939
      1157.00     0.677331
      1158.00     0.671723
      1159.00     0.666116
      1160.00     0.660508
      1161.00     0.656510
      1162.00     0.652511
      1163.00     0.648512
      1164.00     0.644514
      1165.00     0.641165
      1166.00     0.637817
      1167.00     0.634468
      1168.00     0.631119
      1169.00     0.629116
      1170.00     0.627113
      1171.00     0.625109
      1172.00     0.623106
      1173.00     0.622975
      1174.00     0.622844
      1175.00     0.622713
      1176.00     0.622582
      1177.00     0.622294
      1178.00     0.622007
      1179.00     0.621719
      1180.00     0.621431
      1181.00     0.621007
      1182.00     0.620582
      1183.00     0.620158
      1184.00     0.619734
      1185.00     0.619920
      1186.00     0.620106
      1187.00     0.620292
      1188.00     0.620478
      1189.00     0.619498
      1190.00     0.618518
      1191.00     0.617539
      1192.00     0.616559
      1193.00     0.616347
      1194.00     0.616135
      1195.00     0.615924
      1196.00     0.615712
      1197.00     0.616146
      1198.00     0.616580
      1199.00     0.617015
      1200.00     0.617449
      1201.00     0.619036
      1202.00     0.620623
      1203.00     0.622210
      1204.00     0.623797
      1205.00     0.626134
      1206.00     0.628471
      1207.00     0.630809
      1208.00     0.633146
      1209.00     0.633459
      1210.00     0.633772
      1211.00     0.634084
      1212.00     0.634397
      1213.00     0.636559
      1214.00     0.638720
      1215.00     0.640881
      1216.00     0.643043
      1217.00     0.644176
      1218.00     0.645308
      1219.00     0.646441
      1220.00     0.647574
      1221.00     0.649216
      1222.00     0.650859
      1223.00     0.652501
      1224.00     0.654143
      1225.00     0.655089
      1226.00     0.656034
      1227.00     0.656980
      1228.00     0.657926
      1229.00     0.659573
      1230.00     0.661221
      1231.00     0.662868
      1232.00     0.664515
      1233.00     0.667234
      1234.00     0.669953
      1235.00     0.672673
      1236.00     0.675392
      1237.00     0.677164
      1238.00     0.678936
      1239.00     0.680709
      1240.00     0.682481
      1241.00     0.683884
      1242.00     0.685287
      1243.00     0.686689
      1244.00     0.688092
      1245.00     0.689213
      1246.00     0.690334
      1247.00     0.691456
      1248.00     0.692577
      1249.00     0.693902
      1250.00     0.695228
      1251.00     0.696554
      1252.00     0.697879
      1253.00     0.698672
      1254.00     0.699465
      1255.00     0.700257
      1256.00     0.701050
      1257.00     0.702069
      1258.00     0.703088
      1259.00     0.704107
      1260.00     0.705126
      1261.00     0.705776
      1262.00     0.706427
      1263.00     0.707077
      1264.00     0.707727
      1265.00     0.707642
      1266.00     0.707557
      1267.00     0.707472
      1268.00     0.707387
      1269.00     0.707236
      1270.00     0.707084
      1271.00     0.706933
      1272.00     0.706781
      1273.00     0.706606
      1274.00     0.706432
      1275.00     0.706257
      1276.00     0.706082
      1277.00     0.706272
      1278.00     0.706463
      1279.00     0.706654
      1280.00     0.706844
      1281.00     0.706859
      1282.00     0.706874
      1283.00     0.706890
      1284.00     0.706905
      1285.00     0.706110
      1286.00     0.705315
      1287.00     0.704520
      1288.00     0.703725
      1289.00     0.703101
      1290.00     0.702476
      1291.00     0.701851
      1292.00     0.701227
      1293.00     0.700803
      1294.00     0.700379
      1295.00     0.699955
      1296.00     0.699531
      1297.00     0.697375
      1298.00     0.695218
      1299.00     0.693061
      1300.00     0.690905
      1301.00     0.689655
      1302.00     0.688406
      1303.00     0.687156
      1304.00     0.685906
      1305.00     0.683562
      1306.00     0.681219
      1307.00     0.678875
      1308.00     0.676531
      1309.00     0.674399
      1310.00     0.672266
      1311.00     0.670133
      1312.00     0.668001
      1313.00     0.666307
      1314.00     0.664613
      1315.00     0.662919
      1316.00     0.661225
      1317.00     0.659796
      1318.00     0.658368
      1319.00     0.656940
      1320.00     0.655511
      1321.00     0.652445
      1322.00     0.649379
      1323.00     0.646313
      1324.00     0.643247
      1325.00     0.639190
      1326.00     0.635134
      1327.00     0.631077
      1328.00     0.627020
      1329.00     0.623735
      1330.00     0.620451
      1331.00     0.617167
      1332.00     0.613882
      1333.00     0.609552
      1334.00     0.605222
      1335.00     0.600892
      1336.00     0.596562
      1337.00     0.592356
      1338.00     0.588151
      1339.00     0.583945
      1340.00     0.579739
      1341.00     0.576146
      1342.00     0.572554
      1343.00     0.568962
      1344.00     0.565369
      1345.00     0.562042
      1346.00     0.558715
      1347.00     0.555387
      1348.00     0.552060
      1349.00     0.548815
      1350.00     0.545570
      1351.00     0.542325
      1352.00     0.539080
      1353.00     0.536622
      1354.00     0.534164
      1355.00     0.531705
      1356.00     0.529247
      1357.00     0.526869
      1358.00     0.524491
      1359.00     0.522112
      1360.00     0.519734
      1361.00     0.517280
      1362.00     0.514825
      1363.00     0.512371
      1364.00     0.509916
      1365.00     0.507261
      1366.00     0.504606
      1367.00     0.501951
      1368.00     0.499296
      1369.00     0.498686
      1370.00     0.498076
      1371.00     0.497467
      1372.00     0.496857
      1373.00     0.494500
      1374.00     0.492144
      1375.00     0.489787
      1376.00     0.487430
      1377.00     0.485706
      1378.00     0.483981
      1379.00     0.482257
      1380.00     0.480533
      1381.00     0.478101
      1382.00     0.475670
      1383.00     0.473238
      1384.00     0.470806
      1385.00     0.468080
      1386.00     0.465355
      1387.00     0.462629
      1388.00     0.459903
      1389.00     0.455125
      1390.00     0.450346
      1391.00     0.445568
      1392.00     0.440790
      1393.00     0.435133
      1394.00     0.429476
      1395.00     0.423820
      1396.00     0.418163
      1397.00     0.412036
      1398.00     0.405909
      1399.00     0.399782
      1400.00     0.393655
      1401.00     0.386669
      1402.00     0.379683
      1403.00     0.372698
      1404.00     0.365712
      1405.00     0.357109
      1406.00     0.348505
      1407.00     0.339902
      1408.00     0.331299
      1409.00     0.323346
      1410.00     0.315394
      1411.00     0.307441
      1412.00     0.299488
      1413.00     0.292519
      1414.00     0.285549
      1415.00     0.278580
      1416.00     0.271611
      1417.00     0.266406
      1418.00     0.261202
      1419.00     0.255997
      1420.00     0.250792
      1421.00     0.244017
      1422.00     0.237242
      1423.00     0.230466
      1424.00     0.223691
      1425.00     0.216192
      1426.00     0.208692
      1427.00     0.201193
      1428.00     0.193693
      1429.00     0.186556
      1430.00     0.179419
      1431.00     0.172281
      1432.00     0.165144
      1433.00     0.160935
      1434.00     0.156727
      1435.00     0.152518
      1436.00     0.148309
      1437.00     0.149099
      1438.00     0.149889
      1439.00     0.150678
      1440.00     0.151468
      1441.00     0.154849
      1442.00     0.158230
      1443.00     0.161611
      1444.00     0.164992
      1445.00     0.170781
      1446.00     0.176570
      1447.00     0.182359
      1448.00     0.188148
      1449.00     0.191123
      1450.00     0.194097
      1451.00     0.197072
      1452.00     0.200046
      1453.00     0.202004
      1454.00     0.203963
      1455.00     0.205921
      1456.00     0.207879
      1457.00     0.209495
      1458.00     0.211111
      1459.00     0.212726
      1460.00     0.214342
      1461.00     0.215266
      1462.00     0.216190
      1463.00     0.217113
      1464.00     0.218037
      1465.00     0.218465
      1466.00     0.218894
      1467.00     0.219323
      1468.00     0.219751
      1469.00     0.219108
      1470.00     0.218466
      1471.00     0.217824
      1472.00     0.217181
      1473.00     0.215602
      1474.00     0.214022
      1475.00     0.212442
      1476.00     0.210863
      1477.00     0.209659
      1478.00     0.208455
      1479.00     0.207250
      1480.00     0.206046
      1481.00     0.206650
      1482.00     0.207254
      1483.00     0.207859
      1484.00     0.208463
      1485.00     0.210951
      1486.00     0.213439
      1487.00     0.215927
      1488.00     0.218415
      1489.00     0.221224
      1490.00     0.224032
      1491.00     0.226841
      1492.00     0.229650
      1493.00     0.231356
      1494.00     0.233062
      1495.00     0.234768
      1496.00     0.236474
      1497.00     0.243788
      1498.00     0.251102
      1499.00     0.258417
      1500.00     0.265731
      1501.00     0.268220
      1502.00     0.270709
      1503.00     0.273199
      1504.00     0.275688
      1505.00     0.276548
      1506.00     0.277407
      1507.00     0.278267
      1508.00     0.279127
      1509.00     0.278367
      1510.00     0.277608
      1511.00     0.276848
      1512.00     0.276088
      1513.00     0.275118
      1514.00     0.274149
      1515.00     0.273180
      1516.00     0.272210
      1517.00     0.271370
      1518.00     0.270529
      1519.00     0.269688
      1520.00     0.268848
      1521.00     0.267625
      1522.00     0.266401
      1523.00     0.265178
      1524.00     0.263955
      1525.00     0.263505
      1526.00     0.263054
      1527.00     0.262603
      1528.00     0.262153
      1529.00     0.263412
      1530.00     0.264671
      1531.00     0.265930
      1532.00     0.267189
      1533.00     0.270356
      1534.00     0.273524
      1535.00     0.276691
      1536.00     0.279858
      1537.00     0.285332
      1538.00     0.290807
      1539.00     0.296281
      1540.00     0.301755
      1541.00     0.306590
      1542.00     0.311424
      1543.00     0.316258
      1544.00     0.321093
      1545.00     0.325059
      1546.00     0.329026
      1547.00     0.332992
      1548.00     0.336958
      1549.00     0.341517
      1550.00     0.346076
      1551.00     0.350634
      1552.00     0.355193
      1553.00     0.359820
      1554.00     0.364448
      1555.00     0.369076
      1556.00     0.373703
      1557.00     0.377490
      1558.00     0.381278
      1559.00     0.385065
      1560.00     0.388853
      1561.00     0.391876
      1562.00     0.394899
      1563.00     0.397923
      1564.00     0.400946
      1565.00     0.403548
      1566.00     0.406150
      1567.00     0.408751
      1568.00     0.411353
      1569.00     0.413829
      1570.00     0.416305
      1571.00     0.418782
      1572.00     0.421258
      1573.00     0.423989
      1574.00     0.426720
      1575.00     0.429451
      1576.00     0.432182
      1577.00     0.434915
      1578.00     0.437649
      1579.00     0.440382
      1580.00     0.443115
      1581.00     0.445534
      1582.00     0.447953
      1583.00     0.450371
      1584.00     0.452790
      1585.00     0.456027
      1586.00     0.459264
      1587.00     0.462501
      1588.00     0.465738
      1589.00     0.469022
      1590.00     0.472306
      1591.00     0.475590
      1592.00     0.478874
      1593.00     0.482165
      1594.00     0.485455
      1595.00     0.488746
      1596.00     0.492036
      1597.00     0.495105
      1598.00     0.498173
      1599.00     0.501242
      1600.00     0.504310
      1601.00     0.507577
      1602.00     0.510844
      1603.00     0.514110
      1604.00     0.517377
      1605.00     0.519192
      1606.00     0.521007
      1607.00     0.522822
      1608.00     0.524637
      1609.00     0.527075
      1610.00     0.529513
      1611.00     0.531950
      1612.00     0.534388
      1613.00     0.536950
      1614.00     0.539513
      1615.00     0.542076
      1616.00     0.544638
      1617.00     0.546665
      1618.00     0.548693
      1619.00     0.550720
      1620.00     0.552748
      1621.00     0.555462
      1622.00     0.558176
      1623.00     0.560890
      1624.00     0.563604
      1625.00     0.566290
      1626.00     0.568976
      1627.00     0.571662
      1628.00     0.574348
      1629.00     0.576692
      1630.00     0.579036
      1631.00     0.581381
      1632.00     0.583725
      1633.00     0.585203
      1634.00     0.586681
      1635.00     0.588158
      1636.00     0.589636
      1637.00     0.591279
      1638.00     0.592921
      1639.00     0.594564
      1640.00     0.596207
      1641.00     0.597747
      1642.00     0.599287
      1643.00     0.600827
      1644.00     0.602367
      1645.00     0.604043
      1646.00     0.605719
      1647.00     0.607396
      1648.00     0.609072
      1649.00     0.610232
      1650.00     0.611393
      1651.00     0.612553
      1652.00     0.613714
      1653.00     0.613490
      1654.00     0.613267
      1655.00     0.613044
      1656.00     0.612820
      1657.00     0.612227
      1658.00     0.611634
      1659.00     0.611042
      1660.00     0.610449
      1661.00     0.610449
      1662.00     0.610449
      1663.00     0.610449
      1664.00     0.610449
      1665.00     0.610110
      1666.00     0.609771
      1667.00     0.609432
      1668.00     0.609093
      1669.00     0.607829
      1670.00     0.606565
      1671.00     0.605301
      1672.00     0.604037
      1673.00     0.602140
      1674.00     0.600243
      1675.00     0.598346
      1676.00     0.596449
      1677.00     0.594030
      1678.00     0.591612
      1679.00     0.589194
      1680.00     0.586775
      1681.00     0.583047
      1682.00     0.579319
      1683.00     0.575590
      1684.00     0.571862
      1685.00     0.567840
      1686.00     0.563817
      1687.00     0.559794
      1688.00     0.555772
      1689.00     0.550443
      1690.00     0.545113
      1691.00     0.539783
      1692.00     0.534454
      1693.00     0.528356
      1694.00     0.522259
      1695.00     0.516162
      1696.00     0.510064
      1697.00     0.504551
      1698.00     0.499037
      1699.00     0.493523
      1700.00     0.488010
      1701.00     0.480771
      1702.00     0.473533
      1703.00     0.466295
      1704.00     0.459056
      1705.00     0.450432
      1706.00     0.441808
      1707.00     0.433183
      1708.00     0.424559
      1709.00     0.417812
      1710.00     0.411065
      1711.00     0.404318
      1712.00     0.397571
      1713.00     0.390662
      1714.00     0.383754
      1715.00     0.376845
      1716.00     0.369937
      1717.00     0.363702
      1718.00     0.357467
      1719.00     0.351232
      1720.00     0.344997
      1721.00     0.338451
      1722.00     0.331905
      1723.00     0.325360
      1724.00     0.318814
      1725.00     0.314599
      1726.00     0.310383
      1727.00     0.306167
      1728.00     0.301952
      1729.00     0.297156
      1730.00     0.292360
      1731.00     0.287564
      1732.00     0.282768
      1733.00     0.280765
      1734.00     0.278762
      1735.00     0.276758
      1736.00     0.274755
      1737.00     0.273854
      1738.00     0.272954
      1739.00     0.272053
      1740.00     0.271152
      1741.00     0.271804
      1742.00     0.272457
      1743.00     0.273109
      1744.00     0.273762
      1745.00     0.275828
      1746.00     0.277895
      1747.00     0.279962
      1748.00     0.282028
      1749.00     0.284088
      1750.00     0.286147
      1751.00     0.288207
      1752.00     0.290266
      1753.00     0.292340
      1754.00     0.294413
      1755.00     0.296487
      1756.00     0.298560
      1757.00     0.300093
      1758.00     0.301627
      1759.00     0.303160
      1760.00     0.304693
      1761.00     0.306300
      1762.00     0.307907
      1763.00     0.309513
      1764.00     0.311120
      1765.00     0.312869
      1766.00     0.314618
      1767.00     0.316367
      1768.00     0.318116
      1769.00     0.319580
      1770.00     0.321044
      1771.00     0.322508
      1772.00     0.323972
      1773.00     0.326834
      1774.00     0.329696
      1775.00     0.332557
      1776.00     0.335419
      1777.00     0.339175
      1778.00     0.342931
      1779.00     0.346687
      1780.00     0.350443
      1781.00     0.353947
      1782.00     0.357452
      1783.00     0.360956
      1784.00     0.364461
      1785.00     0.367499
      1786.00     0.370537
      1787.00     0.373576
      1788.00     0.376614
      1789.00     0.379502
      1790.00     0.382390
      1791.00     0.385279
      1792.00     0.388167
      1793.00     0.391056
      1794.00     0.393945
      1795.00     0.396833
      1796.00     0.399722
      1797.00     0.402007
      1798.00     0.404291
      1799.00     0.406576
      1800.00     0.408860
      1801.00     0.409891
      1802.00     0.410922
      1803.00     0.411952
      1804.00     0.412983
      1805.00     0.415260
      1806.00     0.417536
      1807.00     0.419813
      1808.00     0.422089
      1809.00     0.422197
      1810.00     0.422305
      1811.00     0.422412
      1812.00     0.422520
      1813.00     0.422577
      1814.00     0.422634
      1815.00     0.422692
      1816.00     0.422749
      1817.00     0.423516
      1818.00     0.424284
      1819.00     0.425051
      1820.00     0.425818
      1821.00     0.425604
      1822.00     0.425391
      1823.00     0.425177
      1824.00     0.424964
      1825.00     0.424504
      1826.00     0.424043
      1827.00     0.423583
      1828.00     0.423123
      1829.00     0.421371
      1830.00     0.419618
      1831.00     0.417866
      1832.00     0.416113
      1833.00     0.414773
      1834.00     0.413434
      1835.00     0.412094
      1836.00     0.410754
      1837.00     0.408156
      1838.00     0.405559
      1839.00     0.402961
      1840.00     0.400363
      1841.00     0.396123
      1842.00     0.391882
      1843.00     0.387642
      1844.00     0.383402
      1845.00     0.379449
      1846.00     0.375495
      1847.00     0.371542
      1848.00     0.367588
      1849.00     0.361988
      1850.00     0.356387
      1851.00     0.350787
      1852.00     0.345186
      1853.00     0.338987
      1854.00     0.332788
      1855.00     0.326589
      1856.00     0.320390
      1857.00     0.313345
      1858.00     0.306301
      1859.00     0.299256
      1860.00     0.292211
      1861.00     0.284305
      1862.00     0.276399
      1863.00     0.268494
      1864.00     0.260588
      1865.00     0.252489
      1866.00     0.244390
      1867.00     0.236291
      1868.00     0.228192
      1869.00     0.220500
      1870.00     0.212808
      1871.00     0.205115
      1872.00     0.197423
      1873.00     0.191976
      1874.00     0.186530
      1875.00     0.181083
      1876.00     0.175636
      1877.00     0.170739
      1878.00     0.165842
      1879.00     0.160945
      1880.00     0.156048
      1881.00     0.150505
      1882.00     0.144963
      1883.00     0.139421
      1884.00     0.133878
      1885.00     0.129494
      1886.00     0.125111
      1887.00     0.120727
      1888.00     0.116343
      1889.00     0.112140
      1890.00     0.107936
      1891.00     0.103732
      1892.00    0.0995290
      1893.00    0.0955983
      1894.00    0.0916675
      1895.00    0.0877367
      1896.00    0.0838060
      1897.00    0.0808048
      1898.00    0.0778035
      1899.00    0.0748022
      1900.00    0.0718010
      1901.00    0.0692237
      1902.00    0.0666465
      1903.00    0.0640692
      1904.00    0.0614920
      1905.00    0.0593682
      1906.00    0.0572445
      1907.00    0.0551207
      1908.00    0.0529970
      1909.00    0.0508832
      1910.00    0.0487695
      1911.00    0.0466557
      1912.00    0.0445420
      1913.00    0.0429785
      1914.00    0.0414150
      1915.00    0.0398515
      1916.00    0.0382880
      1917.00    0.0366812
      1918.00    0.0350745
      1919.00    0.0334678
      1920.00    0.0318610
      1921.00    0.0310672
      1922.00    0.0302735
      1923.00    0.0294797
      1924.00    0.0286860
      1925.00    0.0281490
      1926.00    0.0276120
      1927.00    0.0270750
      1928.00    0.0265380
      1929.00    0.0262637
      1930.00    0.0259895
      1931.00    0.0257153
      1932.00    0.0254410
      1933.00    0.0254203
      1934.00    0.0253995
      1935.00    0.0253787
      1936.00    0.0253580
      1937.00    0.0253425
      1938.00    0.0253270
      1939.00    0.0253115
      1940.00    0.0252960
      1941.00    0.0260632
      1942.00    0.0268305
      1943.00    0.0275977
      1944.00    0.0283650
      1945.00    0.0286185
      1946.00    0.0288720
      1947.00    0.0291255
      1948.00    0.0293790
      1949.00    0.0298870
      1950.00    0.0303950
      1951.00    0.0309030
      1952.00    0.0314110
      1953.00    0.0321748
      1954.00    0.0329385
      1955.00    0.0337022
      1956.00    0.0344660
      1957.00    0.0347230
      1958.00    0.0349800
      1959.00    0.0352370
      1960.00    0.0354940
      1961.00    0.0357540
      1962.00    0.0360140
      1963.00    0.0362740
      1964.00    0.0365340
      1965.00    0.0373053
      1966.00    0.0380765
      1967.00    0.0388477
      1968.00    0.0396190
      1969.00    0.0393380
      1970.00    0.0390570
      1971.00    0.0387760
      1972.00    0.0384950
      1973.00    0.0402600
      1974.00    0.0420250
      1975.00    0.0437900
      1976.00    0.0455550
      1977.00    0.0470627
      1978.00    0.0485705
      1979.00    0.0500783
      1980.00    0.0515860
      1981.00    0.0538787
      1982.00    0.0561715
      1983.00    0.0584642
      1984.00    0.0607570
      1985.00    0.0642617
      1986.00    0.0677665
      1987.00    0.0712712
      1988.00    0.0747760
      1989.00    0.0788268
      1990.00    0.0828775
      1991.00    0.0869282
      1992.00    0.0909790
      1993.00    0.0950258
      1994.00    0.0990725
      1995.00     0.103119
      1996.00     0.107166
      1997.00     0.110988
      1998.00     0.114810
      1999.00     0.118632
      2000.00     0.122454
      2001.00     0.127061
      2002.00     0.131667
      2003.00     0.136274
      2004.00     0.140881
      2005.00     0.144080
      2006.00     0.147279
      2007.00     0.150478
      2008.00     0.153677
      2009.00     0.156839
      2010.00     0.160001
      2011.00     0.163162
      2012.00     0.166324
      2013.00     0.169100
      2014.00     0.171877
      2015.00     0.174654
      2016.00     0.177431
      2017.00     0.179786
      2018.00     0.182142
      2019.00     0.184498
      2020.00     0.186853
      2021.00     0.188821
      2022.00     0.190789
      2023.00     0.192756
      2024.00     0.194724
      2025.00     0.196141
      2026.00     0.197558
      2027.00     0.198975
      2028.00     0.200392
      2029.00     0.201234
      2030.00     0.202076
      2031.00     0.202919
      2032.00     0.203761
      2033.00     0.205080
      2034.00     0.206400
      2035.00     0.207719
      2036.00     0.209039
      2037.00     0.209743
      2038.00     0.210446
      2039.00     0.211150
      2040.00     0.211853
      2041.00     0.212902
      2042.00     0.213951
      2043.00     0.215000
      2044.00     0.216049
      2045.00     0.215452
      2046.00     0.214855
      2047.00     0.214259
      2048.00     0.213662
      2049.00     0.213840
      2050.00     0.214018
      2051.00     0.214196
      2052.00     0.214374
      2053.00     0.214552
      2054.00     0.214729
      2055.00     0.214907
      2056.00     0.215085
      2057.00     0.214741
      2058.00     0.214396
      2059.00     0.214052
      2060.00     0.213708
      2061.00     0.213875
      2062.00     0.214041
      2063.00     0.214208
      2064.00     0.214374
      2065.00     0.214125
      2066.00     0.213876
      2067.00     0.213626
      2068.00     0.213377
      2069.00     0.212328
      2070.00     0.211279
      2071.00     0.210230
      2072.00     0.209181
      2073.00     0.209133
      2074.00     0.209085
      2075.00     0.209036
      2076.00     0.208988
      2077.00     0.207858
      2078.00     0.206729
      2079.00     0.205599
      2080.00     0.205481
      2081.00     0.206402
      2082.00     0.206892
      2083.00     0.205862
      2084.00     0.204842
      2085.00     0.204680
      2086.00     0.204085
      2087.00     0.202939
      2088.00     0.201336
      2089.00     0.200579
      2090.00     0.199571
      2091.00     0.198224
      2092.00     0.197256
      2093.00     0.196707
      2094.00     0.195826
      2095.00     0.194242
      2096.00     0.192995
      2097.00     0.191781
      2098.00     0.190979
      2099.00     0.190402
      2100.00     0.189292
      2101.00     0.187414
      2102.00     0.186173
      2103.00     0.185598
      2104.00     0.184423
      2105.00     0.182779
      2106.00     0.181408
      2107.00     0.180780
      2108.00     0.179498
      2109.00     0.177772
      2110.00     0.176003
      2111.00     0.174254
      2112.00     0.172740
      2113.00     0.171228
      2114.00     0.170644
      2115.00     0.170626
      2116.00     0.169525
      2117.00     0.167441
      2118.00     0.166164
      2119.00     0.165218
      2120.00     0.163818
      2121.00     0.163251
      2122.00     0.162692
      2123.00     0.161374
      2124.00     0.159867
      2125.00     0.158036
      2126.00     0.156932
      2127.00     0.156326
      2128.00     0.155354
      2129.00     0.154516
      2130.00     0.154541
      2131.00     0.153762
      2132.00     0.152633
      2133.00     0.152230
      2134.00     0.152085
      2135.00     0.151184
      2136.00     0.149474
      2137.00     0.148499
      2138.00     0.147568
      2139.00     0.147095
      2140.00     0.146275
      2141.00     0.145305
      2142.00     0.144359
      2143.00     0.143883
      2144.00     0.142949
      2145.00     0.142235
      2146.00     0.141885
      2147.00     0.141022
      2148.00     0.139954
      2149.00     0.138748
      2150.00     0.137804
      2151.00     0.137047
      2152.00     0.136101
      2153.00     0.134879
      2154.00     0.133980
      2155.00     0.133145
      2156.00     0.132112
      2157.00     0.131468
      2158.00     0.131000
      2159.00     0.130469
      2160.00     0.129585
      2161.00     0.128322
      2162.00     0.127291
      2163.00     0.126637
      2164.00     0.125745
      2165.00     0.124484
      2166.00     0.123639
      2167.00     0.123155
      2168.00     0.122623
      2169.00     0.121808
      2170.00     0.120674
      2171.00     0.119539
      2172.00     0.118982
      2173.00     0.118031
      2174.00     0.117045
      2175.00     0.116341
      2176.00     0.116417
      2177.00     0.116226
      2178.00     0.115816
      2179.00     0.115375
      2180.00     0.115344
      2181.00     0.115930
      2182.00     0.115762
      2183.00     0.115502
      2184.00     0.115468
      2185.00     0.115301
      2186.00     0.114749
      2187.00     0.113873
      2188.00     0.113298
      2189.00     0.113585
      2190.00     0.113707
      2191.00     0.112871
      2192.00     0.112500
      2193.00     0.112773
      2194.00     0.112310
      2195.00     0.111615
      2196.00     0.110980
      2197.00     0.110213
      2198.00     0.109510
      2199.00     0.108632
      2200.00     0.107908
      2201.00     0.107149
      2202.00     0.106239
      2203.00     0.105331
      2204.00     0.104359
      2205.00     0.103491
      2206.00     0.102636
      2207.00     0.101579
      2208.00     0.100156
      2209.00    0.0989320
      2210.00    0.0980936
      2211.00    0.0968000
      2212.00    0.0954637
      2213.00    0.0951286
      2214.00    0.0951790
      2215.00    0.0950645
      2216.00    0.0944427
      2217.00    0.0935103
      2218.00    0.0933018
      2219.00    0.0934993
      2220.00    0.0937240
      2221.00    0.0945180
      2222.00    0.0959187
      2223.00    0.0975078
      2224.00    0.0988520
      2225.00     0.100283
      2226.00     0.102259
      2227.00     0.104193
      2228.00     0.106548
      2229.00     0.108193
      2230.00     0.109291
      2231.00     0.110362
      2232.00     0.111801
      2233.00     0.113353
      2234.00     0.114457
      2235.00     0.114874
      2236.00     0.115241
      2237.00     0.116011
      2238.00     0.116567
      2239.00     0.116948
      2240.00     0.117580
      2241.00     0.117908
      2242.00     0.118094
      2243.00     0.118298
      2244.00     0.118621
      2245.00     0.118944
      2246.00     0.119350
      2247.00     0.119191
      2248.00     0.119232
      2249.00     0.119295
      2250.00     0.118728
      2251.00     0.118049
      2252.00     0.118288
      2253.00     0.118318
      2254.00     0.117942
      2255.00     0.117607
      2256.00     0.117361
      2257.00     0.117007
      2258.00     0.116449
      2259.00     0.115596
      2260.00     0.114379
      2261.00     0.113339
      2262.00     0.112606
      2263.00     0.112142
      2264.00     0.111375
      2265.00     0.110330
      2266.00     0.109555
      2267.00     0.109331
      2268.00     0.109303
      2269.00     0.109186
      2270.00     0.109543
      2271.00     0.110305
      2272.00     0.111087
      2273.00     0.112135
      2274.00     0.113458
      2275.00     0.114851
      2276.00     0.116382
      2277.00     0.118057
      2278.00     0.119721
      2279.00     0.121156
      2280.00     0.122325
      2281.00     0.123580
      2282.00     0.124456
      2283.00     0.125501
      2284.00     0.126471
      2285.00     0.127195
      2286.00     0.128237
      2287.00     0.128896
      2288.00     0.129520
      2289.00     0.130025
      2290.00     0.130512
      2291.00     0.131301
      2292.00     0.131968
      2293.00     0.132483
      2294.00     0.132699
      2295.00     0.132849
      2296.00     0.133033
      2297.00     0.133139
      2298.00     0.133452
      2299.00     0.134177
      2300.00     0.134763
      2301.00     0.135122
      2302.00     0.135232
      2303.00     0.134975
      2304.00     0.135426
      2305.00     0.135968
      2306.00     0.136058
      2307.00     0.135734
      2308.00     0.135516
      2309.00     0.135368
      2310.00     0.135349
      2311.00     0.135491
      2312.00     0.135479
      2313.00     0.135455
      2314.00     0.135444
      2315.00     0.135337
      2316.00     0.135345
      2317.00     0.135542
      2318.00     0.135467
      2319.00     0.135007
      2320.00     0.134713
      2321.00     0.134713
      2322.00     0.134494
      2323.00     0.133788
      2324.00     0.133172
      2325.00     0.132969
      2326.00     0.133024
      2327.00     0.132962
      2328.00     0.132686
      2329.00     0.131876
      2330.00     0.130935
      2331.00     0.130219
      2332.00     0.129952
      2333.00     0.129287
      2334.00     0.128485
      2335.00     0.128140
      2336.00     0.127561
      2337.00     0.126612
      2338.00     0.125667
      2339.00     0.124804
      2340.00     0.124023
      2341.00     0.123199
      2342.00     0.122428
      2343.00     0.121790
      2344.00     0.121116
      2345.00     0.120306
      2346.00     0.119188
      2347.00     0.117664
      2348.00     0.116395
      2349.00     0.115781
      2350.00     0.114897
      2351.00     0.113580
      2352.00     0.112646
      2353.00     0.111777
      2354.00     0.110717
      2355.00     0.109539
      2356.00     0.108279
      2357.00     0.107095
      2358.00     0.106093
      2359.00     0.105257
      2360.00     0.104270
      2361.00     0.102846
      2362.00     0.101677
      2363.00     0.100396
      2364.00    0.0991140
      2365.00    0.0977340
      2366.00    0.0964068
      2367.00    0.0947382
      2368.00    0.0930312
      2369.00    0.0916039
      2370.00    0.0900644
      2371.00    0.0886729
      2372.00    0.0873835
      2373.00    0.0857643
      2374.00    0.0838637
      2375.00    0.0822105
      2376.00    0.0809463
      2377.00    0.0796680
      2378.00    0.0778769
      2379.00    0.0761555
      2380.00    0.0747354
      2381.00    0.0731279
      2382.00    0.0716288
      2383.00    0.0702951
      2384.00    0.0689022
      2385.00    0.0671637
      2386.00    0.0651432
      2387.00    0.0634573
      2388.00    0.0625920
      2389.00    0.0614400
      2390.00    0.0597111
      2391.00    0.0579981
      2392.00    0.0564041
      2393.00    0.0549122
      2394.00    0.0535267
      2395.00    0.0522409
      2396.00    0.0508162
      2397.00    0.0492835
      2398.00    0.0481721
      2399.00    0.0471820
      2400.00    0.0458567
      2401.00    0.0447422
      2402.00    0.0437959
      2403.00    0.0427910
      2404.00    0.0416939
      2405.00    0.0406353
      2406.00    0.0398187
      2407.00    0.0392397
      2408.00    0.0386319
      2409.00    0.0383300
      2410.00    0.0380328
      2411.00    0.0373394
      2412.00    0.0368160
      2413.00    0.0364256
      2414.00    0.0360897
      2415.00    0.0357086
      2416.00    0.0351304
      2417.00    0.0342684
      2418.00    0.0335230
      2419.00    0.0334921
      2420.00    0.0336142
      2421.00    0.0335480
      2422.00    0.0334186
      2423.00    0.0333400
      2424.00    0.0332536
      2425.00    0.0331188
      2426.00    0.0331694
      2427.00    0.0330540
      2428.00    0.0324456
      2429.00    0.0321291
      2430.00    0.0320216
      2431.00    0.0319738
      2432.00    0.0317842
      2433.00    0.0314908
      2434.00    0.0314557
      2435.00    0.0314130
      2436.00    0.0314722
      2437.00    0.0314258
      2438.00    0.0315790
      2439.00    0.0316717
      2440.00    0.0313857
      2441.00    0.0308217
      2442.00    0.0305193
      2443.00    0.0306127
      2444.00    0.0305345
      2445.00    0.0306697
      2446.00    0.0309548
      2447.00    0.0310138
      2448.00    0.0307583
      2449.00    0.0305428
      2450.00    0.0307420
      2451.00    0.0307311
      2452.00    0.0304720
      2453.00    0.0302279
      2454.00    0.0298541
      2455.00    0.0294993
      2456.00    0.0294378
      2457.00    0.0295242
      2458.00    0.0294058
      2459.00    0.0293250
      2460.00    0.0291544
      2461.00    0.0290710
      2462.00    0.0291037
      2463.00    0.0290662
      2464.00    0.0285620
      2465.00    0.0283802
      2466.00    0.0288817
      2467.00    0.0289827
      2468.00    0.0287901
      2469.00    0.0286200
      2470.00    0.0285680
      2471.00    0.0283180
      2472.00    0.0280188
      2473.00    0.0279263
      2474.00    0.0279733
      2475.00    0.0279297
      2476.00    0.0276987
      2477.00    0.0274057
      2478.00    0.0273623
      2479.00    0.0274112
      2480.00    0.0275503
      2481.00    0.0275915
      2482.00    0.0275630
      2483.00    0.0276687
      2484.00    0.0279370
      2485.00    0.0275011
      2486.00    0.0270593
      2487.00    0.0269955
      2488.00    0.0270343
      2489.00    0.0268780
      2490.00    0.0268430
      2491.00    0.0270388
      2492.00    0.0270533
      2493.00    0.0271030
      2494.00    0.0273320
      2495.00    0.0277420
      2496.00    0.0281220
      2497.00    0.0281737
      2498.00    0.0281380
      2499.00    0.0279490
      2500.00    0.0276513
