      400.000    0.0269090
      401.000    0.0270860
      402.000    0.0287240
      403.000    0.0288610
      404.000    0.0275940
      405.000    0.0288420
      406.000    0.0289000
      407.000    0.0276540
      408.000    0.0310520
      409.000    0.0324140
      410.000    0.0324710
      411.000    0.0324140
      412.000    0.0323560
      413.000    0.0327380
      414.000    0.0328040
      415.000    0.0315450
      416.000    0.0344950
      417.000    0.0344950
      418.000    0.0344060
      419.000    0.0360390
      420.000    0.0346630
      421.000    0.0333780
      422.000    0.0368640
      423.000    0.0382280
      424.000    0.0412450
      425.000    0.0395660
      426.000    0.0382760
      427.000    0.0399590
      428.000    0.0412590
      429.000    0.0399340
      430.000    0.0416420
      431.000    0.0429470
      432.000    0.0433400
      433.000    0.0433410
      434.000    0.0446400
      435.000    0.0450480
      436.000    0.0463190
      437.000    0.0463020
      438.000    0.0449920
      439.000    0.0482970
      440.000    0.0483370
      441.000    0.0482970
      442.000    0.0462650
      443.000    0.0495680
      444.000    0.0512460
      445.000    0.0512240
      446.000    0.0498860
      447.000    0.0515440
      448.000    0.0516300
      449.000    0.0529070
      450.000    0.0544300
      451.000    0.0531200
      452.000    0.0530770
      453.000    0.0531050
      454.000    0.0543380
      455.000    0.0530480
      456.000    0.0575970
      457.000    0.0576550
      458.000    0.0579490
      459.000    0.0562090
      460.000    0.0580110
      461.000    0.0596010
      462.000    0.0578880
      463.000    0.0583680
      464.000    0.0583240
      465.000    0.0611830
      466.000    0.0611580
      467.000    0.0611090
      468.000    0.0594880
      469.000    0.0611090
      470.000    0.0598120
      471.000    0.0598360
      472.000    0.0611340
      473.000    0.0611830
      474.000    0.0611090
      475.000    0.0611340
      476.000    0.0626760
      477.000    0.0626230
      478.000    0.0625960
      479.000    0.0657570
      480.000    0.0671500
      481.000    0.0671500
      482.000    0.0669930
      483.000    0.0670240
      484.000    0.0670560
      485.000    0.0668370
      486.000    0.0668050
      487.000    0.0696260
      488.000    0.0695920
      489.000    0.0681310
      490.000    0.0695580
      491.000    0.0704580
      492.000    0.0720070
      493.000    0.0697280
      494.000    0.0741540
      495.000    0.0740780
      496.000    0.0738140
      497.000    0.0723980
      498.000    0.0751540
      499.000    0.0735190
      500.000    0.0735190
      501.000    0.0735550
      502.000    0.0735190
      503.000    0.0744860
      504.000    0.0745230
      505.000    0.0756680
      506.000    0.0763010
      507.000    0.0760280
      508.000    0.0773640
      509.000    0.0773640
      510.000    0.0816800
      511.000    0.0817229
      512.000    0.0790300
      513.000    0.0813340
      514.000    0.0813770
      515.000    0.0830300
      516.000    0.0829420
      517.000    0.0818100
      518.000    0.0825250
      519.000    0.0825250
      520.000    0.0842940
      521.000    0.0840690
      522.000    0.0823540
      523.000    0.0835670
      524.000    0.0848740
      525.000    0.0848290
      526.000    0.0837110
      527.000    0.0848290
      528.000    0.0860350
      529.000    0.0860350
      530.000    0.0861260
      531.000    0.0887250
      532.000    0.0900750
      533.000    0.0904650
      534.000    0.0903180
      535.000    0.0900270
      536.000    0.0899780
      537.000    0.0901720
      538.000    0.0900750
      539.000    0.0914780
      540.000    0.0916270
      541.000    0.0913790
      542.000    0.0914290
      543.000    0.0927860
      544.000    0.0925850
      545.000    0.0922860
      546.000    0.0947350
      547.000    0.0961410
      548.000    0.0961410
      549.000    0.0971290
      550.000    0.0966060
      551.000    0.0974790
      552.000    0.0983960
      553.000    0.0983440
      554.000    0.0983960
      555.000     0.100857
      556.000     0.101075
      557.000     0.102364
      558.000     0.102530
      559.000     0.100117
      560.000     0.101054
      561.000     0.103248
      562.000     0.107458
      563.000     0.105367
      564.000     0.108470
      565.000     0.109727
      566.000     0.106625
      567.000     0.109853
      568.000     0.112242
      569.000     0.108779
      570.000     0.108660
      571.000     0.109549
      572.000     0.111102
      573.000     0.112093
      574.000     0.112912
      575.000     0.116564
      576.000     0.116837
      577.000     0.113422
      578.000     0.116701
      579.000     0.115894
      580.000     0.116924
      581.000     0.114196
      582.000     0.113937
      583.000     0.115618
      584.000     0.114066
      585.000     0.119026
      586.000     0.119167
      587.000     0.119964
      588.000     0.117312
      589.000     0.117111
      590.000     0.116977
      591.000     0.119837
      592.000     0.121063
      593.000     0.120647
      594.000     0.120371
      595.000     0.119494
      596.000     0.120994
      597.000     0.123830
      598.000     0.121381
      599.000     0.120829
      600.000     0.124710
      601.000     0.124131
      602.000     0.122911
      603.000     0.122635
      604.000     0.123543
      605.000     0.126379
      606.000     0.126307
      607.000     0.127553
      608.000     0.124515
      609.000     0.124654
      610.000     0.124654
      611.000     0.129394
      612.000     0.127724
      613.000     0.130234
      614.000     0.130234
      615.000     0.127868
      616.000     0.130898
      617.000     0.134083
      618.000     0.133075
      619.000     0.134639
      620.000     0.134639
      621.000     0.135657
      622.000     0.132669
      623.000     0.133923
      624.000     0.133847
      625.000     0.136910
      626.000     0.136431
      627.000     0.140066
      628.000     0.140229
      629.000     0.136663
      630.000     0.137920
      631.000     0.140831
      632.000     0.137764
      633.000     0.141078
      634.000     0.142417
      635.000     0.145016
      636.000     0.145356
      637.000     0.142500
      638.000     0.142256
      639.000     0.141368
      640.000     0.143223
      641.000     0.142981
      642.000     0.140888
      643.000     0.143630
      644.000     0.144799
      645.000     0.143142
      646.000     0.144552
      647.000     0.144552
      648.000     0.147925
      649.000     0.146215
      650.000     0.150601
      651.000     0.147551
      652.000     0.147551
      653.000     0.147551
      654.000     0.147719
      655.000     0.147132
      656.000     0.150621
      657.000     0.153114
      658.000     0.150737
      659.000     0.152648
      660.000     0.152911
      661.000     0.153262
      662.000     0.152823
      663.000     0.152073
      664.000     0.153411
      665.000     0.154360
      666.000     0.153661
      667.000     0.153922
      668.000     0.153574
      669.000     0.156671
      670.000     0.157561
      671.000     0.156853
      672.000     0.157302
      673.000     0.157740
      674.000     0.156408
      675.000     0.157114
      676.000     0.158622
      677.000     0.157793
      678.000     0.160868
      679.000     0.160684
      680.000     0.162436
      681.000     0.161258
      682.000     0.164426
      683.000     0.164898
      684.000     0.164898
      685.000     0.164614
      686.000     0.164332
      687.000     0.164824
      688.000     0.163490
      689.000     0.163305
      690.000     0.163397
      691.000     0.165200
      692.000     0.167016
      693.000     0.166920
      694.000     0.167879
      695.000     0.166545
      696.000     0.165207
      697.000     0.165647
      698.000     0.165524
      699.000     0.169098
      700.000     0.170773
      701.000     0.173115
      702.000     0.171725
      703.000     0.169098
      704.000     0.171343
      705.000     0.171248
      706.000     0.172848
      707.000     0.174628
      708.000     0.174628
      709.000     0.175453
      710.000     0.174359
      711.000     0.173800
      712.000     0.175579
      713.000     0.175090
      714.000     0.174993
      715.000     0.175622
      716.000     0.177947
      717.000     0.179059
      718.000     0.178244
      719.000     0.178083
      720.000     0.179658
      721.000     0.179059
      722.000     0.180170
      723.000     0.180170
      724.000     0.180270
      725.000     0.180470
      726.000     0.184415
      727.000     0.182088
      728.000     0.182839
      729.000     0.182537
      730.000     0.183188
      731.000     0.184598
      732.000     0.182840
      733.000     0.184247
      734.000     0.185702
      735.000     0.184450
      736.000     0.184450
      737.000     0.185862
      738.000     0.185658
      739.000     0.185658
      740.000     0.185760
      741.000     0.187278
      742.000     0.189385
      743.000     0.189699
      744.000     0.189281
      745.000     0.188449
      746.000     0.188139
      747.000     0.189651
      748.000     0.191063
      749.000     0.192054
      750.000     0.190748
      751.000     0.191379
      752.000     0.191379
      753.000     0.191273
      754.000     0.190818
      755.000     0.193256
      756.000     0.192478
      757.000     0.195660
      758.000     0.193581
      759.000     0.193581
      760.000     0.193581
      761.000     0.193898
      762.000     0.194779
      763.000     0.195763
      764.000     0.195976
      765.000     0.195870
      766.000     0.196852
      767.000     0.193890
      768.000     0.196852
      769.000     0.199135
      770.000     0.199243
      771.000     0.199026
      772.000     0.198486
      773.000     0.198378
      774.000     0.200220
      775.000     0.200658
      776.000     0.200658
      777.000     0.200658
      778.000     0.201305
      779.000     0.201415
      780.000     0.203803
      781.000     0.203914
      782.000     0.202278
      783.000     0.203803
      784.000     0.203803
      785.000     0.205295
      786.000     0.207046
      787.000     0.204095
      788.000     0.203767
      789.000     0.204518
      790.000     0.203549
      791.000     0.203876
      792.000     0.203985
      793.000     0.206933
      794.000     0.205066
      795.000     0.204844
      796.000     0.204189
      797.000     0.205814
      798.000     0.209197
      799.000     0.209252
      800.000     0.212814
      801.000     0.212426
      802.000     0.212039
      803.000     0.211652
      804.000     0.211264
      805.000     0.212139
      806.000     0.213013
      807.000     0.213888
      808.000     0.214763
      809.000     0.214763
      810.000     0.214763
      811.000     0.214763
      812.000     0.214763
      813.000     0.215307
      814.000     0.215852
      815.000     0.216396
      816.000     0.216941
      817.000     0.217542
      818.000     0.218144
      819.000     0.218745
      820.000     0.219347
      821.000     0.219266
      822.000     0.219185
      823.000     0.219103
      824.000     0.219022
      825.000     0.219267
      826.000     0.219512
      827.000     0.219756
      828.000     0.220001
      829.000     0.219973
      830.000     0.219945
      831.000     0.219918
      832.000     0.219890
      833.000     0.220302
      834.000     0.220715
      835.000     0.221127
      836.000     0.221539
      837.000     0.221942
      838.000     0.222345
      839.000     0.222748
      840.000     0.223151
      841.000     0.223264
      842.000     0.223377
      843.000     0.223491
      844.000     0.223604
      845.000     0.224033
      846.000     0.224461
      847.000     0.224890
      848.000     0.225319
      849.000     0.224930
      850.000     0.224541
      851.000     0.224151
      852.000     0.223762
      853.000     0.223893
      854.000     0.224024
      855.000     0.224156
      856.000     0.224287
      857.000     0.224799
      858.000     0.225311
      859.000     0.225823
      860.000     0.226335
      861.000     0.226222
      862.000     0.226110
      863.000     0.225997
      864.000     0.225884
      865.000     0.225986
      866.000     0.226088
      867.000     0.226189
      868.000     0.226291
      869.000     0.226503
      870.000     0.226716
      871.000     0.226928
      872.000     0.227140
      873.000     0.227377
      874.000     0.227614
      875.000     0.227851
      876.000     0.228088
      877.000     0.228536
      878.000     0.228983
      879.000     0.229431
      880.000     0.229879
      881.000     0.230468
      882.000     0.231056
      883.000     0.231645
      884.000     0.232234
      885.000     0.232011
      886.000     0.231788
      887.000     0.231565
      888.000     0.231342
      889.000     0.231578
      890.000     0.231815
      891.000     0.232051
      892.000     0.232288
      893.000     0.232531
      894.000     0.232773
      895.000     0.233015
      896.000     0.233258
      897.000     0.233601
      898.000     0.233945
      899.000     0.234288
      900.000     0.234632
      901.000     0.234867
      902.000     0.235103
      903.000     0.235338
      904.000     0.235573
      905.000     0.235895
      906.000     0.236217
      907.000     0.236538
      908.000     0.236860
      909.000     0.236666
      910.000     0.236472
      911.000     0.236277
      912.000     0.236083
      913.000     0.236920
      914.000     0.237757
      915.000     0.238595
      916.000     0.239432
      917.000     0.239635
      918.000     0.239838
      919.000     0.240042
      920.000     0.240245
      921.000     0.240285
      922.000     0.240324
      923.000     0.240364
      924.000     0.240404
      925.000     0.240404
      926.000     0.240404
      927.000     0.240404
      928.000     0.240404
      929.000     0.241006
      930.000     0.241608
      931.000     0.242210
      932.000     0.242812
      933.000     0.242764
      934.000     0.242715
      935.000     0.242667
      936.000     0.242618
      937.000     0.242707
      938.000     0.242796
      939.000     0.242885
      940.000     0.242974
      941.000     0.243768
      942.000     0.244563
      943.000     0.245357
      944.000     0.246152
      945.000     0.246385
      946.000     0.246617
      947.000     0.246850
      948.000     0.247082
      949.000     0.247112
      950.000     0.247143
      951.000     0.247173
      952.000     0.247203
      953.000     0.247374
      954.000     0.247545
      955.000     0.247716
      956.000     0.247887
      957.000     0.248271
      958.000     0.248655
      959.000     0.249040
      960.000     0.249424
      961.000     0.248990
      962.000     0.248557
      963.000     0.248123
      964.000     0.247690
      965.000     0.248647
      966.000     0.249604
      967.000     0.250561
      968.000     0.251518
      969.000     0.251515
      970.000     0.251512
      971.000     0.251509
      972.000     0.251506
      973.000     0.251353
      974.000     0.251200
      975.000     0.251048
      976.000     0.250895
      977.000     0.251033
      978.000     0.251171
      979.000     0.251308
      980.000     0.251446
      981.000     0.251065
      982.000     0.250684
      983.000     0.250303
      984.000     0.249922
      985.000     0.250925
      986.000     0.251927
      987.000     0.252930
      988.000     0.253933
      989.000     0.254180
      990.000     0.254426
      991.000     0.254673
      992.000     0.254920
      993.000     0.255210
      994.000     0.255499
      995.000     0.255789
      996.000     0.256078
      997.000     0.256555
      998.000     0.257033
      999.000     0.257511
      1000.00     0.257988
      1001.00     0.258230
      1002.00     0.258473
      1003.00     0.258715
      1004.00     0.258957
      1005.00     0.258527
      1006.00     0.258096
      1007.00     0.257666
      1008.00     0.257236
      1009.00     0.258041
      1010.00     0.258846
      1011.00     0.259651
      1012.00     0.260456
      1013.00     0.261337
      1014.00     0.262217
      1015.00     0.263097
      1016.00     0.263978
      1017.00     0.263421
      1018.00     0.262864
      1019.00     0.262307
      1020.00     0.261750
      1021.00     0.261462
      1022.00     0.261174
      1023.00     0.260886
      1024.00     0.260598
      1025.00     0.261526
      1026.00     0.262454
      1027.00     0.263382
      1028.00     0.264310
      1029.00     0.263906
      1030.00     0.263503
      1031.00     0.263099
      1032.00     0.262695
      1033.00     0.263385
      1034.00     0.264074
      1035.00     0.264763
      1036.00     0.265453
      1037.00     0.265495
      1038.00     0.265537
      1039.00     0.265579
      1040.00     0.265621
      1041.00     0.266709
      1042.00     0.267797
      1043.00     0.268886
      1044.00     0.269974
      1045.00     0.271031
      1046.00     0.272088
      1047.00     0.273146
      1048.00     0.274203
      1049.00     0.274223
      1050.00     0.274244
      1051.00     0.274264
      1052.00     0.274284
      1053.00     0.274371
      1054.00     0.274458
      1055.00     0.274544
      1056.00     0.274631
      1057.00     0.273738
      1058.00     0.272844
      1059.00     0.271951
      1060.00     0.271058
      1061.00     0.271544
      1062.00     0.272029
      1063.00     0.272514
      1064.00     0.273000
      1065.00     0.273575
      1066.00     0.274150
      1067.00     0.274726
      1068.00     0.275301
      1069.00     0.275571
      1070.00     0.275840
      1071.00     0.276109
      1072.00     0.276379
      1073.00     0.275214
      1074.00     0.274049
      1075.00     0.272883
      1076.00     0.271718
      1077.00     0.271675
      1078.00     0.271631
      1079.00     0.271588
      1080.00     0.271545
      1081.00     0.273034
      1082.00     0.274524
      1083.00     0.276013
      1084.00     0.277503
      1085.00     0.278240
      1086.00     0.278977
      1087.00     0.279714
      1088.00     0.280451
      1089.00     0.280314
      1090.00     0.280177
      1091.00     0.280040
      1092.00     0.279903
      1093.00     0.280809
      1094.00     0.281715
      1095.00     0.282621
      1096.00     0.283527
      1097.00     0.283135
      1098.00     0.282744
      1099.00     0.282353
      1100.00     0.281961
      1101.00     0.281597
      1102.00     0.281233
      1103.00     0.280869
      1104.00     0.280505
      1105.00     0.281451
      1106.00     0.282396
      1107.00     0.283342
      1108.00     0.284288
      1109.00     0.284184
      1110.00     0.284079
      1111.00     0.283975
      1112.00     0.283871
      1113.00     0.284087
      1114.00     0.284303
      1115.00     0.284518
      1116.00     0.284734
      1117.00     0.284591
      1118.00     0.284447
      1119.00     0.284304
      1120.00     0.284160
      1121.00     0.285265
      1122.00     0.286370
      1123.00     0.287474
      1124.00     0.288579
      1125.00     0.288509
      1126.00     0.288438
      1127.00     0.288368
      1128.00     0.288297
      1129.00     0.287771
      1130.00     0.287246
      1131.00     0.286720
      1132.00     0.286195
      1133.00     0.286691
      1134.00     0.287187
      1135.00     0.287683
      1136.00     0.288179
      1137.00     0.288566
      1138.00     0.288953
      1139.00     0.289340
      1140.00     0.289727
      1141.00     0.289053
      1142.00     0.288379
      1143.00     0.287706
      1144.00     0.287032
      1145.00     0.287744
      1146.00     0.288456
      1147.00     0.289168
      1148.00     0.289880
      1149.00     0.289390
      1150.00     0.288900
      1151.00     0.288410
      1152.00     0.287920
      1153.00     0.288094
      1154.00     0.288268
      1155.00     0.288442
      1156.00     0.288616
      1157.00     0.289170
      1158.00     0.289724
      1159.00     0.290278
      1160.00     0.290832
      1161.00     0.290830
      1162.00     0.290827
      1163.00     0.290825
      1164.00     0.290822
      1165.00     0.291304
      1166.00     0.291786
      1167.00     0.292267
      1168.00     0.292749
      1169.00     0.293300
      1170.00     0.293851
      1171.00     0.294402
      1172.00     0.294953
      1173.00     0.295201
      1174.00     0.295449
      1175.00     0.295697
      1176.00     0.295945
      1177.00     0.296365
      1178.00     0.296784
      1179.00     0.297204
      1180.00     0.297624
      1181.00     0.297660
      1182.00     0.297695
      1183.00     0.297731
      1184.00     0.297767
      1185.00     0.298394
      1186.00     0.299021
      1187.00     0.299648
      1188.00     0.300275
      1189.00     0.300420
      1190.00     0.300565
      1191.00     0.300711
      1192.00     0.300856
      1193.00     0.300650
      1194.00     0.300444
      1195.00     0.300239
      1196.00     0.300033
      1197.00     0.300384
      1198.00     0.300736
      1199.00     0.301087
      1200.00     0.301439
      1201.00     0.301860
      1202.00     0.302282
      1203.00     0.302703
      1204.00     0.303125
      1205.00     0.302640
      1206.00     0.302155
      1207.00     0.301670
      1208.00     0.301185
      1209.00     0.301231
      1210.00     0.301277
      1211.00     0.301323
      1212.00     0.301369
      1213.00     0.302118
      1214.00     0.302868
      1215.00     0.303617
      1216.00     0.304366
      1217.00     0.304350
      1218.00     0.304334
      1219.00     0.304319
      1220.00     0.304303
      1221.00     0.304361
      1222.00     0.304418
      1223.00     0.304475
      1224.00     0.304533
      1225.00     0.304030
      1226.00     0.303528
      1227.00     0.303025
      1228.00     0.302522
      1229.00     0.302936
      1230.00     0.303349
      1231.00     0.303762
      1232.00     0.304176
      1233.00     0.304379
      1234.00     0.304581
      1235.00     0.304783
      1236.00     0.304986
      1237.00     0.305433
      1238.00     0.305880
      1239.00     0.306328
      1240.00     0.306775
      1241.00     0.306700
      1242.00     0.306625
      1243.00     0.306551
      1244.00     0.306476
      1245.00     0.306439
      1246.00     0.306401
      1247.00     0.306363
      1248.00     0.306326
      1249.00     0.307689
      1250.00     0.309052
      1251.00     0.310415
      1252.00     0.311778
      1253.00     0.312205
      1254.00     0.312633
      1255.00     0.313060
      1256.00     0.313487
      1257.00     0.313127
      1258.00     0.312766
      1259.00     0.312406
      1260.00     0.312046
      1261.00     0.312454
      1262.00     0.312863
      1263.00     0.313271
      1264.00     0.313679
      1265.00     0.314445
      1266.00     0.315211
      1267.00     0.315977
      1268.00     0.316743
      1269.00     0.317024
      1270.00     0.317306
      1271.00     0.317587
      1272.00     0.317868
      1273.00     0.318187
      1274.00     0.318506
      1275.00     0.318825
      1276.00     0.319144
      1277.00     0.318828
      1278.00     0.318511
      1279.00     0.318195
      1280.00     0.317878
      1281.00     0.318249
      1282.00     0.318620
      1283.00     0.318991
      1284.00     0.319362
      1285.00     0.319326
      1286.00     0.319290
      1287.00     0.319253
      1288.00     0.319217
      1289.00     0.318690
      1290.00     0.318164
      1291.00     0.317638
      1292.00     0.317111
      1293.00     0.317760
      1294.00     0.318408
      1295.00     0.319057
      1296.00     0.319706
      1297.00     0.319628
      1298.00     0.319551
      1299.00     0.319473
      1300.00     0.319395
      1301.00     0.319866
      1302.00     0.320337
      1303.00     0.320807
      1304.00     0.321278
      1305.00     0.321813
      1306.00     0.322348
      1307.00     0.322883
      1308.00     0.323418
      1309.00     0.323692
      1310.00     0.323966
      1311.00     0.324240
      1312.00     0.324514
      1313.00     0.324240
      1314.00     0.323966
      1315.00     0.323692
      1316.00     0.323418
      1317.00     0.323613
      1318.00     0.323808
      1319.00     0.324003
      1320.00     0.324198
      1321.00     0.324237
      1322.00     0.324277
      1323.00     0.324317
      1324.00     0.324356
      1325.00     0.323743
      1326.00     0.323130
      1327.00     0.322517
      1328.00     0.321904
      1329.00     0.321788
      1330.00     0.321671
      1331.00     0.321554
      1332.00     0.321438
      1333.00     0.321577
      1334.00     0.321716
      1335.00     0.321856
      1336.00     0.321995
      1337.00     0.321741
      1338.00     0.321487
      1339.00     0.321233
      1340.00     0.320979
      1341.00     0.321810
      1342.00     0.322641
      1343.00     0.323473
      1344.00     0.324304
      1345.00     0.324154
      1346.00     0.324004
      1347.00     0.323853
      1348.00     0.323703
      1349.00     0.323667
      1350.00     0.323630
      1351.00     0.323593
      1352.00     0.323557
      1353.00     0.324163
      1354.00     0.324769
      1355.00     0.325376
      1356.00     0.325982
      1357.00     0.325950
      1358.00     0.325918
      1359.00     0.325886
      1360.00     0.325854
      1361.00     0.325765
      1362.00     0.325677
      1363.00     0.325588
      1364.00     0.325500
      1365.00     0.325350
      1366.00     0.325200
      1367.00     0.325050
      1368.00     0.324900
      1369.00     0.324979
      1370.00     0.325059
      1371.00     0.325138
      1372.00     0.325217
      1373.00     0.325005
      1374.00     0.324792
      1375.00     0.324579
      1376.00     0.324367
      1377.00     0.324286
      1378.00     0.324206
      1379.00     0.324125
      1380.00     0.324045
      1381.00     0.323485
      1382.00     0.322925
      1383.00     0.322365
      1384.00     0.321805
      1385.00     0.321780
      1386.00     0.321755
      1387.00     0.321729
      1388.00     0.321704
      1389.00     0.322092
      1390.00     0.322480
      1391.00     0.322868
      1392.00     0.323256
      1393.00     0.322817
      1394.00     0.322379
      1395.00     0.321940
      1396.00     0.321501
      1397.00     0.321225
      1398.00     0.320949
      1399.00     0.320673
      1400.00     0.320397
      1401.00     0.320713
      1402.00     0.321029
      1403.00     0.321344
      1404.00     0.321660
      1405.00     0.321147
      1406.00     0.320634
      1407.00     0.320122
      1408.00     0.319609
      1409.00     0.319414
      1410.00     0.319220
      1411.00     0.319025
      1412.00     0.318831
      1413.00     0.318677
      1414.00     0.318523
      1415.00     0.318369
      1416.00     0.318215
      1417.00     0.318873
      1418.00     0.319530
      1419.00     0.320188
      1420.00     0.320846
      1421.00     0.320808
      1422.00     0.320771
      1423.00     0.320733
      1424.00     0.320695
      1425.00     0.320385
      1426.00     0.320074
      1427.00     0.319764
      1428.00     0.319454
      1429.00     0.319196
      1430.00     0.318938
      1431.00     0.318680
      1432.00     0.318422
      1433.00     0.319382
      1434.00     0.320341
      1435.00     0.321301
      1436.00     0.322260
      1437.00     0.322260
      1438.00     0.322260
      1439.00     0.322260
      1440.00     0.322260
      1441.00     0.322258
      1442.00     0.322256
      1443.00     0.322253
      1444.00     0.322251
      1445.00     0.321784
      1446.00     0.321316
      1447.00     0.320849
      1448.00     0.320381
      1449.00     0.320072
      1450.00     0.319764
      1451.00     0.319455
      1452.00     0.319146
      1453.00     0.319647
      1454.00     0.320149
      1455.00     0.320650
      1456.00     0.321151
      1457.00     0.321541
      1458.00     0.321931
      1459.00     0.322320
      1460.00     0.322710
      1461.00     0.322985
      1462.00     0.323260
      1463.00     0.323536
      1464.00     0.323811
      1465.00     0.324004
      1466.00     0.324197
      1467.00     0.324390
      1468.00     0.324583
      1469.00     0.324662
      1470.00     0.324742
      1471.00     0.324821
      1472.00     0.324900
      1473.00     0.324900
      1474.00     0.324900
      1475.00     0.324900
      1476.00     0.324900
      1477.00     0.325429
      1478.00     0.325958
      1479.00     0.326486
      1480.00     0.327015
      1481.00     0.326895
      1482.00     0.326775
      1483.00     0.326656
      1484.00     0.326536
      1485.00     0.327281
      1486.00     0.328026
      1487.00     0.328770
      1488.00     0.329515
      1489.00     0.329596
      1490.00     0.329677
      1491.00     0.329757
      1492.00     0.329838
      1493.00     0.330192
      1494.00     0.330546
      1495.00     0.330900
      1496.00     0.331254
      1497.00     0.330157
      1498.00     0.329060
      1499.00     0.327962
      1500.00     0.326865
      1501.00     0.327270
      1502.00     0.327674
      1503.00     0.328079
      1504.00     0.328483
      1505.00     0.328593
      1506.00     0.328703
      1507.00     0.328812
      1508.00     0.328922
      1509.00     0.329001
      1510.00     0.329080
      1511.00     0.329159
      1512.00     0.329238
      1513.00     0.329506
      1514.00     0.329773
      1515.00     0.330041
      1516.00     0.330308
      1517.00     0.330249
      1518.00     0.330189
      1519.00     0.330130
      1520.00     0.330071
      1521.00     0.330393
      1522.00     0.330714
      1523.00     0.331036
      1524.00     0.331358
      1525.00     0.332356
      1526.00     0.333353
      1527.00     0.334351
      1528.00     0.335349
      1529.00     0.336126
      1530.00     0.336902
      1531.00     0.337679
      1532.00     0.338456
      1533.00     0.339069
      1534.00     0.339683
      1535.00     0.340297
      1536.00     0.340910
      1537.00     0.339746
      1538.00     0.338582
      1539.00     0.337417
      1540.00     0.336253
      1541.00     0.336374
      1542.00     0.336496
      1543.00     0.336617
      1544.00     0.336738
      1545.00     0.336860
      1546.00     0.336982
      1547.00     0.337103
      1548.00     0.337225
      1549.00     0.337166
      1550.00     0.337107
      1551.00     0.337049
      1552.00     0.336990
      1553.00     0.337031
      1554.00     0.337071
      1555.00     0.337111
      1556.00     0.337152
      1557.00     0.337129
      1558.00     0.337107
      1559.00     0.337085
      1560.00     0.337062
      1561.00     0.337207
      1562.00     0.337352
      1563.00     0.337497
      1564.00     0.337642
      1565.00     0.337561
      1566.00     0.337480
      1567.00     0.337399
      1568.00     0.337318
      1569.00     0.337278
      1570.00     0.337237
      1571.00     0.337196
      1572.00     0.337156
      1573.00     0.337954
      1574.00     0.338753
      1575.00     0.339551
      1576.00     0.340349
      1577.00     0.340513
      1578.00     0.340676
      1579.00     0.340840
      1580.00     0.341004
      1581.00     0.340881
      1582.00     0.340759
      1583.00     0.340636
      1584.00     0.340513
      1585.00     0.340328
      1586.00     0.340144
      1587.00     0.339959
      1588.00     0.339774
      1589.00     0.339282
      1590.00     0.338789
      1591.00     0.338297
      1592.00     0.337805
      1593.00     0.337336
      1594.00     0.336868
      1595.00     0.336399
      1596.00     0.335931
      1597.00     0.335955
      1598.00     0.335979
      1599.00     0.336003
      1600.00     0.336027
      1601.00     0.336598
      1602.00     0.337169
      1603.00     0.337739
      1604.00     0.338310
      1605.00     0.338454
      1606.00     0.338598
      1607.00     0.338741
      1608.00     0.338885
      1609.00     0.339472
      1610.00     0.340058
      1611.00     0.340644
      1612.00     0.341231
      1613.00     0.340869
      1614.00     0.340506
      1615.00     0.340144
      1616.00     0.339782
      1617.00     0.340267
      1618.00     0.340752
      1619.00     0.341238
      1620.00     0.341723
      1621.00     0.341360
      1622.00     0.340997
      1623.00     0.340633
      1624.00     0.340270
      1625.00     0.340876
      1626.00     0.341481
      1627.00     0.342086
      1628.00     0.342692
      1629.00     0.342939
      1630.00     0.343186
      1631.00     0.343434
      1632.00     0.343681
      1633.00     0.344295
      1634.00     0.344908
      1635.00     0.345522
      1636.00     0.346136
      1637.00     0.345522
      1638.00     0.344908
      1639.00     0.344295
      1640.00     0.343681
      1641.00     0.344112
      1642.00     0.344544
      1643.00     0.344975
      1644.00     0.345407
      1645.00     0.344367
      1646.00     0.343327
      1647.00     0.342287
      1648.00     0.341247
      1649.00     0.341410
      1650.00     0.341573
      1651.00     0.341737
      1652.00     0.341900
      1653.00     0.342023
      1654.00     0.342146
      1655.00     0.342268
      1656.00     0.342391
      1657.00     0.342243
      1658.00     0.342094
      1659.00     0.341946
      1660.00     0.341798
      1661.00     0.342189
      1662.00     0.342579
      1663.00     0.342970
      1664.00     0.343361
      1665.00     0.343238
      1666.00     0.343116
      1667.00     0.342993
      1668.00     0.342870
      1669.00     0.343107
      1670.00     0.343345
      1671.00     0.343582
      1672.00     0.343819
      1673.00     0.343664
      1674.00     0.343508
      1675.00     0.343352
      1676.00     0.343197
      1677.00     0.343338
      1678.00     0.343479
      1679.00     0.343620
      1680.00     0.343761
      1681.00     0.343861
      1682.00     0.343960
      1683.00     0.344060
      1684.00     0.344160
      1685.00     0.344300
      1686.00     0.344440
      1687.00     0.344581
      1688.00     0.344721
      1689.00     0.344680
      1690.00     0.344639
      1691.00     0.344599
      1692.00     0.344558
      1693.00     0.344191
      1694.00     0.343825
      1695.00     0.343459
      1696.00     0.343092
      1697.00     0.342930
      1698.00     0.342768
      1699.00     0.342607
      1700.00     0.342445
      1701.00     0.342566
      1702.00     0.342687
      1703.00     0.342809
      1704.00     0.342930
      1705.00     0.342970
      1706.00     0.343011
      1707.00     0.343051
      1708.00     0.343092
      1709.00     0.343173
      1710.00     0.343254
      1711.00     0.343335
      1712.00     0.343416
      1713.00     0.343988
      1714.00     0.344561
      1715.00     0.345133
      1716.00     0.345706
      1717.00     0.345714
      1718.00     0.345722
      1719.00     0.345730
      1720.00     0.345738
      1721.00     0.345389
      1722.00     0.345041
      1723.00     0.344692
      1724.00     0.344343
      1725.00     0.344427
      1726.00     0.344510
      1727.00     0.344593
      1728.00     0.344677
      1729.00     0.344530
      1730.00     0.344383
      1731.00     0.344236
      1732.00     0.344089
      1733.00     0.344466
      1734.00     0.344844
      1735.00     0.345221
      1736.00     0.345598
      1737.00     0.346056
      1738.00     0.346514
      1739.00     0.346973
      1740.00     0.347431
      1741.00     0.347514
      1742.00     0.347596
      1743.00     0.347679
      1744.00     0.347762
      1745.00     0.347402
      1746.00     0.347041
      1747.00     0.346681
      1748.00     0.346321
      1749.00     0.347655
      1750.00     0.348989
      1751.00     0.350323
      1752.00     0.351657
      1753.00     0.351033
      1754.00     0.350410
      1755.00     0.349786
      1756.00     0.349162
      1757.00     0.348255
      1758.00     0.347349
      1759.00     0.346442
      1760.00     0.345535
      1761.00     0.345897
      1762.00     0.346259
      1763.00     0.346621
      1764.00     0.346983
      1765.00     0.346735
      1766.00     0.346487
      1767.00     0.346239
      1768.00     0.345991
      1769.00     0.345826
      1770.00     0.345661
      1771.00     0.345497
      1772.00     0.345332
      1773.00     0.345057
      1774.00     0.344782
      1775.00     0.344506
      1776.00     0.344231
      1777.00     0.344424
      1778.00     0.344617
      1779.00     0.344811
      1780.00     0.345004
      1781.00     0.345090
      1782.00     0.345176
      1783.00     0.345261
      1784.00     0.345347
      1785.00     0.345265
      1786.00     0.345183
      1787.00     0.345102
      1788.00     0.345020
      1789.00     0.344538
      1790.00     0.344056
      1791.00     0.343574
      1792.00     0.343092
      1793.00     0.343325
      1794.00     0.343558
      1795.00     0.343790
      1796.00     0.344023
      1797.00     0.344145
      1798.00     0.344267
      1799.00     0.344390
      1800.00     0.344512
      1801.00     0.344639
      1802.00     0.344766
      1803.00     0.344893
      1804.00     0.345020
      1805.00     0.345445
      1806.00     0.345870
      1807.00     0.346296
      1808.00     0.346721
      1809.00     0.347120
      1810.00     0.347518
      1811.00     0.347916
      1812.00     0.348315
      1813.00     0.348040
      1814.00     0.347764
      1815.00     0.347489
      1816.00     0.347214
      1817.00     0.347379
      1818.00     0.347544
      1819.00     0.347709
      1820.00     0.347874
      1821.00     0.347777
      1822.00     0.347681
      1823.00     0.347584
      1824.00     0.347488
      1825.00     0.347806
      1826.00     0.348123
      1827.00     0.348441
      1828.00     0.348759
      1829.00     0.348760
      1830.00     0.348761
      1831.00     0.348763
      1832.00     0.348764
      1833.00     0.348316
      1834.00     0.347867
      1835.00     0.347419
      1836.00     0.346971
      1837.00     0.346846
      1838.00     0.346720
      1839.00     0.346595
      1840.00     0.346469
      1841.00     0.346666
      1842.00     0.346863
      1843.00     0.347060
      1844.00     0.347257
      1845.00     0.347508
      1846.00     0.347759
      1847.00     0.348009
      1848.00     0.348260
      1849.00     0.347712
      1850.00     0.347163
      1851.00     0.346615
      1852.00     0.346066
      1853.00     0.346037
      1854.00     0.346008
      1855.00     0.345978
      1856.00     0.345949
      1857.00     0.345656
      1858.00     0.345362
      1859.00     0.345069
      1860.00     0.344775
      1861.00     0.344994
      1862.00     0.345213
      1863.00     0.345432
      1864.00     0.345651
      1865.00     0.344302
      1866.00     0.342954
      1867.00     0.341605
      1868.00     0.340256
      1869.00     0.339702
      1870.00     0.339148
      1871.00     0.338593
      1872.00     0.338039
      1873.00     0.336887
      1874.00     0.335735
      1875.00     0.334583
      1876.00     0.333431
      1877.00     0.332304
      1878.00     0.331176
      1879.00     0.330049
      1880.00     0.328921
      1881.00     0.327534
      1882.00     0.326147
      1883.00     0.324760
      1884.00     0.323373
      1885.00     0.322057
      1886.00     0.320740
      1887.00     0.319424
      1888.00     0.318108
      1889.00     0.315844
      1890.00     0.313580
      1891.00     0.311316
      1892.00     0.309052
      1893.00     0.306996
      1894.00     0.304940
      1895.00     0.302883
      1896.00     0.300827
      1897.00     0.299302
      1898.00     0.297778
      1899.00     0.296254
      1900.00     0.294729
      1901.00     0.293622
      1902.00     0.292515
      1903.00     0.291407
      1904.00     0.290300
      1905.00     0.289849
      1906.00     0.289398
      1907.00     0.288947
      1908.00     0.288496
      1909.00     0.287281
      1910.00     0.286067
      1911.00     0.284853
      1912.00     0.283638
      1913.00     0.283102
      1914.00     0.282566
      1915.00     0.282031
      1916.00     0.281495
      1917.00     0.282167
      1918.00     0.282839
      1919.00     0.283511
      1920.00     0.284183
      1921.00     0.284013
      1922.00     0.283843
      1923.00     0.283672
      1924.00     0.283502
      1925.00     0.283662
      1926.00     0.283823
      1927.00     0.283983
      1928.00     0.284143
      1929.00     0.284600
      1930.00     0.285057
      1931.00     0.285515
      1932.00     0.285972
      1933.00     0.286221
      1934.00     0.286469
      1935.00     0.286718
      1936.00     0.286967
      1937.00     0.288153
      1938.00     0.289340
      1939.00     0.290527
      1940.00     0.291713
      1941.00     0.291609
      1942.00     0.291505
      1943.00     0.291400
      1944.00     0.291296
      1945.00     0.292041
      1946.00     0.292787
      1947.00     0.293532
      1948.00     0.294277
      1949.00     0.294468
      1950.00     0.294659
      1951.00     0.294849
      1952.00     0.295040
      1953.00     0.295265
      1954.00     0.295490
      1955.00     0.295715
      1956.00     0.295940
      1957.00     0.296320
      1958.00     0.296700
      1959.00     0.297079
      1960.00     0.297459
      1961.00     0.297768
      1962.00     0.298077
      1963.00     0.298385
      1964.00     0.298694
      1965.00     0.298582
      1966.00     0.298470
      1967.00     0.298358
      1968.00     0.298246
      1969.00     0.299089
      1970.00     0.299932
      1971.00     0.300775
      1972.00     0.301618
      1973.00     0.302552
      1974.00     0.303486
      1975.00     0.304419
      1976.00     0.305353
      1977.00     0.304912
      1978.00     0.304470
      1979.00     0.304029
      1980.00     0.303588
      1981.00     0.304288
      1982.00     0.304989
      1983.00     0.305689
      1984.00     0.306389
      1985.00     0.306610
      1986.00     0.306831
      1987.00     0.307053
      1988.00     0.307274
      1989.00     0.308264
      1990.00     0.309255
      1991.00     0.310245
      1992.00     0.311236
      1993.00     0.312048
      1994.00     0.312861
      1995.00     0.313673
      1996.00     0.314486
      1997.00     0.314743
      1998.00     0.315000
      1999.00     0.315256
      2000.00     0.315513
      2001.00     0.315367
      2002.00     0.315221
      2003.00     0.315074
      2004.00     0.314928
      2005.00     0.315440
      2006.00     0.315953
      2007.00     0.316465
      2008.00     0.316977
      2009.00     0.316355
      2010.00     0.315734
      2011.00     0.315113
      2012.00     0.314491
      2013.00     0.314711
      2014.00     0.314930
      2015.00     0.315150
      2016.00     0.315370
      2017.00     0.315588
      2018.00     0.315806
      2019.00     0.316024
      2020.00     0.316242
      2021.00     0.316750
      2022.00     0.317257
      2023.00     0.317765
      2024.00     0.318272
      2025.00     0.318890
      2026.00     0.319508
      2027.00     0.320126
      2028.00     0.320744
      2029.00     0.320413
      2030.00     0.320081
      2031.00     0.319750
      2032.00     0.319418
      2033.00     0.319672
      2034.00     0.319926
      2035.00     0.320180
      2036.00     0.320434
      2037.00     0.320397
      2038.00     0.320361
      2039.00     0.320324
      2040.00     0.320287
      2041.00     0.320687
      2042.00     0.321088
      2043.00     0.321488
      2044.00     0.321888
      2045.00     0.321631
      2046.00     0.321374
      2047.00     0.321118
      2048.00     0.320861
      2049.00     0.320967
      2050.00     0.321074
      2051.00     0.321181
      2052.00     0.321287
      2053.00     0.321572
      2054.00     0.321856
      2055.00     0.322141
      2056.00     0.322426
      2057.00     0.321995
      2058.00     0.321563
      2059.00     0.321132
      2060.00     0.320701
      2061.00     0.321096
      2062.00     0.321491
      2063.00     0.321885
      2064.00     0.322280
      2065.00     0.322424
      2066.00     0.322567
      2067.00     0.322711
      2068.00     0.322854
      2069.00     0.322889
      2070.00     0.322924
      2071.00     0.322959
      2072.00     0.322994
      2073.00     0.323572
      2074.00     0.324149
      2075.00     0.324727
      2076.00     0.325305
      2077.00     0.325052
      2078.00     0.324798
      2079.00     0.324545
      2080.00     0.324041
      2081.00     0.325368
      2082.00     0.325775
      2083.00     0.325165
      2084.00     0.325542
      2085.00     0.325657
      2086.00     0.325981
      2087.00     0.325800
      2088.00     0.324227
      2089.00     0.324544
      2090.00     0.325184
      2091.00     0.325388
      2092.00     0.325172
      2093.00     0.325157
      2094.00     0.325673
      2095.00     0.326766
      2096.00     0.326597
      2097.00     0.324759
      2098.00     0.324657
      2099.00     0.325262
      2100.00     0.325323
      2101.00     0.325013
      2102.00     0.325079
      2103.00     0.325831
      2104.00     0.326589
      2105.00     0.326431
      2106.00     0.326187
      2107.00     0.325756
      2108.00     0.326288
      2109.00     0.326471
      2110.00     0.324157
      2111.00     0.324575
      2112.00     0.326115
      2113.00     0.325997
      2114.00     0.325498
      2115.00     0.326616
      2116.00     0.327270
      2117.00     0.327240
      2118.00     0.326433
      2119.00     0.326976
      2120.00     0.327456
      2121.00     0.327243
      2122.00     0.326811
      2123.00     0.325698
      2124.00     0.325240
      2125.00     0.325963
      2126.00     0.326279
      2127.00     0.325887
      2128.00     0.326254
      2129.00     0.326144
      2130.00     0.325630
      2131.00     0.325299
      2132.00     0.324779
      2133.00     0.325413
      2134.00     0.325510
      2135.00     0.325576
      2136.00     0.326269
      2137.00     0.326379
      2138.00     0.325990
      2139.00     0.325572
      2140.00     0.324782
      2141.00     0.324520
      2142.00     0.324597
      2143.00     0.325056
      2144.00     0.325492
      2145.00     0.325725
      2146.00     0.325372
      2147.00     0.324438
      2148.00     0.324382
      2149.00     0.324827
      2150.00     0.324614
      2151.00     0.323954
      2152.00     0.324589
      2153.00     0.325338
      2154.00     0.324850
      2155.00     0.325269
      2156.00     0.325107
      2157.00     0.324150
      2158.00     0.323700
      2159.00     0.323719
      2160.00     0.324435
      2161.00     0.324508
      2162.00     0.324417
      2163.00     0.324467
      2164.00     0.324249
      2165.00     0.324098
      2166.00     0.324326
      2167.00     0.323963
      2168.00     0.322745
      2169.00     0.322928
      2170.00     0.323598
      2171.00     0.323593
      2172.00     0.323920
      2173.00     0.323679
      2174.00     0.322919
      2175.00     0.322621
      2176.00     0.322200
      2177.00     0.322128
      2178.00     0.322599
      2179.00     0.322278
      2180.00     0.322201
      2181.00     0.321774
      2182.00     0.322325
      2183.00     0.321694
      2184.00     0.321128
      2185.00     0.321929
      2186.00     0.321871
      2187.00     0.321712
      2188.00     0.321580
      2189.00     0.321054
      2190.00     0.321152
      2191.00     0.321783
      2192.00     0.321650
      2193.00     0.321105
      2194.00     0.321135
      2195.00     0.321005
      2196.00     0.320605
      2197.00     0.320489
      2198.00     0.320413
      2199.00     0.320386
      2200.00     0.320734
      2201.00     0.320746
      2202.00     0.320667
      2203.00     0.320993
      2204.00     0.320983
      2205.00     0.320303
      2206.00     0.320125
      2207.00     0.320859
      2208.00     0.321122
      2209.00     0.321034
      2210.00     0.321024
      2211.00     0.321302
      2212.00     0.321002
      2213.00     0.320828
      2214.00     0.321318
      2215.00     0.321914
      2216.00     0.322343
      2217.00     0.322063
      2218.00     0.321831
      2219.00     0.322214
      2220.00     0.322589
      2221.00     0.322766
      2222.00     0.322486
      2223.00     0.322248
      2224.00     0.322576
      2225.00     0.322611
      2226.00     0.322244
      2227.00     0.322466
      2228.00     0.322870
      2229.00     0.322863
      2230.00     0.322940
      2231.00     0.323181
      2232.00     0.323250
      2233.00     0.323361
      2234.00     0.323064
      2235.00     0.322480
      2236.00     0.322332
      2237.00     0.322292
      2238.00     0.322599
      2239.00     0.323506
      2240.00     0.323549
      2241.00     0.322795
      2242.00     0.322219
      2243.00     0.322085
      2244.00     0.321650
      2245.00     0.321498
      2246.00     0.321842
      2247.00     0.321820
      2248.00     0.321542
      2249.00     0.321613
      2250.00     0.321412
      2251.00     0.321547
      2252.00     0.321366
      2253.00     0.320981
      2254.00     0.320981
      2255.00     0.320802
      2256.00     0.321092
      2257.00     0.321124
      2258.00     0.320646
      2259.00     0.320491
      2260.00     0.320742
      2261.00     0.320897
      2262.00     0.320567
      2263.00     0.320231
      2264.00     0.320323
      2265.00     0.319640
      2266.00     0.319453
      2267.00     0.320077
      2268.00     0.320316
      2269.00     0.319821
      2270.00     0.319561
      2271.00     0.319742
      2272.00     0.319413
      2273.00     0.319224
      2274.00     0.319167
      2275.00     0.318565
      2276.00     0.318214
      2277.00     0.318402
      2278.00     0.318787
      2279.00     0.318844
      2280.00     0.318861
      2281.00     0.319213
      2282.00     0.318672
      2283.00     0.318206
      2284.00     0.318161
      2285.00     0.317745
      2286.00     0.317408
      2287.00     0.317617
      2288.00     0.317618
      2289.00     0.317051
      2290.00     0.316411
      2291.00     0.317173
      2292.00     0.316905
      2293.00     0.316271
      2294.00     0.316427
      2295.00     0.316812
      2296.00     0.316549
      2297.00     0.316312
      2298.00     0.316716
      2299.00     0.315968
      2300.00     0.315282
      2301.00     0.315536
      2302.00     0.315348
      2303.00     0.314672
      2304.00     0.314905
      2305.00     0.315326
      2306.00     0.314931
      2307.00     0.314563
      2308.00     0.314484
      2309.00     0.314500
      2310.00     0.314436
      2311.00     0.314313
      2312.00     0.314189
      2313.00     0.314098
      2314.00     0.314153
      2315.00     0.314550
      2316.00     0.315055
      2317.00     0.315285
      2318.00     0.315342
      2319.00     0.315270
      2320.00     0.315111
      2321.00     0.315044
      2322.00     0.315213
      2323.00     0.315361
      2324.00     0.315082
      2325.00     0.314843
      2326.00     0.315221
      2327.00     0.315009
      2328.00     0.314289
      2329.00     0.313935
      2330.00     0.314054
      2331.00     0.314528
      2332.00     0.314106
      2333.00     0.313310
      2334.00     0.313444
      2335.00     0.314118
      2336.00     0.314235
      2337.00     0.313780
      2338.00     0.313381
      2339.00     0.313571
      2340.00     0.313881
      2341.00     0.313295
      2342.00     0.312434
      2343.00     0.312443
      2344.00     0.312943
      2345.00     0.313168
      2346.00     0.313124
      2347.00     0.313197
      2348.00     0.312899
      2349.00     0.311823
      2350.00     0.311220
      2351.00     0.311519
      2352.00     0.311863
      2353.00     0.312046
      2354.00     0.311827
      2355.00     0.311755
      2356.00     0.311695
      2357.00     0.311700
      2358.00     0.311906
      2359.00     0.312162
      2360.00     0.312338
      2361.00     0.312438
      2362.00     0.312242
      2363.00     0.312003
      2364.00     0.311955
      2365.00     0.311364
      2366.00     0.310679
      2367.00     0.310914
      2368.00     0.311473
      2369.00     0.311665
      2370.00     0.311499
      2371.00     0.311230
      2372.00     0.311051
      2373.00     0.310754
      2374.00     0.310395
      2375.00     0.310539
      2376.00     0.310432
      2377.00     0.309974
      2378.00     0.309829
      2379.00     0.310422
      2380.00     0.310436
      2381.00     0.309820
      2382.00     0.309513
      2383.00     0.309536
      2384.00     0.309431
      2385.00     0.309247
      2386.00     0.309213
      2387.00     0.308946
      2388.00     0.308390
      2389.00     0.308173
      2390.00     0.307820
      2391.00     0.307847
      2392.00     0.308207
      2393.00     0.307895
      2394.00     0.307543
      2395.00     0.307332
      2396.00     0.307140
      2397.00     0.307023
      2398.00     0.306887
      2399.00     0.306996
      2400.00     0.306749
      2401.00     0.306120
      2402.00     0.305735
      2403.00     0.305879
      2404.00     0.305999
      2405.00     0.305779
      2406.00     0.305428
      2407.00     0.305194
      2408.00     0.305050
      2409.00     0.304845
      2410.00     0.304943
      2411.00     0.304568
      2412.00     0.304517
      2413.00     0.304506
      2414.00     0.304453
      2415.00     0.304266
      2416.00     0.303948
      2417.00     0.303783
      2418.00     0.303732
      2419.00     0.303113
      2420.00     0.302286
      2421.00     0.302131
      2422.00     0.302370
      2423.00     0.302201
      2424.00     0.301415
      2425.00     0.300710
      2426.00     0.300745
      2427.00     0.301091
      2428.00     0.300543
      2429.00     0.299743
      2430.00     0.299854
      2431.00     0.300070
      2432.00     0.299824
      2433.00     0.299448
      2434.00     0.299289
      2435.00     0.299115
      2436.00     0.298873
      2437.00     0.298251
      2438.00     0.297566
      2439.00     0.297084
      2440.00     0.296849
      2441.00     0.296709
      2442.00     0.296572
      2443.00     0.296138
      2444.00     0.295670
      2445.00     0.295334
      2446.00     0.295377
      2447.00     0.295508
      2448.00     0.295188
      2449.00     0.294250
      2450.00     0.293742
      2451.00     0.294044
      2452.00     0.293539
      2453.00     0.292905
      2454.00     0.292449
      2455.00     0.292319
      2456.00     0.292322
      2457.00     0.292105
      2458.00     0.292200
      2459.00     0.292109
      2460.00     0.291412
      2461.00     0.290542
      2462.00     0.289929
      2463.00     0.289596
      2464.00     0.289155
      2465.00     0.289201
      2466.00     0.289083
      2467.00     0.288440
      2468.00     0.288097
      2469.00     0.288215
      2470.00     0.288160
      2471.00     0.287756
      2472.00     0.287428
      2473.00     0.287511
      2474.00     0.287431
      2475.00     0.287083
      2476.00     0.286661
      2477.00     0.286266
      2478.00     0.285781
      2479.00     0.285355
      2480.00     0.285212
      2481.00     0.285073
      2482.00     0.284877
      2483.00     0.284807
      2484.00     0.284899
      2485.00     0.284840
      2486.00     0.284550
      2487.00     0.284225
      2488.00     0.283917
      2489.00     0.283625
      2490.00     0.283393
      2491.00     0.283517
      2492.00     0.283330
      2493.00     0.282767
      2494.00     0.282222
      2495.00     0.282115
      2496.00     0.282476
      2497.00     0.282559
      2498.00     0.282325
      2499.00     0.282185
      2500.00     0.282165
