      400.000     0.000000
      401.000     0.000000
      402.000     0.000000
      403.000     0.000000
      404.000     0.000000
      405.000     0.000000
      406.000     0.000000
      407.000     0.000000
      408.000     0.000000
      409.000     0.000000
      410.000     0.000000
      411.000     0.000000
      412.000     0.000000
      413.000     0.000000
      414.000     0.000000
      415.000     0.000000
      416.000     0.000000
      417.000     0.000000
      418.000     0.000000
      419.000     0.000000
      420.000     0.000000
      421.000     0.000000
      422.000     0.000000
      423.000     0.000000
      424.000     0.000000
      425.000     0.000000
      426.000     0.000000
      427.000     0.000000
      428.000     0.000000
      429.000     0.000000
      430.000     0.000000
      431.000     0.000000
      432.000     0.000000
      433.000     0.000000
      434.000     0.000000
      435.000     0.000000
      436.000     0.000000
      437.000     0.000000
      438.000     0.000000
      439.000     0.000000
      440.000     0.000000
      441.000     0.000000
      442.000     0.000000
      443.000     0.000000
      444.000     0.000000
      445.000     0.000000
      446.000     0.000000
      447.000     0.000000
      448.000     0.000000
      449.000     0.000000
      450.000     0.000000
      451.000     0.000000
      452.000     0.000000
      453.000     0.000000
      454.000     0.000000
      455.000     0.000000
      456.000     0.000000
      457.000     0.000000
      458.000     0.000000
      459.000     0.000000
      460.000     0.000000
      461.000     0.000000
      462.000     0.000000
      463.000     0.000000
      464.000     0.000000
      465.000     0.000000
      466.000     0.000000
      467.000     0.000000
      468.000     0.000000
      469.000     0.000000
      470.000     0.000000
      471.000     0.000000
      472.000     0.000000
      473.000     0.000000
      474.000     0.000000
      475.000     0.000000
      476.000     0.000000
      477.000     0.000000
      478.000     0.000000
      479.000     0.000000
      480.000     0.000000
      481.000     0.000000
      482.000     0.000000
      483.000     0.000000
      484.000     0.000000
      485.000     0.000000
      486.000     0.000000
      487.000     0.000000
      488.000     0.000000
      489.000     0.000000
      490.000     0.000000
      491.000     0.000000
      492.000     0.000000
      493.000     0.000000
      494.000     0.000000
      495.000     0.000000
      496.000     0.000000
      497.000     0.000000
      498.000     0.000000
      499.000     0.000000
      500.000     0.000000
      501.000     0.000000
      502.000     0.000000
      503.000     0.000000
      504.000     0.000000
      505.000     0.000000
      506.000     0.000000
      507.000     0.000000
      508.000     0.000000
      509.000     0.000000
      510.000     0.000000
      511.000     0.000000
      512.000     0.000000
      513.000     0.000000
      514.000     0.000000
      515.000     0.000000
      516.000     0.000000
      517.000     0.000000
      518.000     0.000000
      519.000     0.000000
      520.000     0.000000
      521.000     0.000000
      522.000     0.000000
      523.000     0.000000
      524.000     0.000000
      525.000     0.000000
      526.000     0.000000
      527.000     0.000000
      528.000     0.000000
      529.000     0.000000
      530.000     0.000000
      531.000     0.000000
      532.000     0.000000
      533.000     0.000000
      534.000     0.000000
      535.000     0.000000
      536.000     0.000000
      537.000     0.000000
      538.000     0.000000
      539.000     0.000000
      540.000     0.000000
      541.000     0.000000
      542.000     0.000000
      543.000     0.000000
      544.000     0.000000
      545.000     0.000000
      546.000     0.000000
      547.000     0.000000
      548.000     0.000000
      549.000     0.000000
      550.000     0.000000
      551.000     0.000000
      552.000     0.000000
      553.000     0.000000
      554.000     0.000000
      555.000     0.000000
      556.000     0.000000
      557.000     0.000000
      558.000     0.000000
      559.000     0.000000
      560.000     0.000000
      561.000     0.000000
      562.000     0.000000
      563.000     0.000000
      564.000     0.000000
      565.000     0.000000
      566.000     0.000000
      567.000     0.000000
      568.000     0.000000
      569.000     0.000000
      570.000     0.000000
      571.000     0.000000
      572.000     0.000000
      573.000     0.000000
      574.000     0.000000
      575.000     0.000000
      576.000     0.000000
      577.000     0.000000
      578.000     0.000000
      579.000     0.000000
      580.000     0.000000
      581.000     0.000000
      582.000     0.000000
      583.000     0.000000
      584.000     0.000000
      585.000     0.000000
      586.000     0.000000
      587.000     0.000000
      588.000     0.000000
      589.000     0.000000
      590.000     0.000000
      591.000     0.000000
      592.000     0.000000
      593.000     0.000000
      594.000     0.000000
      595.000     0.000000
      596.000     0.000000
      597.000     0.000000
      598.000     0.000000
      599.000     0.000000
      600.000     0.000000
      601.000     0.000000
      602.000     0.000000
      603.000     0.000000
      604.000     0.000000
      605.000     0.000000
      606.000     0.000000
      607.000     0.000000
      608.000     0.000000
      609.000     0.000000
      610.000     0.000000
      611.000     0.000000
      612.000     0.000000
      613.000     0.000000
      614.000     0.000000
      615.000     0.000000
      616.000     0.000000
      617.000     0.000000
      618.000     0.000000
      619.000     0.000000
      620.000     0.000000
      621.000     0.000000
      622.000     0.000000
      623.000  0.000289000
      624.000     0.000000
      625.000 8.00000e-006
      626.000   0.00235400
      627.000     0.000000
      628.000  0.000613000
      629.000   0.00103900
      630.000   0.00338700
      631.000   0.00125400
      632.000   0.00374700
      633.000   0.00121200
      634.000   0.00374700
      635.000   0.00419500
      636.000   0.00556700
      637.000   0.00516200
      638.000   0.00351800
      639.000   0.00417000
      640.000   0.00694100
      641.000   0.00855100
      642.000   0.00855100
      643.000   0.00739200
      644.000   0.00497100
      645.000   0.00727700
      646.000   0.00632400
      647.000   0.00610100
      648.000   0.00955400
      649.000    0.0101420
      650.000   0.00871400
      651.000    0.0118900
      652.000   0.00951600
      653.000   0.00848200
      654.000   0.00882500
      655.000    0.0114600
      656.000    0.0128500
      657.000    0.0150000
      658.000    0.0142600
      659.000    0.0123800
      660.000    0.0118200
      661.000    0.0128500
      662.000    0.0130900
      663.000    0.0135300
      664.000    0.0142000
      665.000    0.0160100
      666.000    0.0144400
      667.000    0.0168700
      668.000    0.0172400
      669.000    0.0165000
      670.000    0.0158900
      671.000    0.0158900
      672.000    0.0175300
      673.000    0.0179000
      674.000    0.0193200
      675.000    0.0204300
      676.000    0.0199700
      677.000    0.0198400
      678.000    0.0193400
      679.000    0.0206200
      680.000    0.0197400
      681.000    0.0199900
      682.000    0.0201200
      683.000    0.0202400
      684.000    0.0234600
      685.000    0.0243500
      686.000    0.0233000
      687.000    0.0231700
      688.000    0.0237100
      689.000    0.0236800
      690.000    0.0238100
      691.000    0.0253800
      692.000    0.0278400
      693.000    0.0290000
      694.000    0.0278400
      695.000    0.0278400
      696.000    0.0294100
      697.000    0.0287500
      698.000    0.0305100
      699.000    0.0328800
      700.000    0.0291500
      701.000    0.0301800
      702.000    0.0328200
      703.000    0.0320000
      704.000    0.0320000
      705.000    0.0312500
      706.000    0.0321300
      707.000    0.0334100
      708.000    0.0344300
      709.000    0.0361700
      710.000    0.0363000
      711.000    0.0352900
      712.000    0.0357500
      713.000    0.0363000
      714.000    0.0358500
      715.000    0.0378900
      716.000    0.0389100
      717.000    0.0386200
      718.000    0.0366200
      719.000    0.0373400
      720.000    0.0361000
      721.000    0.0380800
      722.000    0.0366500
      723.000    0.0389200
      724.000    0.0390900
      725.000    0.0395000
      726.000    0.0392200
      727.000    0.0419200
      728.000    0.0417800
      729.000    0.0427800
      730.000    0.0430700
      731.000    0.0424900
      732.000    0.0433600
      733.000    0.0446500
      734.000    0.0453700
      735.000    0.0443600
      736.000    0.0456600
      737.000    0.0457800
      738.000    0.0449200
      739.000    0.0457800
      740.000    0.0469200
      741.000    0.0476300
      742.000    0.0516200
      743.000    0.0493800
      744.000    0.0497700
      745.000    0.0476300
      746.000    0.0496200
      747.000    0.0494700
      748.000    0.0500200
      749.000    0.0516200
      750.000    0.0506200
      751.000    0.0494800
      752.000    0.0506200
      753.000    0.0536200
      754.000    0.0533800
      755.000    0.0523800
      756.000    0.0534600
      757.000    0.0534600
      758.000    0.0538500
      759.000    0.0537000
      760.000    0.0540000
      761.000    0.0547700
      762.000    0.0560800
      763.000    0.0574000
      764.000    0.0561500
      765.000    0.0550700
      766.000    0.0568300
      767.000    0.0596400
      768.000    0.0593400
      769.000    0.0568400
      770.000    0.0596500
      771.000    0.0576800
      772.000    0.0593400
      773.000    0.0598100
      774.000    0.0627600
      775.000    0.0634100
      776.000    0.0610800
      777.000    0.0634400
      778.000    0.0623100
      779.000    0.0646100
      780.000    0.0628000
      781.000    0.0651000
      782.000    0.0667600
      783.000    0.0638000
      784.000    0.0641200
      785.000    0.0649300
      786.000    0.0646000
      787.000    0.0631300
      788.000    0.0651100
      789.000    0.0647900
      790.000    0.0661100
      791.000    0.0653000
      792.000    0.0679300
      793.000    0.0714100
      794.000    0.0700800
      795.000    0.0705900
      796.000    0.0725800
      797.000    0.0700900
      798.000    0.0694200
      799.000    0.0694200
      800.000    0.0694200
      801.000    0.0698800
      802.000    0.0703400
      803.000    0.0708000
      804.000    0.0712600
      805.000    0.0719225
      806.000    0.0725850
      807.000    0.0732475
      808.000    0.0739100
      809.000    0.0745975
      810.000    0.0752850
      811.000    0.0759725
      812.000    0.0766600
      813.000    0.0769750
      814.000    0.0772900
      815.000    0.0776050
      816.000    0.0779200
      817.000    0.0782775
      818.000    0.0786350
      819.000    0.0789925
      820.000    0.0793500
      821.000    0.0801500
      822.000    0.0809500
      823.000    0.0817500
      824.000    0.0825500
      825.000    0.0827475
      826.000    0.0829450
      827.000    0.0831425
      828.000    0.0833400
      829.000    0.0838425
      830.000    0.0843450
      831.000    0.0848475
      832.000    0.0853500
      833.000    0.0857525
      834.000    0.0861550
      835.000    0.0865575
      836.000    0.0869600
      837.000    0.0871975
      838.000    0.0874350
      839.000    0.0876725
      840.000    0.0879100
      841.000    0.0882550
      842.000    0.0886000
      843.000    0.0889450
      844.000    0.0892900
      845.000    0.0895250
      846.000    0.0897600
      847.000    0.0899950
      848.000    0.0902300
      849.000    0.0908950
      850.000    0.0915600
      851.000    0.0922250
      852.000    0.0928900
      853.000    0.0933625
      854.000    0.0938350
      855.000    0.0943075
      856.000    0.0947800
      857.000    0.0953975
      858.000    0.0960150
      859.000    0.0966325
      860.000    0.0972500
      861.000    0.0972175
      862.000    0.0971850
      863.000    0.0971525
      864.000    0.0971200
      865.000    0.0974100
      866.000    0.0977000
      867.000    0.0979900
      868.000    0.0982800
      869.000    0.0991700
      870.000     0.100060
      871.000     0.100950
      872.000     0.101840
      873.000     0.102540
      874.000     0.103240
      875.000     0.103940
      876.000     0.104640
      877.000     0.104705
      878.000     0.104770
      879.000     0.104835
      880.000     0.104900
      881.000     0.105627
      882.000     0.106355
      883.000     0.107083
      884.000     0.107810
      885.000     0.108200
      886.000     0.108590
      887.000     0.108980
      888.000     0.109370
      889.000     0.109600
      890.000     0.109830
      891.000     0.110060
      892.000     0.110290
      893.000     0.111263
      894.000     0.112235
      895.000     0.113208
      896.000     0.114180
      897.000     0.115105
      898.000     0.116030
      899.000     0.116955
      900.000     0.117880
      901.000     0.118113
      902.000     0.118345
      903.000     0.118577
      904.000     0.118810
      905.000     0.119057
      906.000     0.119305
      907.000     0.119552
      908.000     0.119800
      909.000     0.121007
      910.000     0.122215
      911.000     0.123423
      912.000     0.124630
      913.000     0.124630
      914.000     0.124630
      915.000     0.124630
      916.000     0.124630
      917.000     0.124960
      918.000     0.125290
      919.000     0.125620
      920.000     0.125950
      921.000     0.127095
      922.000     0.128240
      923.000     0.129385
      924.000     0.130530
      925.000     0.131087
      926.000     0.131645
      927.000     0.132203
      928.000     0.132760
      929.000     0.133175
      930.000     0.133590
      931.000     0.134005
      932.000     0.134420
      933.000     0.134548
      934.000     0.134675
      935.000     0.134803
      936.000     0.134930
      937.000     0.135555
      938.000     0.136180
      939.000     0.136805
      940.000     0.137430
      941.000     0.138235
      942.000     0.139040
      943.000     0.139845
      944.000     0.140650
      945.000     0.141172
      946.000     0.141695
      947.000     0.142217
      948.000     0.142740
      949.000     0.143550
      950.000     0.144360
      951.000     0.145170
      952.000     0.145980
      953.000     0.146380
      954.000     0.146780
      955.000     0.147180
      956.000     0.147580
      957.000     0.147885
      958.000     0.148190
      959.000     0.148495
      960.000     0.148800
      961.000     0.149062
      962.000     0.149325
      963.000     0.149587
      964.000     0.149850
      965.000     0.150665
      966.000     0.151480
      967.000     0.152295
      968.000     0.153110
      969.000     0.153587
      970.000     0.154065
      971.000     0.154543
      972.000     0.155020
      973.000     0.154852
      974.000     0.154685
      975.000     0.154518
      976.000     0.154350
      977.000     0.154772
      978.000     0.155195
      979.000     0.155618
      980.000     0.156040
      981.000     0.156397
      982.000     0.156755
      983.000     0.157113
      984.000     0.157470
      985.000     0.159080
      986.000     0.160690
      987.000     0.162300
      988.000     0.163910
      989.000     0.164100
      990.000     0.164290
      991.000     0.164480
      992.000     0.164670
      993.000     0.165707
      994.000     0.166745
      995.000     0.167782
      996.000     0.168820
      997.000     0.168995
      998.000     0.169170
      999.000     0.169345
      1000.00     0.169520
      1001.00     0.169752
      1002.00     0.169985
      1003.00     0.170218
      1004.00     0.170450
      1005.00     0.171590
      1006.00     0.172730
      1007.00     0.173870
      1008.00     0.175010
      1009.00     0.175838
      1010.00     0.176665
      1011.00     0.177493
      1012.00     0.178320
      1013.00     0.178320
      1014.00     0.178320
      1015.00     0.178320
      1016.00     0.178320
      1017.00     0.179227
      1018.00     0.180135
      1019.00     0.181042
      1020.00     0.181950
      1021.00     0.182333
      1022.00     0.182715
      1023.00     0.183097
      1024.00     0.183480
      1025.00     0.183165
      1026.00     0.182850
      1027.00     0.182535
      1028.00     0.182220
      1029.00     0.182905
      1030.00     0.183590
      1031.00     0.184275
      1032.00     0.184960
      1033.00     0.185763
      1034.00     0.186565
      1035.00     0.187367
      1036.00     0.188170
      1037.00     0.188833
      1038.00     0.189495
      1039.00     0.190158
      1040.00     0.190820
      1041.00     0.190798
      1042.00     0.190775
      1043.00     0.190753
      1044.00     0.190730
      1045.00     0.191110
      1046.00     0.191490
      1047.00     0.191870
      1048.00     0.192250
      1049.00     0.193367
      1050.00     0.194485
      1051.00     0.195603
      1052.00     0.196720
      1053.00     0.197255
      1054.00     0.197790
      1055.00     0.198325
      1056.00     0.198860
      1057.00     0.198302
      1058.00     0.197745
      1059.00     0.197187
      1060.00     0.196630
      1061.00     0.197370
      1062.00     0.198110
      1063.00     0.198850
      1064.00     0.199590
      1065.00     0.200862
      1066.00     0.202135
      1067.00     0.203408
      1068.00     0.204680
      1069.00     0.204818
      1070.00     0.204955
      1071.00     0.205093
      1072.00     0.205230
      1073.00     0.205180
      1074.00     0.205130
      1075.00     0.205080
      1076.00     0.205030
      1077.00     0.205855
      1078.00     0.206680
      1079.00     0.207505
      1080.00     0.208330
      1081.00     0.208180
      1082.00     0.208030
      1083.00     0.207880
      1084.00     0.207730
      1085.00     0.208340
      1086.00     0.208950
      1087.00     0.209560
      1088.00     0.210170
      1089.00     0.210973
      1090.00     0.211775
      1091.00     0.212577
      1092.00     0.213380
      1093.00     0.212592
      1094.00     0.211805
      1095.00     0.211018
      1096.00     0.210230
      1097.00     0.209393
      1098.00     0.208555
      1099.00     0.207718
      1100.00     0.206880
      1101.00     0.208350
      1102.00     0.209820
      1103.00     0.211290
      1104.00     0.212760
      1105.00     0.214165
      1106.00     0.215570
      1107.00     0.216975
      1108.00     0.218380
      1109.00     0.219295
      1110.00     0.220210
      1111.00     0.221125
      1112.00     0.222040
      1113.00     0.222658
      1114.00     0.223275
      1115.00     0.223892
      1116.00     0.224510
      1117.00     0.225677
      1118.00     0.226845
      1119.00     0.228013
      1120.00     0.229180
      1121.00     0.229017
      1122.00     0.228855
      1123.00     0.228693
      1124.00     0.228530
      1125.00     0.228708
      1126.00     0.228885
      1127.00     0.229062
      1128.00     0.229240
      1129.00     0.230310
      1130.00     0.231380
      1131.00     0.232450
      1132.00     0.233520
      1133.00     0.233620
      1134.00     0.233720
      1135.00     0.233820
      1136.00     0.233920
      1137.00     0.233608
      1138.00     0.233295
      1139.00     0.232983
      1140.00     0.232670
      1141.00     0.232768
      1142.00     0.232865
      1143.00     0.232963
      1144.00     0.233060
      1145.00     0.232690
      1146.00     0.232320
      1147.00     0.231950
      1148.00     0.231580
      1149.00     0.231985
      1150.00     0.232390
      1151.00     0.232795
      1152.00     0.233200
      1153.00     0.233895
      1154.00     0.234590
      1155.00     0.235285
      1156.00     0.235980
      1157.00     0.236297
      1158.00     0.236615
      1159.00     0.236933
      1160.00     0.237250
      1161.00     0.237865
      1162.00     0.238480
      1163.00     0.239095
      1164.00     0.239710
      1165.00     0.240020
      1166.00     0.240330
      1167.00     0.240640
      1168.00     0.240950
      1169.00     0.241725
      1170.00     0.242500
      1171.00     0.243275
      1172.00     0.244050
      1173.00     0.244438
      1174.00     0.244825
      1175.00     0.245212
      1176.00     0.245600
      1177.00     0.245835
      1178.00     0.246070
      1179.00     0.246305
      1180.00     0.246540
      1181.00     0.247007
      1182.00     0.247475
      1183.00     0.247943
      1184.00     0.248410
      1185.00     0.248708
      1186.00     0.249005
      1187.00     0.249302
      1188.00     0.249600
      1189.00     0.250308
      1190.00     0.251015
      1191.00     0.251722
      1192.00     0.252430
      1193.00     0.252430
      1194.00     0.252430
      1195.00     0.252430
      1196.00     0.252430
      1197.00     0.252430
      1198.00     0.252430
      1199.00     0.252430
      1200.00     0.252430
      1201.00     0.252430
      1202.00     0.252430
      1203.00     0.252430
      1204.00     0.252430
      1205.00     0.252412
      1206.00     0.252395
      1207.00     0.252377
      1208.00     0.252360
      1209.00     0.253385
      1210.00     0.254410
      1211.00     0.255435
      1212.00     0.256460
      1213.00     0.256455
      1214.00     0.256450
      1215.00     0.256445
      1216.00     0.256440
      1217.00     0.256827
      1218.00     0.257215
      1219.00     0.257603
      1220.00     0.257990
      1221.00     0.258460
      1222.00     0.258930
      1223.00     0.259400
      1224.00     0.259870
      1225.00     0.261068
      1226.00     0.262265
      1227.00     0.263462
      1228.00     0.264660
      1229.00     0.265227
      1230.00     0.265795
      1231.00     0.266363
      1232.00     0.266930
      1233.00     0.266848
      1234.00     0.266765
      1235.00     0.266683
      1236.00     0.266600
      1237.00     0.266433
      1238.00     0.266265
      1239.00     0.266097
      1240.00     0.265930
      1241.00     0.265150
      1242.00     0.264370
      1243.00     0.263590
      1244.00     0.262810
      1245.00     0.263995
      1246.00     0.265180
      1247.00     0.266365
      1248.00     0.267550
      1249.00     0.267620
      1250.00     0.267690
      1251.00     0.267760
      1252.00     0.267830
      1253.00     0.267495
      1254.00     0.267160
      1255.00     0.266825
      1256.00     0.266490
      1257.00     0.266770
      1258.00     0.267050
      1259.00     0.267330
      1260.00     0.267610
      1261.00     0.267552
      1262.00     0.267495
      1263.00     0.267437
      1264.00     0.267380
      1265.00     0.268422
      1266.00     0.269465
      1267.00     0.270508
      1268.00     0.271550
      1269.00     0.271383
      1270.00     0.271215
      1271.00     0.271047
      1272.00     0.270880
      1273.00     0.270695
      1274.00     0.270510
      1275.00     0.270325
      1276.00     0.270140
      1277.00     0.269725
      1278.00     0.269310
      1279.00     0.268895
      1280.00     0.268480
      1281.00     0.268465
      1282.00     0.268450
      1283.00     0.268435
      1284.00     0.268420
      1285.00     0.269187
      1286.00     0.269955
      1287.00     0.270723
      1288.00     0.271490
      1289.00     0.271873
      1290.00     0.272255
      1291.00     0.272637
      1292.00     0.273020
      1293.00     0.273515
      1294.00     0.274010
      1295.00     0.274505
      1296.00     0.275000
      1297.00     0.274535
      1298.00     0.274070
      1299.00     0.273605
      1300.00     0.273140
      1301.00     0.272958
      1302.00     0.272775
      1303.00     0.272592
      1304.00     0.272410
      1305.00     0.273145
      1306.00     0.273880
      1307.00     0.274615
      1308.00     0.275350
      1309.00     0.276125
      1310.00     0.276900
      1311.00     0.277675
      1312.00     0.278450
      1313.00     0.279225
      1314.00     0.280000
      1315.00     0.280775
      1316.00     0.281550
      1317.00     0.281950
      1318.00     0.282350
      1319.00     0.282750
      1320.00     0.283150
      1321.00     0.283090
      1322.00     0.283030
      1323.00     0.282970
      1324.00     0.282910
      1325.00     0.282630
      1326.00     0.282350
      1327.00     0.282070
      1328.00     0.281790
      1329.00     0.281875
      1330.00     0.281960
      1331.00     0.282045
      1332.00     0.282130
      1333.00     0.281603
      1334.00     0.281075
      1335.00     0.280547
      1336.00     0.280020
      1337.00     0.280887
      1338.00     0.281755
      1339.00     0.282623
      1340.00     0.283490
      1341.00     0.282480
      1342.00     0.281470
      1343.00     0.280460
      1344.00     0.279450
      1345.00     0.279630
      1346.00     0.279810
      1347.00     0.279990
      1348.00     0.280170
      1349.00     0.282197
      1350.00     0.284225
      1351.00     0.286252
      1352.00     0.288280
      1353.00     0.286852
      1354.00     0.285425
      1355.00     0.283998
      1356.00     0.282570
      1357.00     0.282320
      1358.00     0.282070
      1359.00     0.281820
      1360.00     0.281570
      1361.00     0.282052
      1362.00     0.282535
      1363.00     0.283018
      1364.00     0.283500
      1365.00     0.284263
      1366.00     0.285025
      1367.00     0.285788
      1368.00     0.286550
      1369.00     0.286582
      1370.00     0.286615
      1371.00     0.286647
      1372.00     0.286680
      1373.00     0.284742
      1374.00     0.282805
      1375.00     0.280868
      1376.00     0.278930
      1377.00     0.279020
      1378.00     0.279110
      1379.00     0.279200
      1380.00     0.279290
      1381.00     0.278430
      1382.00     0.277570
      1383.00     0.276710
      1384.00     0.275850
      1385.00     0.273170
      1386.00     0.270490
      1387.00     0.267810
      1388.00     0.265130
      1389.00     0.262507
      1390.00     0.259885
      1391.00     0.257263
      1392.00     0.254640
      1393.00     0.254335
      1394.00     0.254030
      1395.00     0.253725
      1396.00     0.253420
      1397.00     0.251907
      1398.00     0.250395
      1399.00     0.248882
      1400.00     0.247370
      1401.00     0.246812
      1402.00     0.246255
      1403.00     0.245697
      1404.00     0.245140
      1405.00     0.244825
      1406.00     0.244510
      1407.00     0.244195
      1408.00     0.243880
      1409.00     0.244813
      1410.00     0.245745
      1411.00     0.246678
      1412.00     0.247610
      1413.00     0.249013
      1414.00     0.250415
      1415.00     0.251817
      1416.00     0.253220
      1417.00     0.254867
      1418.00     0.256515
      1419.00     0.258162
      1420.00     0.259810
      1421.00     0.261065
      1422.00     0.262320
      1423.00     0.263575
      1424.00     0.264830
      1425.00     0.265532
      1426.00     0.266235
      1427.00     0.266937
      1428.00     0.267640
      1429.00     0.267857
      1430.00     0.268075
      1431.00     0.268292
      1432.00     0.268510
      1433.00     0.268492
      1434.00     0.268475
      1435.00     0.268458
      1436.00     0.268440
      1437.00     0.269238
      1438.00     0.270035
      1439.00     0.270832
      1440.00     0.271630
      1441.00     0.271778
      1442.00     0.271925
      1443.00     0.272072
      1444.00     0.272220
      1445.00     0.272170
      1446.00     0.272120
      1447.00     0.272070
      1448.00     0.272020
      1449.00     0.273402
      1450.00     0.274785
      1451.00     0.276167
      1452.00     0.277550
      1453.00     0.278275
      1454.00     0.279000
      1455.00     0.279725
      1456.00     0.280450
      1457.00     0.281502
      1458.00     0.282555
      1459.00     0.283607
      1460.00     0.284660
      1461.00     0.285095
      1462.00     0.285530
      1463.00     0.285965
      1464.00     0.286400
      1465.00     0.287012
      1466.00     0.287625
      1467.00     0.288238
      1468.00     0.288850
      1469.00     0.289228
      1470.00     0.289605
      1471.00     0.289982
      1472.00     0.290360
      1473.00     0.290900
      1474.00     0.291440
      1475.00     0.291980
      1476.00     0.292520
      1477.00     0.293168
      1478.00     0.293815
      1479.00     0.294463
      1480.00     0.295110
      1481.00     0.294732
      1482.00     0.294355
      1483.00     0.293977
      1484.00     0.293600
      1485.00     0.293560
      1486.00     0.293520
      1487.00     0.293480
      1488.00     0.293440
      1489.00     0.294400
      1490.00     0.295360
      1491.00     0.296320
      1492.00     0.297280
      1493.00     0.296198
      1494.00     0.295115
      1495.00     0.294033
      1496.00     0.292950
      1497.00     0.292132
      1498.00     0.291315
      1499.00     0.290498
      1500.00     0.289680
      1501.00     0.291085
      1502.00     0.292490
      1503.00     0.293895
      1504.00     0.295300
      1505.00     0.295765
      1506.00     0.296230
      1507.00     0.296695
      1508.00     0.297160
      1509.00     0.297815
      1510.00     0.298470
      1511.00     0.299125
      1512.00     0.299780
      1513.00     0.300100
      1514.00     0.300420
      1515.00     0.300740
      1516.00     0.301060
      1517.00     0.301343
      1518.00     0.301625
      1519.00     0.301908
      1520.00     0.302190
      1521.00     0.302882
      1522.00     0.303575
      1523.00     0.304268
      1524.00     0.304960
      1525.00     0.304943
      1526.00     0.304925
      1527.00     0.304908
      1528.00     0.304890
      1529.00     0.304725
      1530.00     0.304560
      1531.00     0.304395
      1532.00     0.304230
      1533.00     0.304857
      1534.00     0.305485
      1535.00     0.306112
      1536.00     0.306740
      1537.00     0.306847
      1538.00     0.306955
      1539.00     0.307063
      1540.00     0.307170
      1541.00     0.307478
      1542.00     0.307785
      1543.00     0.308093
      1544.00     0.308400
      1545.00     0.308490
      1546.00     0.308580
      1547.00     0.308670
      1548.00     0.308760
      1549.00     0.308993
      1550.00     0.309225
      1551.00     0.309457
      1552.00     0.309690
      1553.00     0.310562
      1554.00     0.311435
      1555.00     0.312308
      1556.00     0.313180
      1557.00     0.313690
      1558.00     0.314200
      1559.00     0.314710
      1560.00     0.315220
      1561.00     0.315595
      1562.00     0.315970
      1563.00     0.316345
      1564.00     0.316720
      1565.00     0.316858
      1566.00     0.316995
      1567.00     0.317132
      1568.00     0.317270
      1569.00     0.316107
      1570.00     0.314945
      1571.00     0.313782
      1572.00     0.312620
      1573.00     0.312853
      1574.00     0.313085
      1575.00     0.313317
      1576.00     0.313550
      1577.00     0.313650
      1578.00     0.313750
      1579.00     0.313850
      1580.00     0.313950
      1581.00     0.314788
      1582.00     0.315625
      1583.00     0.316462
      1584.00     0.317300
      1585.00     0.317955
      1586.00     0.318610
      1587.00     0.319265
      1588.00     0.319920
      1589.00     0.319025
      1590.00     0.318130
      1591.00     0.317235
      1592.00     0.316340
      1593.00     0.316785
      1594.00     0.317230
      1595.00     0.317675
      1596.00     0.318120
      1597.00     0.318137
      1598.00     0.318155
      1599.00     0.318173
      1600.00     0.318190
      1601.00     0.318413
      1602.00     0.318635
      1603.00     0.318857
      1604.00     0.319080
      1605.00     0.319402
      1606.00     0.319725
      1607.00     0.320047
      1608.00     0.320370
      1609.00     0.320750
      1610.00     0.321130
      1611.00     0.321510
      1612.00     0.321890
      1613.00     0.321985
      1614.00     0.322080
      1615.00     0.322175
      1616.00     0.322270
      1617.00     0.322810
      1618.00     0.323350
      1619.00     0.323890
      1620.00     0.324430
      1621.00     0.324600
      1622.00     0.324770
      1623.00     0.324940
      1624.00     0.325110
      1625.00     0.325753
      1626.00     0.326395
      1627.00     0.327038
      1628.00     0.327680
      1629.00     0.328085
      1630.00     0.328490
      1631.00     0.328895
      1632.00     0.329300
      1633.00     0.329068
      1634.00     0.328835
      1635.00     0.328602
      1636.00     0.328370
      1637.00     0.327888
      1638.00     0.327405
      1639.00     0.326923
      1640.00     0.326440
      1641.00     0.326768
      1642.00     0.327095
      1643.00     0.327423
      1644.00     0.327750
      1645.00     0.328235
      1646.00     0.328720
      1647.00     0.329205
      1648.00     0.329690
      1649.00     0.329652
      1650.00     0.329615
      1651.00     0.329578
      1652.00     0.329540
      1653.00     0.329285
      1654.00     0.329030
      1655.00     0.328775
      1656.00     0.328520
      1657.00     0.328692
      1658.00     0.328865
      1659.00     0.329038
      1660.00     0.329210
      1661.00     0.329270
      1662.00     0.329330
      1663.00     0.329390
      1664.00     0.329450
      1665.00     0.329025
      1666.00     0.328600
      1667.00     0.328175
      1668.00     0.327750
      1669.00     0.327885
      1670.00     0.328020
      1671.00     0.328155
      1672.00     0.328290
      1673.00     0.329802
      1674.00     0.331315
      1675.00     0.332827
      1676.00     0.334340
      1677.00     0.333350
      1678.00     0.332360
      1679.00     0.331370
      1680.00     0.330380
      1681.00     0.330222
      1682.00     0.330065
      1683.00     0.329907
      1684.00     0.329750
      1685.00     0.330247
      1686.00     0.330745
      1687.00     0.331243
      1688.00     0.331740
      1689.00     0.331315
      1690.00     0.330890
      1691.00     0.330465
      1692.00     0.330040
      1693.00     0.330890
      1694.00     0.331740
      1695.00     0.332590
      1696.00     0.333440
      1697.00     0.332980
      1698.00     0.332520
      1699.00     0.332060
      1700.00     0.331600
      1701.00     0.332285
      1702.00     0.332970
      1703.00     0.333655
      1704.00     0.334340
      1705.00     0.334472
      1706.00     0.334605
      1707.00     0.334737
      1708.00     0.334870
      1709.00     0.335465
      1710.00     0.336060
      1711.00     0.336655
      1712.00     0.337250
      1713.00     0.337515
      1714.00     0.337780
      1715.00     0.338045
      1716.00     0.338310
      1717.00     0.337642
      1718.00     0.336975
      1719.00     0.336307
      1720.00     0.335640
      1721.00     0.335262
      1722.00     0.334885
      1723.00     0.334507
      1724.00     0.334130
      1725.00     0.333422
      1726.00     0.332715
      1727.00     0.332008
      1728.00     0.331300
      1729.00     0.331668
      1730.00     0.332035
      1731.00     0.332402
      1732.00     0.332770
      1733.00     0.332902
      1734.00     0.333035
      1735.00     0.333168
      1736.00     0.333300
      1737.00     0.333548
      1738.00     0.333795
      1739.00     0.334042
      1740.00     0.334290
      1741.00     0.334620
      1742.00     0.334950
      1743.00     0.335280
      1744.00     0.335610
      1745.00     0.335478
      1746.00     0.335345
      1747.00     0.335212
      1748.00     0.335080
      1749.00     0.334815
      1750.00     0.334550
      1751.00     0.334285
      1752.00     0.334020
      1753.00     0.333555
      1754.00     0.333090
      1755.00     0.332625
      1756.00     0.332160
      1757.00     0.332160
      1758.00     0.332160
      1759.00     0.332160
      1760.00     0.332160
      1761.00     0.332525
      1762.00     0.332890
      1763.00     0.333255
      1764.00     0.333620
      1765.00     0.333985
      1766.00     0.334350
      1767.00     0.334715
      1768.00     0.335080
      1769.00     0.335312
      1770.00     0.335545
      1771.00     0.335778
      1772.00     0.336010
      1773.00     0.336208
      1774.00     0.336405
      1775.00     0.336603
      1776.00     0.336800
      1777.00     0.337230
      1778.00     0.337660
      1779.00     0.338090
      1780.00     0.338520
      1781.00     0.337990
      1782.00     0.337460
      1783.00     0.336930
      1784.00     0.336400
      1785.00     0.336798
      1786.00     0.337195
      1787.00     0.337592
      1788.00     0.337990
      1789.00     0.337757
      1790.00     0.337525
      1791.00     0.337292
      1792.00     0.337060
      1793.00     0.337525
      1794.00     0.337990
      1795.00     0.338455
      1796.00     0.338920
      1797.00     0.338620
      1798.00     0.338320
      1799.00     0.338020
      1800.00     0.337720
      1801.00     0.338715
      1802.00     0.339710
      1803.00     0.340705
      1804.00     0.341700
      1805.00     0.341105
      1806.00     0.340510
      1807.00     0.339915
      1808.00     0.339320
      1809.00     0.339583
      1810.00     0.339845
      1811.00     0.340108
      1812.00     0.340370
      1813.00     0.340703
      1814.00     0.341035
      1815.00     0.341367
      1816.00     0.341700
      1817.00     0.341367
      1818.00     0.341035
      1819.00     0.340703
      1820.00     0.340370
      1821.00     0.340370
      1822.00     0.340370
      1823.00     0.340370
      1824.00     0.340370
      1825.00     0.340407
      1826.00     0.340445
      1827.00     0.340483
      1828.00     0.340520
      1829.00     0.339920
      1830.00     0.339320
      1831.00     0.338720
      1832.00     0.338120
      1833.00     0.337588
      1834.00     0.337055
      1835.00     0.336522
      1836.00     0.335990
      1837.00     0.336040
      1838.00     0.336090
      1839.00     0.336140
      1840.00     0.336190
      1841.00     0.336957
      1842.00     0.337725
      1843.00     0.338492
      1844.00     0.339260
      1845.00     0.339982
      1846.00     0.340705
      1847.00     0.341428
      1848.00     0.342150
      1849.00     0.343063
      1850.00     0.343975
      1851.00     0.344887
      1852.00     0.345800
      1853.00     0.345230
      1854.00     0.344660
      1855.00     0.344090
      1856.00     0.343520
      1857.00     0.340945
      1858.00     0.338370
      1859.00     0.335795
      1860.00     0.333220
      1861.00     0.329902
      1862.00     0.326585
      1863.00     0.323268
      1864.00     0.319950
      1865.00     0.316825
      1866.00     0.313700
      1867.00     0.310575
      1868.00     0.307450
      1869.00     0.304682
      1870.00     0.301915
      1871.00     0.299148
      1872.00     0.296380
      1873.00     0.294195
      1874.00     0.292010
      1875.00     0.289825
      1876.00     0.287640
      1877.00     0.283718
      1878.00     0.279795
      1879.00     0.275872
      1880.00     0.271950
      1881.00     0.267365
      1882.00     0.262780
      1883.00     0.258195
      1884.00     0.253610
      1885.00     0.249380
      1886.00     0.245150
      1887.00     0.240920
      1888.00     0.236690
      1889.00     0.232482
      1890.00     0.228275
      1891.00     0.224068
      1892.00     0.219860
      1893.00     0.216503
      1894.00     0.213145
      1895.00     0.209788
      1896.00     0.206430
      1897.00     0.204035
      1898.00     0.201640
      1899.00     0.199245
      1900.00     0.196850
      1901.00     0.195150
      1902.00     0.193450
      1903.00     0.191750
      1904.00     0.190050
      1905.00     0.189635
      1906.00     0.189220
      1907.00     0.188805
      1908.00     0.188390
      1909.00     0.190233
      1910.00     0.192075
      1911.00     0.193917
      1912.00     0.195760
      1913.00     0.197148
      1914.00     0.198535
      1915.00     0.199923
      1916.00     0.201310
      1917.00     0.203178
      1918.00     0.205045
      1919.00     0.206913
      1920.00     0.208780
      1921.00     0.209678
      1922.00     0.210575
      1923.00     0.211472
      1924.00     0.212370
      1925.00     0.213762
      1926.00     0.215155
      1927.00     0.216548
      1928.00     0.217940
      1929.00     0.219148
      1930.00     0.220355
      1931.00     0.221563
      1932.00     0.222770
      1933.00     0.224293
      1934.00     0.225815
      1935.00     0.227337
      1936.00     0.228860
      1937.00     0.229447
      1938.00     0.230035
      1939.00     0.230623
      1940.00     0.231210
      1941.00     0.232248
      1942.00     0.233285
      1943.00     0.234323
      1944.00     0.235360
      1945.00     0.236395
      1946.00     0.237430
      1947.00     0.238465
      1948.00     0.239500
      1949.00     0.239898
      1950.00     0.240295
      1951.00     0.240692
      1952.00     0.241090
      1953.00     0.241880
      1954.00     0.242670
      1955.00     0.243460
      1956.00     0.244250
      1957.00     0.245440
      1958.00     0.246630
      1959.00     0.247820
      1960.00     0.249010
      1961.00     0.250282
      1962.00     0.251555
      1963.00     0.252827
      1964.00     0.254100
      1965.00     0.254505
      1966.00     0.254910
      1967.00     0.255315
      1968.00     0.255720
      1969.00     0.256845
      1970.00     0.257970
      1971.00     0.259095
      1972.00     0.260220
      1973.00     0.261740
      1974.00     0.263260
      1975.00     0.264780
      1976.00     0.266300
      1977.00     0.267672
      1978.00     0.269045
      1979.00     0.270418
      1980.00     0.271790
      1981.00     0.272772
      1982.00     0.273755
      1983.00     0.274738
      1984.00     0.275720
      1985.00     0.276682
      1986.00     0.277645
      1987.00     0.278608
      1988.00     0.279570
      1989.00     0.280030
      1990.00     0.280490
      1991.00     0.280950
      1992.00     0.281410
      1993.00     0.282838
      1994.00     0.284265
      1995.00     0.285692
      1996.00     0.287120
      1997.00     0.287520
      1998.00     0.287920
      1999.00     0.288320
      2000.00     0.288720
      2001.00     0.289945
      2002.00     0.291170
      2003.00     0.292395
      2004.00     0.293620
      2005.00     0.294528
      2006.00     0.295435
      2007.00     0.296343
      2008.00     0.297250
      2009.00     0.298453
      2010.00     0.299655
      2011.00     0.300857
      2012.00     0.302060
      2013.00     0.302972
      2014.00     0.303885
      2015.00     0.304797
      2016.00     0.305710
      2017.00     0.306820
      2018.00     0.307930
      2019.00     0.309040
      2020.00     0.310150
      2021.00     0.311173
      2022.00     0.312195
      2023.00     0.313218
      2024.00     0.314240
      2025.00     0.314528
      2026.00     0.314815
      2027.00     0.315102
      2028.00     0.315390
      2029.00     0.316170
      2030.00     0.316950
      2031.00     0.317730
      2032.00     0.318510
      2033.00     0.318852
      2034.00     0.319195
      2035.00     0.319537
      2036.00     0.319880
      2037.00     0.320025
      2038.00     0.320170
      2039.00     0.320315
      2040.00     0.320460
      2041.00     0.321248
      2042.00     0.322035
      2043.00     0.322823
      2044.00     0.323610
      2045.00     0.324095
      2046.00     0.324580
      2047.00     0.325065
      2048.00     0.325550
      2049.00     0.326203
      2050.00     0.326855
      2051.00     0.327507
      2052.00     0.328160
      2053.00     0.328263
      2054.00     0.328365
      2055.00     0.328467
      2056.00     0.328570
      2057.00     0.329125
      2058.00     0.329680
      2059.00     0.330235
      2060.00     0.330790
      2061.00     0.331110
      2062.00     0.331430
      2063.00     0.331750
      2064.00     0.332070
      2065.00     0.332145
      2066.00     0.332220
      2067.00     0.332295
      2068.00     0.332370
      2069.00     0.332025
      2070.00     0.331680
      2071.00     0.331335
      2072.00     0.330990
      2073.00     0.332343
      2074.00     0.333695
      2075.00     0.335047
      2076.00     0.336400
      2077.00     0.336400
      2078.00     0.336400
      2079.00     0.336400
      2080.00     0.336063
      2081.00     0.335417
      2082.00     0.337870
      2083.00     0.337144
      2084.00     0.337393
      2085.00     0.337230
      2086.00     0.337149
      2087.00     0.337160
      2088.00     0.337301
      2089.00     0.337499
      2090.00     0.337641
      2091.00     0.337757
      2092.00     0.337860
      2093.00     0.338044
      2094.00     0.338305
      2095.00     0.338620
      2096.00     0.338926
      2097.00     0.339195
      2098.00     0.339390
      2099.00     0.339581
      2100.00     0.339746
      2101.00     0.339918
      2102.00     0.340073
      2103.00     0.340260
      2104.00     0.340450
      2105.00     0.340641
      2106.00     0.340780
      2107.00     0.340830
      2108.00     0.340763
      2109.00     0.340607
      2110.00     0.340440
      2111.00     0.340361
      2112.00     0.340468
      2113.00     0.340747
      2114.00     0.341093
      2115.00     0.341410
      2116.00     0.341530
      2117.00     0.341374
      2118.00     0.341093
      2119.00     0.340845
      2120.00     0.340830
      2121.00     0.341132
      2122.00     0.341780
      2123.00     0.342483
      2124.00     0.343077
      2125.00     0.343440
      2126.00     0.343529
      2127.00     0.343433
      2128.00     0.343241
      2129.00     0.343060
      2130.00     0.342918
      2131.00     0.342803
      2132.00     0.342741
      2133.00     0.342774
      2134.00     0.342923
      2135.00     0.343198
      2136.00     0.343580
      2137.00     0.343903
      2138.00     0.344106
      2139.00     0.344130
      2140.00     0.343950
      2141.00     0.343577
      2142.00     0.343100
      2143.00     0.342556
      2144.00     0.342020
      2145.00     0.341565
      2146.00     0.341230
      2147.00     0.341036
      2148.00     0.340958
      2149.00     0.340933
      2150.00     0.340891
      2151.00     0.340791
      2152.00     0.340600
      2153.00     0.340304
      2154.00     0.339936
      2155.00     0.339497
      2156.00     0.339001
      2157.00     0.338457
      2158.00     0.337877
      2159.00     0.337257
      2160.00     0.336597
      2161.00     0.335920
      2162.00     0.335270
      2163.00     0.334686
      2164.00     0.334190
      2165.00     0.333783
      2166.00     0.333411
      2167.00     0.332973
      2168.00     0.332371
      2169.00     0.331556
      2170.00     0.330570
      2171.00     0.329521
      2172.00     0.328563
      2173.00     0.327773
      2174.00     0.327144
      2175.00     0.326584
      2176.00     0.325946
      2177.00     0.325183
      2178.00     0.324302
      2179.00     0.323347
      2180.00     0.322400
      2181.00     0.321620
      2182.00     0.320823
      2183.00     0.320052
      2184.00     0.319237
      2185.00     0.318354
      2186.00     0.317376
      2187.00     0.316226
      2188.00     0.315017
      2189.00     0.313887
      2190.00     0.312782
      2191.00     0.311760
      2192.00     0.310880
      2193.00     0.310210
      2194.00     0.309559
      2195.00     0.308952
      2196.00     0.308381
      2197.00     0.307827
      2198.00     0.307216
      2199.00     0.306615
      2200.00     0.305953
      2201.00     0.305160
      2202.00     0.304301
      2203.00     0.303278
      2204.00     0.302144
      2205.00     0.301130
      2206.00     0.300160
      2207.00     0.299530
      2208.00     0.299212
      2209.00     0.299304
      2210.00     0.299753
      2211.00     0.300581
      2212.00     0.301667
      2213.00     0.303036
      2214.00     0.304528
      2215.00     0.306075
      2216.00     0.307539
      2217.00     0.308863
      2218.00     0.309825
      2219.00     0.310562
      2220.00     0.311060
      2221.00     0.311470
      2222.00     0.311825
      2223.00     0.312202
      2224.00     0.312670
      2225.00     0.313130
      2226.00     0.313660
      2227.00     0.314171
      2228.00     0.314776
      2229.00     0.315376
      2230.00     0.316024
      2231.00     0.316583
      2232.00     0.317063
      2233.00     0.317394
      2234.00     0.317551
      2235.00     0.317585
      2236.00     0.317565
      2237.00     0.317561
      2238.00     0.317630
      2239.00     0.317772
      2240.00     0.318000
      2241.00     0.318255
      2242.00     0.318526
      2243.00     0.318799
      2244.00     0.319113
      2245.00     0.319460
      2246.00     0.319858
      2247.00     0.320349
      2248.00     0.320868
      2249.00     0.321406
      2250.00     0.321946
      2251.00     0.322490
      2252.00     0.322920
      2253.00     0.323310
      2254.00     0.323660
      2255.00     0.323980
      2256.00     0.324295
      2257.00     0.324540
      2258.00     0.324736
      2259.00     0.324894
      2260.00     0.325036
      2261.00     0.325202
      2262.00     0.325430
      2263.00     0.325688
      2264.00     0.325976
      2265.00     0.326248
      2266.00     0.326470
      2267.00     0.326604
      2268.00     0.326660
      2269.00     0.326644
      2270.00     0.326554
      2271.00     0.326418
      2272.00     0.326256
      2273.00     0.326082
      2274.00     0.325888
      2275.00     0.325680
      2276.00     0.325471
      2277.00     0.325226
      2278.00     0.324937
      2279.00     0.324627
      2280.00     0.324312
      2281.00     0.323978
      2282.00     0.323674
      2283.00     0.323402
      2284.00     0.323164
      2285.00     0.322934
      2286.00     0.322702
      2287.00     0.322462
      2288.00     0.322220
      2289.00     0.321972
      2290.00     0.321732
      2291.00     0.321496
      2292.00     0.321284
      2293.00     0.321102
      2294.00     0.320919
      2295.00     0.320705
      2296.00     0.320447
      2297.00     0.320105
      2298.00     0.319651
      2299.00     0.319160
      2300.00     0.318560
      2301.00     0.317940
      2302.00     0.317350
      2303.00     0.316820
      2304.00     0.316375
      2305.00     0.315925
      2306.00     0.315493
      2307.00     0.315081
      2308.00     0.314705
      2309.00     0.314326
      2310.00     0.313946
      2311.00     0.313586
      2312.00     0.313172
      2313.00     0.312690
      2314.00     0.312190
      2315.00     0.311642
      2316.00     0.311068
      2317.00     0.310529
      2318.00     0.309990
      2319.00     0.309420
      2320.00     0.308844
      2321.00     0.308240
      2322.00     0.307582
      2323.00     0.306944
      2324.00     0.306344
      2325.00     0.305749
      2326.00     0.305196
      2327.00     0.304576
      2328.00     0.303940
      2329.00     0.303137
      2330.00     0.302310
      2331.00     0.301310
      2332.00     0.300374
      2333.00     0.299371
      2334.00     0.298493
      2335.00     0.297624
      2336.00     0.296875
      2337.00     0.296163
      2338.00     0.295536
      2339.00     0.294952
      2340.00     0.294442
      2341.00     0.293975
      2342.00     0.293535
      2343.00     0.293090
      2344.00     0.292586
      2345.00     0.292056
      2346.00     0.291446
      2347.00     0.290739
      2348.00     0.290087
      2349.00     0.289460
      2350.00     0.288850
      2351.00     0.288395
      2352.00     0.288015
      2353.00     0.287652
      2354.00     0.287333
      2355.00     0.287017
      2356.00     0.286674
      2357.00     0.286323
      2358.00     0.285973
      2359.00     0.285611
      2360.00     0.285221
      2361.00     0.284789
      2362.00     0.284342
      2363.00     0.283846
      2364.00     0.283310
      2365.00     0.282680
      2366.00     0.282107
      2367.00     0.281543
      2368.00     0.280986
      2369.00     0.280438
      2370.00     0.279842
      2371.00     0.279235
      2372.00     0.278626
      2373.00     0.277995
      2374.00     0.277362
      2375.00     0.276744
      2376.00     0.276167
      2377.00     0.275640
      2378.00     0.275149
      2379.00     0.274650
      2380.00     0.274191
      2381.00     0.273758
      2382.00     0.273344
      2383.00     0.272962
      2384.00     0.272625
      2385.00     0.272335
      2386.00     0.272074
      2387.00     0.271814
      2388.00     0.271526
      2389.00     0.271190
      2390.00     0.270772
      2391.00     0.270305
      2392.00     0.269803
      2393.00     0.269313
      2394.00     0.268869
      2395.00     0.268483
      2396.00     0.268150
      2397.00     0.267855
      2398.00     0.267564
      2399.00     0.267200
      2400.00     0.266718
      2401.00     0.266122
      2402.00     0.265440
      2403.00     0.264708
      2404.00     0.263968
      2405.00     0.263259
      2406.00     0.262620
      2407.00     0.262046
      2408.00     0.261475
      2409.00     0.260920
      2410.00     0.260375
      2411.00     0.259821
      2412.00     0.259290
      2413.00     0.258731
      2414.00     0.258135
      2415.00     0.257512
      2416.00     0.256870
      2417.00     0.256226
      2418.00     0.255490
      2419.00     0.254708
      2420.00     0.253902
      2421.00     0.253160
      2422.00     0.252406
      2423.00     0.251647
      2424.00     0.250937
      2425.00     0.250266
      2426.00     0.249546
      2427.00     0.248810
      2428.00     0.248110
      2429.00     0.247345
      2430.00     0.246603
      2431.00     0.245840
      2432.00     0.245047
      2433.00     0.244293
      2434.00     0.243599
      2435.00     0.242890
      2436.00     0.242282
      2437.00     0.241687
      2438.00     0.241154
      2439.00     0.240641
      2440.00     0.240137
      2441.00     0.239643
      2442.00     0.239107
      2443.00     0.238583
      2444.00     0.238006
      2445.00     0.237477
      2446.00     0.236975
      2447.00     0.236538
      2448.00     0.236172
      2449.00     0.235862
      2450.00     0.235620
      2451.00     0.235347
      2452.00     0.235073
      2453.00     0.234733
      2454.00     0.234295
      2455.00     0.233760
      2456.00     0.233164
      2457.00     0.232486
      2458.00     0.231844
      2459.00     0.231278
      2460.00     0.230766
      2461.00     0.230385
      2462.00     0.230113
      2463.00     0.229907
      2464.00     0.229740
      2465.00     0.229504
      2466.00     0.229188
      2467.00     0.228775
      2468.00     0.228259
      2469.00     0.227677
      2470.00     0.227098
      2471.00     0.226540
      2472.00     0.226057
      2473.00     0.225647
      2474.00     0.225277
      2475.00     0.224954
      2476.00     0.224655
      2477.00     0.224333
      2478.00     0.223958
      2479.00     0.223500
      2480.00     0.222981
      2481.00     0.222392
      2482.00     0.221780
      2483.00     0.221220
      2484.00     0.220720
      2485.00     0.220320
      2486.00     0.220007
      2487.00     0.219760
      2488.00     0.219553
      2489.00     0.219357
      2490.00     0.219140
      2491.00     0.218848
      2492.00     0.218490
      2493.00     0.218070
      2494.00     0.217610
      2495.00     0.217140
      2496.00     0.216690
      2497.00     0.216290
      2498.00     0.215937
      2499.00     0.215625
      2500.00     0.215333
